-12413.928292	5.0414771285102276e-03
-12389.682338	1.0531329989894143e-02
-12365.436385	1.7053900840026753e-02
-12341.190431	2.0758713916226242e-02
-12316.944477	2.9486829256499786e-02
-12292.698523	3.1109185500063981e-02
-12268.452570	3.2998321251818924e-02
-12244.206616	3.6787880269778771e-02
-12219.960662	4.0608076826960021e-02
-12195.714709	4.2302278995832818e-02
-12171.468755	4.2445791679553965e-02
-12147.222801	4.2762917085529498e-02
-12122.976848	4.4368073307074679e-02
-12098.730894	4.5645533275778492e-02
-12074.484940	4.9673205098564065e-02
-12050.238987	5.2834246645245810e-02
-12025.993033	5.8176286817317638e-02
-12001.747079	5.9630584512404411e-02
-11977.501125	6.1344674206736678e-02
-11953.255172	6.2318267119771259e-02
-11929.009218	6.4320994683610078e-02
-11904.763264	6.7310215176997729e-02
-11880.517311	7.4980708329893453e-02
-11856.271357	7.6468510234538101e-02
-11832.025403	8.5211496427077732e-02
-11807.779450	8.5309142385414816e-02
-11783.533496	8.9194914026543531e-02
-11759.287542	9.0501219865508395e-02
-11735.041588	9.2028259320383887e-02
-11710.795635	9.5654418129163116e-02
-11686.549681	9.8720859554740303e-02
-11662.303727	1.0014846138231839e-01
-11638.057774	1.0125392113083205e-01
-11613.811820	1.0143541719651186e-01
-11589.565866	1.0292501077011679e-01
-11565.319913	1.0338815719635792e-01
-11541.073959	1.1160546771614473e-01
-11516.828005	1.1435514206972387e-01
-11492.582052	1.1532783914834388e-01
-11468.336098	1.1829125960890288e-01
-11444.090144	1.1915000654163924e-01
-11419.844190	1.2079762531765499e-01
-11395.598237	1.2178089324314156e-01
-11371.352283	1.2364064562407279e-01
-11347.106329	1.2543822709207694e-01
-11322.860376	1.2593756523135008e-01
-11298.614422	1.3119862196677057e-01
-11274.368468	1.3358637919034189e-01
-11250.122515	1.3961731607806116e-01
-11225.876561	1.4038845039863226e-01
-11201.630607	1.4270346586240995e-01
-11177.384653	1.4387145485771735e-01
-11153.138700	1.4738581352361002e-01
-11128.892746	1.4796613509989481e-01
-11104.646792	1.4814655616421060e-01
-11080.400839	1.5187484010397917e-01
-11056.154885	1.5429950570813547e-01
-11031.908931	1.5457273522460177e-01
-11007.662978	1.5460946443829068e-01
-10983.417024	1.5735161378223600e-01
-10959.171070	1.5755174320511656e-01
-10934.925117	1.6090252249492154e-01
-10910.679163	1.6469996485656291e-01
-10886.433209	1.6527437392527827e-01
-10862.187255	1.6848719470512979e-01
-10837.941302	1.6917770392248133e-01
-10813.695348	1.7509858872817116e-01
-10789.449394	1.7622066402602429e-01
-10765.203441	1.7631011789512152e-01
-10740.957487	1.7701438497469116e-01
-10716.711533	1.7832947311978922e-01
-10692.465580	1.8212886033054282e-01
-10668.219626	1.8316047207946892e-01
-10643.973672	1.8345277002038893e-01
-10619.727718	1.8506669811924045e-01
-10595.481765	1.8699039799993608e-01
-10571.235811	1.8820318525076118e-01
-10546.989857	1.8876409516255788e-01
-10522.743904	1.9241089964638716e-01
-10498.497950	1.9247143394877222e-01
-10474.251996	1.9284361537476807e-01
-10450.006043	1.9382579159389504e-01
-10425.760089	1.9602726432134535e-01
-10401.514135	1.9640575665786197e-01
-10377.268182	1.9891439180467446e-01
-10353.022228	2.0052605968595416e-01
-10328.776274	2.0112606553056631e-01
-10304.530320	2.0176702891697398e-01
-10280.284367	2.0444186973781803e-01
-10256.038413	2.0546138300755937e-01
-10231.792459	2.0564946685632476e-01
-10207.546506	2.0628576956767644e-01
-10183.300552	2.0762143376073974e-01
-10159.054598	2.0848296869079089e-01
-10134.808645	2.1267798161397078e-01
-10110.562691	2.1653214467832718e-01
-10086.316737	2.1858374958461491e-01
-10062.070784	2.1892570362609395e-01
-10037.824830	2.2056110510107316e-01
-10013.578876	2.2095876599618788e-01
-9989.332922	2.2252516195587627e-01
-9965.086969	2.2304506002975105e-01
-9940.841015	2.2451731779423065e-01
-9916.595061	2.2649265027743073e-01
-9892.349108	2.2656093977821679e-01
-9868.103154	2.2679731571069775e-01
-9843.857200	2.2700769464061027e-01
-9819.611247	2.2856805445993092e-01
-9795.365293	2.2904079008397105e-01
-9771.119339	2.2932264918385317e-01
-9746.873385	2.3011658130528725e-01
-9722.627432	2.3208140436753971e-01
-9698.381478	2.3256623670860932e-01
-9674.135524	2.3322138172356519e-01
-9649.889571	2.3407039523670203e-01
-9625.643617	2.3609857847793983e-01
-9601.397663	2.3622692182149424e-01
-9577.151710	2.3659996982097653e-01
-9552.905756	2.3670485291898694e-01
-9528.659802	2.3672014230399233e-01
-9504.413849	2.3840455158529750e-01
-9480.167895	2.3846721192268908e-01
-9455.921941	2.3854440509231789e-01
-9431.675987	2.3948140829881640e-01
-9407.430034	2.4005954978088051e-01
-9383.184080	2.4366068152130504e-01
-9358.938126	2.4388984378764034e-01
-9334.692173	2.4399942775093278e-01
-9310.446219	2.4420716476535709e-01
-9286.200265	2.4426538673071016e-01
-9261.954312	2.4430584857175067e-01
-9237.708358	2.4497696694575563e-01
-9213.462404	2.4556280410762685e-01
-9189.216450	2.4613097813380741e-01
-9164.970497	2.4615536393506088e-01
-9140.724543	2.4696499069510636e-01
-9116.478589	2.4738896295528240e-01
-9092.232636	2.4811221651943019e-01
-9067.986682	2.4858043683595588e-01
-9043.740728	2.4933734695235188e-01
-9019.494775	2.4978310529596404e-01
-8995.248821	2.4996203483159118e-01
-8971.002867	2.5159958067001476e-01
-8946.756914	2.5162717967368897e-01
-8922.510960	2.5170157653303127e-01
-8898.265006	2.5189533615399129e-01
-8874.019052	2.5199888014263749e-01
-8849.773099	2.5236034281140657e-01
-8825.527145	2.5356585838795964e-01
-8801.281191	2.5406019490451248e-01
-8777.035238	2.5407831403737080e-01
-8752.789284	2.5408623746720049e-01
-8728.543330	2.5429519096149111e-01
-8704.297377	2.5497939649893303e-01
-8680.051423	2.5511297821367279e-01
-8655.805469	2.5519944701496128e-01
-8631.559515	2.5624114499553879e-01
-8607.313562	2.5656717744298890e-01
-8583.067608	2.5679618732128068e-01
-8558.821654	2.5743430007179852e-01
-8534.575701	2.5762391186632411e-01
-8510.329747	2.5792958881054501e-01
-8486.083793	2.5899944466476432e-01
-8461.837840	2.5927821414795815e-01
-8437.591886	2.5931621371837493e-01
-8413.345932	2.5946269130397281e-01
-8389.099979	2.5990537366075694e-01
-8364.854025	2.6030381516289169e-01
-8340.608071	2.6098953207033893e-01
-8316.362117	2.6130232396968789e-01
-8292.116164	2.6225037651948413e-01
-8267.870210	2.6311722903916768e-01
-8243.624256	2.6331101455948613e-01
-8219.378303	2.6341896656864822e-01
-8195.132349	2.6357917453720353e-01
-8170.886395	2.6472718552597779e-01
-8146.640442	2.6479293031158724e-01
-8122.394488	2.6510766448022610e-01
-8098.148534	2.6514922162219140e-01
-8073.902581	2.6541244122772162e-01
-8049.656627	2.6581665738516147e-01
-8025.410673	2.6589983447362703e-01
-8001.164719	2.6593476389004328e-01
-7976.918766	2.6633367916980755e-01
-7952.672812	2.6661426744597927e-01
-7928.426858	2.6702824130808828e-01
-7904.180905	2.6717843529660018e-01
-7879.934951	2.6747301648590460e-01
-7855.688997	2.6750879450406445e-01
-7831.443044	2.6761924234665113e-01
-7807.197090	2.6802443896455036e-01
-7782.951136	2.6819319247649709e-01
-7758.705182	2.6850491159688211e-01
-7734.459229	2.6871509154006962e-01
-7710.213275	2.6878344183896979e-01
-7685.967321	2.6905763594844440e-01
-7661.721368	2.6913313529175870e-01
-7637.475414	2.6927111629739370e-01
-7613.229460	2.6933820953083792e-01
-7588.983507	2.6972292763637740e-01
-7564.737553	2.6987455139410138e-01
-7540.491599	2.6991965653461258e-01
-7516.245646	2.6999491877619503e-01
-7491.999692	2.7042611876641942e-01
-7467.753738	2.7049786029505590e-01
-7443.507784	2.7071263812382645e-01
-7419.261831	2.7109729977319080e-01
-7395.015877	2.7118310802571938e-01
-7370.769923	2.7149370562626662e-01
-7346.523970	2.7168162667503709e-01
-7322.278016	2.7264356347925300e-01
-7298.032062	2.7267348682530440e-01
-7273.786109	2.7270671383247447e-01
-7249.540155	2.7279272192782683e-01
-7225.294201	2.7316578922526502e-01
-7201.048247	2.7330742643310824e-01
-7176.802294	2.7344856406219958e-01
-7152.556340	2.7355030474024028e-01
-7128.310386	2.7356528152531784e-01
-7104.064433	2.7365613986323473e-01
-7079.818479	2.7375814381183189e-01
-7055.572525	2.7432535060327345e-01
-7031.326572	2.7439920817260283e-01
-7007.080618	2.7497973734055225e-01
-6982.834664	2.7515945903064870e-01
-6958.588711	2.7542977491463327e-01
-6934.342757	2.7576348230654135e-01
-6910.096803	2.7583367845056023e-01
-6885.850849	2.7620524922837719e-01
-6861.604896	2.7659671189254115e-01
-6837.358942	2.7705983780427484e-01
-6813.112988	2.7725629494885912e-01
-6788.867035	2.7726626874504934e-01
-6764.621081	2.7738694628331750e-01
-6740.375127	2.7750603804572310e-01
-6716.129174	2.7756020275038967e-01
-6691.883220	2.7778331205279305e-01
-6667.637266	2.7790249759794616e-01
-6643.391312	2.7806043898181942e-01
-6619.145359	2.7830952055230013e-01
-6594.899405	2.7833118783255012e-01
-6570.653451	2.7846142239446309e-01
-6546.407498	2.7883403523451072e-01
-6522.161544	2.7925823699204022e-01
-6497.915590	2.7938149964821707e-01
-6473.669637	2.7961865255787050e-01
-6449.423683	2.8079811836226182e-01
-6425.177729	2.8087077361338852e-01
-6400.931776	2.8093211874009139e-01
-6376.685822	2.8119772390742326e-01
-6352.439868	2.8121368669933133e-01
-6328.193914	2.8133325498643141e-01
-6303.947961	2.8158482855370381e-01
-6279.702007	2.8252881653545697e-01
-6255.456053	2.8276445123924215e-01
-6231.210100	2.8279089113864941e-01
-6206.964146	2.8290603836467165e-01
-6182.718192	2.8311945469879157e-01
-6158.472239	2.8365657255093307e-01
-6134.226285	2.8381712168120682e-01
-6109.980331	2.8395587132129391e-01
-6085.734377	2.8403341298918361e-01
-6061.488424	2.8416962955371411e-01
-6037.242470	2.8426845897664471e-01
-6012.996516	2.8441678068593151e-01
-5988.750563	2.8446235892030530e-01
-5964.504609	2.8459293391509533e-01
-5940.258655	2.8484537646304758e-01
-5916.012702	2.8486533666754860e-01
-5891.766748	2.8486922797006686e-01
-5867.520794	2.8488861602531618e-01
-5843.274841	2.8497867616147143e-01
-5819.028887	2.8521856590300848e-01
-5794.782933	2.8522450836828350e-01
-5770.536979	2.8543043335116436e-01
-5746.291026	2.8565811262037061e-01
-5722.045072	2.8578399389109327e-01
-5697.799118	2.8614865165294440e-01
-5673.553165	2.8615593495064506e-01
-5649.307211	2.8642880244880797e-01
-5625.061257	2.8669992513274312e-01
-5600.815304	2.8682797041349561e-01
-5576.569350	2.8714719828233504e-01
-5552.323396	2.8727243356445803e-01
-5528.077443	2.8741895433398984e-01
-5503.831489	2.8802168785880189e-01
-5479.585535	2.8804790682753934e-01
-5455.339581	2.8822586742280548e-01
-5431.093628	2.8824698231668411e-01
-5406.847674	2.8830660477132247e-01
-5382.601720	2.8836847528204074e-01
-5358.355767	2.8838334406531085e-01
-5334.109813	2.8850894547562866e-01
-5309.863859	2.8853765242125118e-01
-5285.617906	2.8866842109274010e-01
-5261.371952	2.8910850927847320e-01
-5237.125998	2.8912177761568703e-01
-5212.880044	2.8915294389715657e-01
-5188.634091	2.8920467778806508e-01
-5164.388137	2.8935347911966763e-01
-5140.142183	2.8980545282294790e-01
-5115.896230	2.9003288863729276e-01
-5091.650276	2.9029327291058249e-01
-5067.404322	2.9031856355419577e-01
-5043.158369	2.9032059376067287e-01
-5018.912415	2.9036872718617046e-01
-4994.666461	2.9039109878324321e-01
-4970.420508	2.9048343525430165e-01
-4946.174554	2.9065931498755293e-01
-4921.928600	2.9071509811281804e-01
-4897.682646	2.9081542095599855e-01
-4873.436693	2.9119173547678717e-01
-4849.190739	2.9122378394422421e-01
-4824.944785	2.9133666147328730e-01
-4800.698832	2.9147655615594936e-01
-4776.452878	2.9166851671123928e-01
-4752.206924	2.9167989156705693e-01
-4727.960971	2.9173242410925643e-01
-4703.715017	2.9175251014072290e-01
-4679.469063	2.9175852334569430e-01
-4655.223109	2.9175863812385022e-01
-4630.977156	2.9187170982883504e-01
-4606.731202	2.9195393273771941e-01
-4582.485248	2.9199997807957140e-01
-4558.239295	2.9205230878379163e-01
-4533.993341	2.9219533493427913e-01
-4509.747387	2.9251102820949643e-01
-4485.501434	2.9260852239492890e-01
-4461.255480	2.9261228778420151e-01
-4437.009526	2.9271571497976484e-01
-4412.763573	2.9299336082726279e-01
-4388.517619	2.9353171706109821e-01
-4364.271665	2.9362222663282900e-01
-4340.025711	2.9378010833543050e-01
-4315.779758	2.9380955138897547e-01
-4291.533804	2.9382685796120001e-01
-4267.287850	2.9383688140311431e-01
-4243.041897	2.9400240023150553e-01
-4218.795943	2.9408003833319402e-01
-4194.549989	2.9418077075942523e-01
-4170.304036	2.9438836254905437e-01
-4146.058082	2.9440196377903505e-01
-4121.812128	2.9446577182640782e-01
-4097.566174	2.9463642346462449e-01
-4073.320221	2.9469035369738106e-01
-4049.074267	2.9482615009539254e-01
-4024.828313	2.9483410848817904e-01
-4000.582360	2.9482412436014804e-01
-3976.336406	2.9486185589346037e-01
-3952.090452	2.9501289142623355e-01
-3927.844499	2.9502021150976138e-01
-3903.598545	2.9505466591304436e-01
-3879.352591	2.9509443155632620e-01
-3855.106638	2.9509945221512141e-01
-3830.860684	2.9519784519130149e-01
-3806.614730	2.9523638887566606e-01
-3782.368776	2.9532181112286038e-01
-3758.122823	2.9539820636506881e-01
-3733.876869	2.9545480536269564e-01
-3709.630915	2.9546461217348807e-01
-3685.384962	2.9547262121630474e-01
-3661.139008	2.9548163127188409e-01
-3636.893054	2.9552175546933646e-01
-3612.647101	2.9563590095686570e-01
-3588.401147	2.9575100398906951e-01
-3564.155193	2.9575886351424219e-01
-3539.909239	2.9583229621552337e-01
-3515.663286	2.9591614703936298e-01
-3491.417332	2.9597146075171754e-01
-3467.171378	2.9607928972670428e-01
-3442.925425	2.9613089982234014e-01
-3418.679471	2.9614866029452819e-01
-3394.433517	2.9633851646267428e-01
-3370.187564	2.9635909723543352e-01
-3345.941610	2.9645752118492963e-01
-3321.695656	2.9684554574811634e-01
-3297.449703	2.9686075897997288e-01
-3273.203749	2.9686906035447097e-01
-3248.957795	2.9692169351228165e-01
-3224.711841	2.9696651549718711e-01
-3200.465888	2.9703713237368490e-01
-3176.219934	2.9713448792993835e-01
-3151.973980	2.9718702064613550e-01
-3127.728027	2.9723346308675114e-01
-3103.482073	2.9726718964269072e-01
-3079.236119	2.9743724491236384e-01
-3054.990166	2.9773314106559262e-01
-3030.744212	2.9774288241214064e-01
-3006.498258	2.9777299862538237e-01
-2982.252305	2.9785030857809913e-01
-2958.006351	2.9790437661142849e-01
-2933.760397	2.9794234652083246e-01
-2909.514443	2.9795917420114298e-01
-2885.268490	2.9796754134253406e-01
-2861.022536	2.9804651933819615e-01
-2836.776582	2.9805016353467528e-01
-2812.530629	2.9804343653318749e-01
-2788.284675	2.9804383250308358e-01
-2764.038721	2.9804043005930092e-01
-2739.792768	2.9823480298646865e-01
-2715.546814	2.9842210341357950e-01
-2691.300860	2.9842812660816070e-01
-2667.054906	2.9841823706734660e-01
-2642.808953	2.9845213152892142e-01
-2618.562999	2.9859140859579314e-01
-2594.317045	2.9863582355887086e-01
-2570.071092	2.9872450898697783e-01
-2545.825138	2.9876237357932084e-01
-2521.579184	2.9877381450768958e-01
-2497.333231	2.9876925822923572e-01
-2473.087277	2.9879353968614047e-01
-2448.841323	2.9887543611742018e-01
-2424.595370	2.9904723779718867e-01
-2400.349416	2.9906661429152259e-01
-2376.103462	2.9913222479662421e-01
-2351.857508	2.9914587341479387e-01
-2327.611555	2.9914916613224601e-01
-2303.365601	2.9916950150078297e-01
-2279.119647	2.9918793181521219e-01
-2254.873694	2.9924704397291318e-01
-2230.627740	2.9927323953398416e-01
-2206.381786	2.9927027334066703e-01
-2182.135833	2.9930834357719793e-01
-2157.889879	2.9933011515152524e-01
-2133.643925	2.9940852595922046e-01
-2109.397971	2.9945866191551934e-01
-2085.152018	2.9950358536902627e-01
-2060.906064	2.9953361229005737e-01
-2036.660110	2.9953555091119510e-01
-2012.414157	2.9955415216568276e-01
-1988.168203	2.9958472563189537e-01
-1963.922249	2.9959600443930123e-01
-1939.676296	2.9959457563426622e-01
-1915.430342	2.9967382102492962e-01
-1891.184388	2.9967771950184147e-01
-1866.938435	2.9967574983736450e-01
-1842.692481	2.9967953853259999e-01
-1818.446527	2.9968297638698499e-01
-1794.200573	2.9965866299266258e-01
-1769.954620	2.9965485575269779e-01
-1745.708666	2.9965439347922829e-01
-1721.462712	2.9966306027213596e-01
-1697.216759	2.9969011400708900e-01
-1672.970805	2.9970957418785460e-01
-1648.724851	2.9972949886478301e-01
-1624.478898	2.9973665502809849e-01
-1600.232944	2.9975756898899847e-01
-1575.986990	2.9976790527645275e-01
-1551.741036	2.9979649676540332e-01
-1527.495083	2.9985732436234241e-01
-1503.249129	2.9985729818092682e-01
-1479.003175	2.9991642236228655e-01
-1454.757222	2.9991722733928100e-01
-1430.511268	2.9993556174475033e-01
-1406.265314	2.9996234708400071e-01
-1382.019361	3.0000051418478946e-01
-1357.773407	2.9999581189194763e-01
-1333.527453	2.9999029146532591e-01
-1309.281500	2.9996388595971374e-01
-1285.035546	2.9996848633350437e-01
-1260.789592	2.9997935115265079e-01
-1236.543638	3.0004447054521738e-01
-1212.297685	3.0005925102250613e-01
-1188.051731	3.0010580991555369e-01
-1163.805777	3.0010554117216753e-01
-1139.559824	3.0010655395378283e-01
-1115.313870	3.0012764278128706e-01
-1091.067916	3.0011156576340525e-01
-1066.821963	3.0011684414872464e-01
-1042.576009	3.0010408960966795e-01
-1018.330055	3.0012561654617703e-01
-994.084102	3.0011802706010587e-01
-969.838148	3.0016986138006868e-01
-945.592194	3.0021680822064201e-01
-921.346240	3.0031494787801710e-01
-897.100287	3.0031522185745257e-01
-872.854333	3.0030069690469302e-01
-848.608379	3.0031246064154654e-01
-824.362426	3.0032955616452228e-01
-800.116472	3.0032808931950289e-01
-775.870518	3.0032364623061514e-01
-751.624565	3.0037168980862927e-01
-727.378611	3.0037117648964518e-01
-703.132657	3.0034882548629127e-01
-678.886703	3.0033248891543252e-01
-654.640750	3.0033815627988281e-01
-630.394796	3.0035697711852027e-01
-606.148842	3.0033821328229032e-01
-581.902889	3.0037179265409836e-01
-557.656935	3.0039292312391980e-01
-533.410981	3.0038379978319590e-01
-509.165028	3.0047557543681619e-01
-484.919074	3.0053700722257898e-01
-460.673120	3.0055032608249493e-01
-436.427167	3.0057985310746732e-01
-412.181213	3.0059673689521571e-01
-387.935259	3.0057160685117990e-01
-363.689305	3.0057476277558293e-01
-339.443352	3.0056571291953876e-01
-315.197398	3.0053936818663468e-01
-290.951444	3.0054614592301521e-01
-266.705491	3.0056668146781806e-01
-242.459537	3.0057422876146817e-01
-218.213583	3.0058631956791948e-01
-193.967630	3.0058255010873569e-01
-169.721676	3.0054097223200127e-01
-145.475722	3.0055400874280441e-01
-121.229768	3.0054839145900852e-01
-96.983815	3.0054404993537975e-01
-72.737861	3.0053800890310362e-01
-48.491907	3.0055246520123741e-01
-24.245954	3.0054792344516051e-01
0.000000	3.0053714729932968e-01
24.245954	3.0046126568819143e-01
48.491907	3.0046716500695209e-01
72.737861	3.0045588344263180e-01
96.983815	3.0046394723893921e-01
121.229768	3.0042862841706097e-01
145.475722	3.0040747524993838e-01
169.721676	3.0041404609040129e-01
193.967630	3.0037627044897808e-01
218.213583	3.0035859636444856e-01
242.459537	3.0036965674324440e-01
266.705491	3.0036778771579331e-01
290.951444	3.0036707234280102e-01
315.197398	3.0035665767815256e-01
339.443352	3.0038921257940809e-01
363.689305	3.0035390617670643e-01
387.935259	3.0032465381665890e-01
412.181213	3.0031208409272980e-01
436.427167	3.0030014535118632e-01
460.673120	3.0028862017263569e-01
484.919074	3.0027885736596527e-01
509.165028	3.0025027780313202e-01
533.410981	3.0024739416749263e-01
557.656935	3.0025221103435201e-01
581.902889	3.0024069334383463e-01
606.148842	3.0023120116045021e-01
630.394796	3.0023505575423892e-01
654.640750	3.0023294467472278e-01
678.886703	3.0023813072142519e-01
703.132657	3.0019763574364272e-01
727.378611	3.0016962450621681e-01
751.624565	3.0015723080077028e-01
775.870518	3.0017721744462250e-01
800.116472	3.0020655973235510e-01
824.362426	3.0021414091794824e-01
848.608379	3.0022167217783807e-01
872.854333	3.0016054909226297e-01
897.100287	3.0018498550775163e-01
921.346240	3.0023332544805259e-01
945.592194	3.0022785767522098e-01
969.838148	3.0021175507559705e-01
994.084102	3.0017940549264266e-01
1018.330055	3.0007503309727485e-01
1042.576009	3.0006297676981480e-01
1066.821963	3.0007266914674591e-01
1091.067916	2.9996974006934296e-01
1115.313870	2.9996290468535680e-01
1139.559824	2.9996437960612726e-01
1163.805777	2.9984297959846107e-01
1188.051731	2.9977474281998062e-01
1212.297685	2.9977989556226725e-01
1236.543638	2.9973882773175475e-01
1260.789592	2.9974329947704925e-01
1285.035546	2.9972913021740111e-01
1309.281500	2.9956477505244578e-01
1333.527453	2.9957404364466617e-01
1357.773407	2.9959554205270250e-01
1382.019361	2.9956089600731062e-01
1406.265314	2.9950235129394992e-01
1430.511268	2.9930396486653560e-01
1454.757222	2.9914368835033900e-01
1479.003175	2.9910839872547523e-01
1503.249129	2.9909693963419504e-01
1527.495083	2.9908408726689623e-01
1551.741036	2.9907210825221719e-01
1575.986990	2.9909472766988904e-01
1600.232944	2.9901373056876956e-01
1624.478898	2.9894320700317567e-01
1648.724851	2.9891803704580316e-01
1672.970805	2.9883845812525212e-01
1697.216759	2.9879532181600171e-01
1721.462712	2.9869124212542147e-01
1745.708666	2.9871228954736995e-01
1769.954620	2.9870767540801579e-01
1794.200573	2.9868305799660583e-01
1818.446527	2.9864608698328415e-01
1842.692481	2.9866490052962980e-01
1866.938435	2.9862132352050186e-01
1891.184388	2.9858424267167621e-01
1915.430342	2.9858054712773008e-01
1939.676296	2.9856530521301006e-01
1963.922249	2.9851361822450073e-01
1988.168203	2.9843829759089208e-01
2012.414157	2.9828925694835812e-01
2036.660110	2.9815510264322187e-01
2060.906064	2.9812550877658345e-01
2085.152018	2.9811232062793086e-01
2109.397971	2.9808125759391640e-01
2133.643925	2.9806011512020336e-01
2157.889879	2.9804986300832270e-01
2182.135833	2.9804096955601256e-01
2206.381786	2.9804277815294461e-01
2230.627740	2.9802328634786196e-01
2254.873694	2.9802912159730238e-01
2279.119647	2.9801425592558217e-01
2303.365601	2.9802096355922031e-01
2327.611555	2.9803608581909702e-01
2351.857508	2.9805146928570975e-01
2376.103462	2.9802021147507773e-01
2400.349416	2.9796242867635520e-01
2424.595370	2.9790519310436336e-01
2448.841323	2.9789069869595020e-01
2473.087277	2.9782104582944469e-01
2497.333231	2.9751622217311841e-01
2521.579184	2.9751837423164096e-01
2545.825138	2.9749687220254467e-01
2570.071092	2.9743255369253080e-01
2594.317045	2.9735750884875095e-01
2618.562999	2.9730196360728772e-01
2642.808953	2.9702052757538094e-01
2667.054906	2.9699134481545331e-01
2691.300860	2.9696339810687528e-01
2715.546814	2.9696097155055046e-01
2739.792768	2.9682853626891509e-01
2764.038721	2.9675933084192829e-01
2788.284675	2.9674680011938931e-01
2812.530629	2.9653608792406494e-01
2836.776582	2.9638485003881493e-01
2861.022536	2.9613338451905369e-01
2885.268490	2.9591052504424781e-01
2909.514443	2.9573153464765017e-01
2933.760397	2.9573832979608344e-01
2958.006351	2.9571870774251724e-01
2982.252305	2.9549119397501450e-01
3006.498258	2.9541435497671520e-01
3030.744212	2.9540424474583699e-01
3054.990166	2.9538776039394254e-01
3079.236119	2.9536749090750508e-01
3103.482073	2.9535793136120436e-01
3127.728027	2.9513755506246803e-01
3151.973980	2.9508841270866587e-01
3176.219934	2.9504849948315726e-01
3200.465888	2.9504328947594888e-01
3224.711841	2.9468235527427600e-01
3248.957795	2.9466602967920802e-01
3273.203749	2.9464772226556690e-01
3297.449703	2.9460430281239797e-01
3321.695656	2.9458679972819501e-01
3345.941610	2.9455811186018821e-01
3370.187564	2.9436331549284411e-01
3394.433517	2.9427172209705910e-01
3418.679471	2.9424581756024681e-01
3442.925425	2.9418044740893939e-01
3467.171378	2.9396705407130713e-01
3491.417332	2.9389300401911062e-01
3515.663286	2.9373411657539444e-01
3539.909239	2.9364589662549606e-01
3564.155193	2.9363419808135888e-01
3588.401147	2.9358040485233272e-01
3612.647101	2.9354899194128647e-01
3636.893054	2.9297320602569910e-01
3661.139008	2.9291908753044632e-01
3685.384962	2.9288985444429511e-01
3709.630915	2.9227451708661417e-01
3733.876869	2.9224892944526693e-01
3758.122823	2.9206782095666900e-01
3782.368776	2.9193790046195262e-01
3806.614730	2.9180842754847952e-01
3830.860684	2.9179515709704967e-01
3855.106638	2.9173938947375683e-01
3879.352591	2.9166719284013332e-01
3903.598545	2.9149910420277236e-01
3927.844499	2.9126266739736151e-01
3952.090452	2.9120251528654417e-01
3976.336406	2.9119210432840648e-01
4000.582360	2.9117275232727496e-01
4024.828313	2.9117056665596841e-01
4049.074267	2.9116534973757607e-01
4073.320221	2.9083129132023144e-01
4097.566174	2.9082472819506916e-01
4121.812128	2.9077224432712095e-01
4146.058082	2.9074631305568915e-01
4170.304036	2.9075375819536903e-01
4194.549989	2.9067158531516035e-01
4218.795943	2.9064684850555406e-01
4243.041897	2.9028604332778707e-01
4267.287850	2.9001257721483958e-01
4291.533804	2.8991942900670736e-01
4315.779758	2.8978328381188573e-01
4340.025711	2.8932851241074115e-01
4364.271665	2.8932522623697743e-01
4388.517619	2.8884792721982799e-01
4412.763573	2.8876392891206032e-01
4437.009526	2.8829058510841393e-01
4461.255480	2.8823003602042546e-01
4485.501434	2.8819546367237814e-01
4509.747387	2.8815963192867089e-01
4533.993341	2.8806832966449086e-01
4558.239295	2.8801194030333738e-01
4582.485248	2.8788310012864476e-01
4606.731202	2.8781733914725821e-01
4630.977156	2.8779950143988031e-01
4655.223109	2.8774754750895781e-01
4679.469063	2.8720939909406423e-01
4703.715017	2.8671701998127680e-01
4727.960971	2.8651962464473901e-01
4752.206924	2.8635713788554273e-01
4776.452878	2.8611329597163915e-01
4800.698832	2.8548527873696494e-01
4824.944785	2.8491218006031155e-01
4849.190739	2.8480640887040026e-01
4873.436693	2.8444493958864175e-01
4897.682646	2.8405562803890977e-01
4921.928600	2.8402316782401094e-01
4946.174554	2.8400529348320769e-01
4970.420508	2.8371576033010204e-01
4994.666461	2.8363815675353760e-01
5018.912415	2.8358352027261136e-01
5043.158369	2.8327426833322394e-01
5067.404322	2.8309220138996738e-01
5091.650276	2.8276012067545214e-01
5115.896230	2.8247929965243135e-01
5140.142183	2.8182776686191285e-01
5164.388137	2.8136088894472427e-01
5188.634091	2.8129423122097769e-01
5212.880044	2.8102503057782879e-01
5237.125998	2.8099586182910641e-01
5261.371952	2.8089491942279754e-01
5285.617906	2.8087596866614406e-01
5309.863859	2.8073381857367413e-01
5334.109813	2.8071008312054918e-01
5358.355767	2.8070704023263221e-01
5382.601720	2.8057102797834382e-01
5406.847674	2.8000577965295614e-01
5431.093628	2.7936863952854291e-01
5455.339581	2.7856366469863497e-01
5479.585535	2.7801039783481646e-01
5503.831489	2.7787618792987423e-01
5528.077443	2.7739418269864391e-01
5552.323396	2.7729317706654599e-01
5576.569350	2.7696770706584717e-01
5600.815304	2.7693120939563487e-01
5625.061257	2.7672832802204350e-01
5649.307211	2.7657834086914729e-01
5673.553165	2.7614685411706030e-01
5697.799118	2.7600582122496226e-01
5722.045072	2.7529332107449711e-01
5746.291026	2.7530299086668086e-01
5770.536979	2.7527646383227417e-01
5794.782933	2.7522371443656107e-01
5819.028887	2.7501988961661178e-01
5843.274841	2.7486661835690396e-01
5867.520794	2.7483109988726112e-01
5891.766748	2.7475971784423081e-01
5916.012702	2.7469045102478279e-01
5940.258655	2.7444334121563974e-01
5964.504609	2.7412497623813603e-01
5988.750563	2.7367656823041331e-01
6012.996516	2.7360533724390812e-01
6037.242470	2.7330497267509457e-01
6061.488424	2.7238888959257451e-01
6085.734377	2.7236859551723036e-01
6109.980331	2.7235654776674195e-01
6134.226285	2.7227026461781728e-01
6158.472239	2.7152978699243030e-01
6182.718192	2.7142010473000705e-01
6206.964146	2.7126149510356218e-01
6231.210100	2.7075520057342056e-01
6255.456053	2.7023776405438815e-01
6279.702007	2.7020142435520084e-01
6303.947961	2.7001864658964714e-01
6328.193914	2.6846998540539857e-01
6352.439868	2.6839423866120149e-01
6376.685822	2.6782869654683733e-01
6400.931776	2.6705042082550140e-01
6425.177729	2.6643190906903447e-01
6449.423683	2.6567419562397127e-01
6473.669637	2.6533390367099974e-01
6497.915590	2.6432226922170837e-01
6522.161544	2.6402103371965113e-01
6546.407498	2.6360956167628063e-01
6570.653451	2.6349761103127434e-01
6594.899405	2.6327649941719239e-01
6619.145359	2.6294072197814894e-01
6643.391312	2.6291308865048629e-01
6667.637266	2.6237034189124808e-01
6691.883220	2.6230861626194668e-01
6716.129174	2.6180491518647914e-01
6740.375127	2.6093635729951958e-01
6764.621081	2.6067962359101787e-01
6788.867035	2.6023026092692586e-01
6813.112988	2.5974702627446267e-01
6837.358942	2.5952620588372877e-01
6861.604896	2.5930049574750008e-01
6885.850849	2.5915710288538285e-01
6910.096803	2.5897160304375860e-01
6934.342757	2.5890637831766633e-01
6958.588711	2.5856082142679587e-01
6982.834664	2.5832087181250696e-01
7007.080618	2.5774824649614275e-01
7031.326572	2.5768884988991764e-01
7055.572525	2.5616627564590438e-01
7079.818479	2.5533407354941906e-01
7104.064433	2.5476732607087144e-01
7128.310386	2.5363448194607285e-01
7152.556340	2.5344803581706554e-01
7176.802294	2.5328863768999493e-01
7201.048247	2.5313117017975517e-01
7225.294201	2.5308193850231475e-01
7249.540155	2.5098598425539459e-01
7273.786109	2.5072322073440850e-01
7298.032062	2.5047714897073065e-01
7322.278016	2.5039044591829385e-01
7346.523970	2.5019273914031831e-01
7370.769923	2.5016241514640081e-01
7395.015877	2.5013651009314886e-01
7419.261831	2.5011356941233309e-01
7443.507784	2.5004293802540239e-01
7467.753738	2.4960889096409231e-01
7491.999692	2.4954489817732156e-01
7516.245646	2.4947974814816667e-01
7540.491599	2.4943839732069317e-01
7564.737553	2.4934256422745946e-01
7588.983507	2.4908099456086275e-01
7613.229460	2.4895430505562546e-01
7637.475414	2.4886237297123831e-01
7661.721368	2.4867085520256380e-01
7685.967321	2.4857370386814975e-01
7710.213275	2.4854941258554197e-01
7734.459229	2.4848705498922782e-01
7758.705182	2.4810228105552620e-01
7782.951136	2.4798377988455075e-01
7807.197090	2.4788380410431898e-01
7831.443044	2.4779046493210682e-01
7855.688997	2.4758710411727358e-01
7879.934951	2.4745927400960493e-01
7904.180905	2.4695568864809631e-01
7928.426858	2.4671557158185353e-01
7952.672812	2.4657150653775714e-01
7976.918766	2.4654529363683200e-01
8001.164719	2.4634534765994107e-01
8025.410673	2.4623772206632677e-01
8049.656627	2.4612463864756207e-01
8073.902581	2.4593459461496658e-01
8098.148534	2.4582717134738630e-01
8122.394488	2.4576191333359029e-01
8146.640442	2.4569211975783287e-01
8170.886395	2.4561113196276821e-01
8195.132349	2.4546194950875172e-01
8219.378303	2.4528695752341845e-01
8243.624256	2.4496713288885941e-01
8267.870210	2.4489058969851488e-01
8292.116164	2.4466752705209951e-01
8316.362117	2.4452790088831614e-01
8340.608071	2.4445671717551573e-01
8364.854025	2.4442229919032796e-01
8389.099979	2.4433396217439066e-01
8413.345932	2.4386229238103488e-01
8437.591886	2.4376155558783499e-01
8461.837840	2.4321040583107387e-01
8486.083793	2.4318676718657453e-01
8510.329747	2.4302984968275479e-01
8534.575701	2.4249730786546922e-01
8558.821654	2.4185481997626446e-01
8583.067608	2.4165623139578618e-01
8607.313562	2.4145544171986946e-01
8631.559515	2.4117652374956045e-01
8655.805469	2.4075598730388617e-01
8680.051423	2.4071091792528362e-01
8704.297377	2.4044837612561076e-01
8728.543330	2.4006768323662731e-01
8752.789284	2.3986480122750933e-01
8777.035238	2.3939919609280402e-01
8801.281191	2.3891105949984143e-01
8825.527145	2.3871920720870238e-01
8849.773099	2.3860853452072794e-01
8874.019052	2.3823278718170077e-01
8898.265006	2.3814285591427742e-01
8922.510960	2.3783031274914615e-01
8946.756914	2.3777839443730420e-01
8971.002867	2.3759920525126887e-01
8995.248821	2.3746531662265305e-01
9019.494775	2.3725154903831680e-01
9043.740728	2.3720513475760471e-01
9067.986682	2.3655963156971299e-01
9092.232636	2.3652392763430100e-01
9116.478589	2.3642178780360770e-01
9140.724543	2.3622601698694487e-01
9164.970497	2.3575250603922249e-01
9189.216450	2.3550209158941882e-01
9213.462404	2.3547329681115775e-01
9237.708358	2.3538750961284813e-01
9261.954312	2.3532432161673203e-01
9286.200265	2.3529589061421710e-01
9310.446219	2.3471165359026361e-01
9334.692173	2.3461211123063416e-01
9358.938126	2.3361316356977518e-01
9383.184080	2.3300939126700940e-01
9407.430034	2.3275961275715248e-01
9431.675987	2.3258282801680930e-01
9455.921941	2.3255700495255904e-01
9480.167895	2.3157277552161146e-01
9504.413849	2.3127969316809782e-01
9528.659802	2.3112401662763196e-01
9552.905756	2.3088184563674904e-01
9577.151710	2.3000034449586129e-01
9601.397663	2.2972552003115704e-01
9625.643617	2.2930366988648127e-01
9649.889571	2.2909989829538435e-01
9674.135524	2.2894492561560598e-01
9698.381478	2.2889980723455208e-01
9722.627432	2.2820306237645702e-01
9746.873385	2.2811787242879586e-01
9771.119339	2.2752930001731353e-01
9795.365293	2.2646930252130928e-01
9819.611247	2.2586561672435682e-01
9843.857200	2.2537083779511122e-01
9868.103154	2.2514352630526968e-01
9892.349108	2.2500415586593459e-01
9916.595061	2.2378923771864920e-01
9940.841015	2.2372164712698611e-01
9965.086969	2.2346979513021376e-01
9989.332922	2.2295287309995548e-01
10013.578876	2.2249772180131641e-01
10037.824830	2.2207887788369124e-01
10062.070784	2.2128165956964729e-01
10086.316737	2.2123389809492242e-01
10110.562691	2.2095572910603342e-01
10134.808645	2.2091529092031156e-01
10159.054598	2.2075020423776814e-01
10183.300552	2.2063575317383813e-01
10207.546506	2.2053973087317724e-01
10231.792459	2.1875879471460691e-01
10256.038413	2.1760884268082725e-01
10280.284367	2.1725258385549562e-01
10304.530320	2.1652105045971989e-01
10328.776274	2.1602536380065970e-01
10353.022228	2.1547660969400334e-01
10377.268182	2.1469472363674522e-01
10401.514135	2.1419077410126092e-01
10425.760089	2.1395902256288832e-01
10450.006043	2.1350899157508463e-01
10474.251996	2.1333754402516733e-01
10498.497950	2.1181170393593199e-01
10522.743904	2.1028723667602556e-01
10546.989857	2.0802232792467135e-01
10571.235811	2.0758127213007396e-01
10595.481765	2.0688492313485501e-01
10619.727718	2.0511047306718655e-01
10643.973672	2.0288866389229465e-01
10668.219626	2.0142157073930628e-01
10692.465580	2.0117911187265078e-01
10716.711533	2.0090599083587643e-01
10740.957487	1.9982044418091532e-01
10765.203441	1.9924021948997803e-01
10789.449394	1.9815688125221512e-01
10813.695348	1.9692726031430080e-01
10837.941302	1.9687278185342438e-01
10862.187255	1.9668526881120998e-01
10886.433209	1.9652082339103083e-01
10910.679163	1.9599050177096541e-01
10934.925117	1.9509996799488871e-01
10959.171070	1.9473482545375426e-01
10983.417024	1.9067403238325750e-01
11007.662978	1.9005275703001795e-01
11031.908931	1.8996565844867572e-01
11056.154885	1.8843585289904966e-01
11080.400839	1.8795348595540015e-01
11104.646792	1.8708386677413236e-01
11128.892746	1.8596613627561140e-01
11153.138700	1.8269912371006072e-01
11177.384653	1.8263790488811152e-01
11201.630607	1.8124436339391503e-01
11225.876561	1.8108546129935033e-01
11250.122515	1.7880575362788234e-01
11274.368468	1.7458252535844479e-01
11298.614422	1.7407970422824007e-01
11322.860376	1.6899793098608532e-01
11347.106329	1.6888043138199443e-01
11371.352283	1.6527487163758775e-01
11395.598237	1.6464879394686530e-01
11419.844190	1.6337565212119873e-01
11444.090144	1.6326636680221152e-01
11468.336098	1.6307687760829123e-01
11492.582052	1.6186134037191802e-01
11516.828005	1.5988537955768467e-01
11541.073959	1.5979108809949061e-01
11565.319913	1.5935141754873461e-01
11589.565866	1.5875778361452519e-01
11613.811820	1.5757138143402916e-01
11638.057774	1.5704653205629426e-01
11662.303727	1.5500258331201547e-01
11686.549681	1.5313091429694287e-01
11710.795635	1.5194756805219109e-01
11735.041588	1.5128698392899531e-01
11759.287542	1.5082041802637353e-01
11783.533496	1.5005581847114499e-01
11807.779450	1.4940006146537899e-01
11832.025403	1.4864617995236445e-01
11856.271357	1.4749130001075009e-01
11880.517311	1.4646051496647725e-01
11904.763264	1.4611646965481453e-01
11929.009218	1.4607673353067965e-01
11953.255172	1.4587312309751480e-01
11977.501125	1.4540290583697102e-01
12001.747079	1.4530873897004790e-01
12025.993033	1.4434039702489754e-01
12050.238987	1.4383543782178820e-01
12074.484940	1.4377370150616123e-01
12098.730894	1.4139371621054445e-01
12122.976848	1.4122503479426732e-01
12147.222801	1.4089784474807113e-01
12171.468755	1.4042140264845823e-01
12195.714709	1.4036170810245943e-01
12219.960662	1.3870222258792997e-01
12244.206616	1.3845211805174462e-01
12268.452570	1.3807524789675271e-01
12292.698523	1.3742454636264359e-01
12316.944477	1.3698815987059748e-01
12341.190431	1.3670465919235195e-01
12365.436385	1.3615161029278361e-01
12389.682338	1.3594954923698982e-01
12413.928292	1.3563772132346300e-01
12438.174246	1.3521634266496252e-01
12462.420199	1.3479633292381527e-01
12486.666153	1.3470267127002059e-01
12510.912107	1.3436199331224763e-01
12535.158060	1.3266322918267548e-01
12559.404014	1.3249432600396535e-01
12583.649968	1.3170557720391443e-01
12607.895922	1.3108786055248225e-01
12632.141875	1.2992469617984589e-01
12656.387829	1.2898556024798127e-01
12680.633783	1.2880712703647482e-01
12704.879736	1.2702944062788077e-01
12729.125690	1.2697940778373976e-01
12753.371644	1.2670442214722286e-01
12777.617597	1.2523412881042537e-01
12801.863551	1.2515609671074254e-01
12826.109505	1.2486196036729943e-01
12850.355458	1.2452358862287376e-01
12874.601412	1.2443276181874562e-01
12898.847366	1.2392784809401183e-01
12923.093320	1.2337785810917927e-01
12947.339273	1.2332235974965948e-01
12971.585227	1.2323887764443163e-01
12995.831181	1.2248349771096789e-01
13020.077134	1.2242049597600285e-01
13044.323088	1.2182629111653601e-01
13068.569042	1.2092948669616065e-01
13092.814995	1.2084973714833817e-01
13117.060949	1.1927393482471098e-01
13141.306903	1.1910731294054411e-01
13165.552856	1.1814234667257753e-01
13189.798810	1.1780504270422240e-01
13214.044764	1.1773966384831655e-01
13238.290718	1.1690005451008909e-01
13262.536671	1.1632141347422166e-01
13286.782625	1.1588258290491442e-01
13311.028579	1.1565679642217372e-01
13335.274532	1.1509506992022059e-01
13359.520486	1.1421107943847758e-01
13383.766440	1.1415541925928534e-01
13408.012393	1.1386933724072655e-01
13432.258347	1.1196034592135362e-01
13456.504301	1.1030390954676529e-01
13480.750255	1.0909065679314980e-01
13504.996208	1.0903731082933675e-01
13529.242162	1.0806531640171101e-01
13553.488116	1.0770946671358783e-01
13577.734069	1.0669630160814582e-01
13601.980023	1.0572963694390711e-01
13626.225977	1.0489089722966459e-01
13650.471930	1.0480506287612558e-01
13674.717884	1.0425263939257882e-01
13698.963838	1.0415225062543079e-01
13723.209791	1.0382204833647868e-01
13747.455745	1.0301267858357196e-01
13771.701699	1.0249189027621769e-01
13795.947653	1.0096718136291034e-01
13820.193606	1.0000059756992008e-01
13844.439560	9.6989295063040520e-02
13868.685514	9.6898566761283736e-02
13892.931467	9.5991416113990466e-02
13917.177421	9.5152410957104611e-02
13941.423375	9.3655402580677671e-02
13965.669328	9.2642999991525921e-02
13989.915282	9.1954744423439386e-02
14014.161236	9.1788299175319207e-02
14038.407190	9.0436074061156099e-02
14062.653143	9.0396852517556803e-02
14086.899097	8.8560818115943421e-02
14111.145051	8.7903287350363235e-02
14135.391004	8.5427688133645513e-02
14159.636958	8.3465738473518292e-02
14183.882912	8.3309554649161913e-02
14208.128865	8.3215386125382929e-02
14232.374819	8.0293275402113368e-02
14256.620773	7.8670578133096317e-02
14280.866726	7.8338904004838006e-02
14305.112680	7.7770937051780356e-02
14329.358634	7.7244927048663078e-02
14353.604588	7.5666707060479663e-02
14377.850541	7.5362205062385834e-02
14402.096495	7.5290395871217566e-02
14426.342449	7.4529610558049811e-02
14450.588402	7.3665928555917748e-02
14474.834356	7.2426615461882130e-02
14499.080310	7.0170621719170018e-02
14523.326263	7.0135482528749918e-02
14547.572217	6.9037630832074398e-02
14571.818171	6.8865572225233138e-02
14596.064125	6.8707083605939578e-02
14620.310078	6.6872260814075934e-02
14644.556032	6.4606480747367440e-02
14668.801986	6.4505128954350469e-02
14693.047939	6.3427086154250800e-02
14717.293893	6.1210404398313649e-02
14741.539847	6.0865287983959827e-02
14765.785800	6.0744165884110607e-02
14790.031754	6.0372301987878393e-02
14814.277708	5.9693431049763990e-02
14838.523661	5.9573869750784623e-02
14862.769615	5.6444787053863396e-02
14887.015569	5.5693632974111042e-02
14911.261523	5.4049665113144685e-02
14935.507476	5.3907405050459496e-02
14959.753430	5.2234607077121714e-02
14983.999384	5.0383169705682851e-02
15008.245337	4.9421084458190538e-02
15032.491291	4.9143117211706541e-02
15056.737245	4.7901787353424846e-02
15080.983198	4.7562391657497316e-02
15105.229152	4.6944402806576163e-02
15129.475106	4.6806524103458265e-02
15153.721060	4.6494808892027339e-02
15177.967013	4.6173040823513430e-02
15202.212967	4.4848924984603002e-02
15226.458921	4.4737091739670873e-02
15250.704874	4.4610824278088532e-02
15274.950828	4.2091159317599665e-02
15299.196782	4.1977576083569217e-02
15323.442735	3.8653388762651120e-02
15347.688689	3.7501129517380508e-02
15371.934643	3.5906557334101454e-02
15396.180596	3.2563375605962987e-02
15420.426550	3.2214923397110622e-02
15444.672504	3.1899171714474782e-02
15468.918458	3.1247818107898281e-02
15493.164411	2.9120840482155578e-02
15517.410365	2.6947609494978885e-02
15541.656319	2.6860991421454639e-02
15565.902272	2.4198491584972850e-02
15590.148226	2.1847208787769353e-02
15614.394180	2.1550055529489527e-02
15638.640133	1.3996106238815509e-02
15662.886087	1.3068254354862063e-02
15687.132041	1.2668119986263132e-02
15711.377994	1.2623999823162051e-02
15735.623948	1.1110425310663301e-02
15759.869902	1.0808762956351020e-02
15784.115856	6.6614420775737279e-03
15808.361809	5.0517203539189436e-03
15832.607763	4.6304839270232831e-03
15856.853717	2.3003926034699689e-03
15881.099670	7.3309214835579040e-04
