-36371.344853	5.6811410608014780e-04
-36334.382104	9.7532014517182639e-04
-36297.419355	1.1300819730698905e-03
-36260.456606	1.7694324397414098e-03
-36223.493858	2.4072724757461242e-03
-36186.531109	2.8215266293509260e-03
-36149.568360	3.1464849985234733e-03
-36112.605611	3.2625622695668273e-03
-36075.642862	3.3911376800785870e-03
-36038.680113	3.7465069524086569e-03
-36001.717365	4.0128484743198987e-03
-35964.754616	4.4476485307896885e-03
-35927.791867	4.5888451404112176e-03
-35890.829118	4.7393302243341805e-03
-35853.866369	5.2327403850712653e-03
-35816.903620	5.3125218049014326e-03
-35779.940872	5.4228489877701722e-03
-35742.978123	5.5572806886127922e-03
-35706.015374	6.0116556568046231e-03
-35669.052625	7.2287391107257017e-03
-35632.089876	7.8814491346477084e-03
-35595.127127	8.1777480934995157e-03
-35558.164379	8.3066707682625286e-03
-35521.201630	8.4501987681405016e-03
-35484.238881	8.5043652393542498e-03
-35447.276132	8.9608237929114914e-03
-35410.313383	9.0600958370825758e-03
-35373.350634	9.1151473262655325e-03
-35336.387886	9.4997727641947631e-03
-35299.425137	9.6436328565297803e-03
-35262.462388	9.7345655028080041e-03
-35225.499639	1.0312163630244522e-02
-35188.536890	1.0367344922062999e-02
-35151.574141	1.0486124448024397e-02
-35114.611393	1.0579292396830609e-02
-35077.648644	1.0781002320879897e-02
-35040.685895	1.0849833118406593e-02
-35003.723146	1.0990490288567294e-02
-34966.760397	1.1126203158339868e-02
-34929.797648	1.1189971653082604e-02
-34892.834900	1.1581916611054432e-02
-34855.872151	1.1689041221623529e-02
-34818.909402	1.1905353981125933e-02
-34781.946653	1.2101705538116014e-02
-34744.983904	1.2205984846821883e-02
-34708.021155	1.2504470606162771e-02
-34671.058407	1.3218611441111201e-02
-34634.095658	1.3339553380621660e-02
-34597.132909	1.3587181747110823e-02
-34560.170160	1.3695654711795591e-02
-34523.207411	1.4112428284016909e-02
-34486.244662	1.4336382931700201e-02
-34449.281914	1.4528170036768113e-02
-34412.319165	1.4615079368363445e-02
-34375.356416	1.4686707238508010e-02
-34338.393667	1.4762531944812335e-02
-34301.430918	1.4834260393862854e-02
-34264.468169	1.4951471474582220e-02
-34227.505421	1.5047800713089147e-02
-34190.542672	1.5492529199221105e-02
-34153.579923	1.5762385641890076e-02
-34116.617174	1.6221451252619767e-02
-34079.654425	1.6281783610379984e-02
-34042.691676	1.6431682838632538e-02
-34005.728928	1.6524724468561156e-02
-33968.766179	1.6987046696775903e-02
-33931.803430	1.7206777535557997e-02
-33894.840681	1.7351471717373432e-02
-33857.877932	1.7601289967209399e-02
-33820.915183	1.8009927418558554e-02
-33783.952435	1.8378695005720792e-02
-33746.989686	1.8637444872369839e-02
-33710.026937	1.9412878812607500e-02
-33673.064188	1.9723813426811201e-02
-33636.101439	2.0009105770833438e-02
-33599.138690	2.0091172697503303e-02
-33562.175942	2.1221707815585151e-02
-33525.213193	2.1915337384277533e-02
-33488.250444	2.2098328058601836e-02
-33451.287695	2.2640130803468217e-02
-33414.324946	2.2812988775872987e-02
-33377.362197	2.4229221380887747e-02
-33340.399449	2.5906530132573765e-02
-33303.436700	2.7192550541864959e-02
-33266.473951	2.7374321917558536e-02
-33229.511202	2.8140244531367927e-02
-33192.548453	2.8287681715180608e-02
-33155.585704	2.8446150698081447e-02
-33118.622956	2.8961558696334683e-02
-33081.660207	2.9068281042584826e-02
-33044.697458	2.9298911076632572e-02
-33007.734709	3.0254876263955306e-02
-32970.771960	3.0417520125049207e-02
-32933.809211	3.0784069631319650e-02
-32896.846463	3.1323214485540062e-02
-32859.883714	3.1432661852181770e-02
-32822.920965	3.1511779869456732e-02
-32785.958216	3.1811993690168454e-02
-32748.995467	3.2297600925501435e-02
-32712.032718	3.2418901541727323e-02
-32675.069970	3.2669279288370004e-02
-32638.107221	3.3628756564151818e-02
-32601.144472	3.3811647084873303e-02
-32564.181723	3.4489244936523132e-02
-32527.218974	3.4621756551058758e-02
-32490.256225	3.5141338368634652e-02
-32453.293477	3.5575520462344475e-02
-32416.330728	3.5826726088717183e-02
-32379.367979	3.5978849730264412e-02
-32342.405230	3.6227834347557192e-02
-32305.442481	3.6372756374971699e-02
-32268.479732	3.6641954399292478e-02
-32231.516984	3.7181866973471110e-02
-32194.554235	3.7251788293140124e-02
-32157.591486	3.7455778463513063e-02
-32120.628737	3.7856584678510358e-02
-32083.665988	3.8797071348400561e-02
-32046.703239	3.8888277424377705e-02
-32009.740491	3.9248502928048525e-02
-31972.777742	3.9332966016370839e-02
-31935.814993	3.9866994284110516e-02
-31898.852244	4.0248865769761333e-02
-31861.889495	4.0479319622473683e-02
-31824.926746	4.0716022922437360e-02
-31787.963998	4.1027638132375512e-02
-31751.001249	4.1095092257390407e-02
-31714.038500	4.1299719510868318e-02
-31677.075751	4.1396178791199896e-02
-31640.113002	4.1760311417620953e-02
-31603.150253	4.1947669951396226e-02
-31566.187505	4.2091278464694057e-02
-31529.224756	4.2233366986767919e-02
-31492.262007	4.2424794160574646e-02
-31455.299258	4.2714025306174831e-02
-31418.336509	4.3268149227426979e-02
-31381.373760	4.3514773734422120e-02
-31344.411012	4.3559640308203224e-02
-31307.448263	4.4101299271671147e-02
-31270.485514	4.4469913873094444e-02
-31233.522765	4.4543569045204602e-02
-31196.560016	4.5008968306362120e-02
-31159.597267	4.5739106825546993e-02
-31122.634519	4.5941981710007636e-02
-31085.671770	4.9118663555382018e-02
-31048.709021	4.9198097444654441e-02
-31011.746272	4.9511710609585806e-02
-30974.783523	4.9784035008732089e-02
-30937.820774	4.9846470097914708e-02
-30900.858026	4.9998908097735051e-02
-30863.895277	5.2505383489177118e-02
-30826.932528	5.4486305457816492e-02
-30789.969779	5.5158712931700903e-02
-30753.007030	5.5242999788551593e-02
-30716.044281	5.5630353606568095e-02
-30679.081533	5.5727124094964706e-02
-30642.118784	5.6110426661913071e-02
-30605.156035	5.6723592907420677e-02
-30568.193286	5.7036430339109580e-02
-30531.230537	5.7268589522975109e-02
-30494.267788	5.8802986492289107e-02
-30457.305040	5.8874966983290859e-02
-30420.342291	5.9017774299824535e-02
-30383.379542	5.9549441477939058e-02
-30346.416793	6.0495527646770859e-02
-30309.454044	6.1083297463385922e-02
-30272.491295	6.1211584656136006e-02
-30235.528546	6.1476952511535642e-02
-30198.565798	6.2190822585142108e-02
-30161.603049	6.3224424691707359e-02
-30124.640300	6.3634642307952335e-02
-30087.677551	6.4089123486225530e-02
-30050.714802	6.4246586463510169e-02
-30013.752053	6.4436441004138686e-02
-29976.789305	6.4539720232371645e-02
-29939.826556	6.5483196915480754e-02
-29902.863807	6.6061088693200279e-02
-29865.901058	6.6562330947038117e-02
-29828.938309	6.6776451081548616e-02
-29791.975560	6.8150561492675885e-02
-29755.012812	6.9379699480575568e-02
-29718.050063	6.9541333897410809e-02
-29681.087314	6.9788653572180753e-02
-29644.124565	6.9942288638515954e-02
-29607.161816	7.0354631058692566e-02
-29570.199067	7.1125195120952056e-02
-29533.236319	7.1703926035577056e-02
-29496.273570	7.2402236069709067e-02
-29459.310821	7.2929459119375720e-02
-29422.348072	7.3148317045997197e-02
-29385.385323	7.3526816132647041e-02
-29348.422574	7.4031639231509086e-02
-29311.459826	7.4521666551010932e-02
-29274.497077	7.4849174294172274e-02
-29237.534328	7.5276336300169236e-02
-29200.571579	7.5574408845058685e-02
-29163.608830	7.5724040973767850e-02
-29126.646081	7.6388452619517072e-02
-29089.683333	7.6862481093521756e-02
-29052.720584	7.7122164143404767e-02
-29015.757835	7.7190166351311290e-02
-28978.795086	7.8041078677499598e-02
-28941.832337	7.8492158625021957e-02
-28904.869588	7.8697688440506591e-02
-28867.906840	7.9416906615139365e-02
-28830.944091	8.0176379573537279e-02
-28793.981342	8.0372951278851454e-02
-28757.018593	8.0449800676102176e-02
-28720.055844	8.0648450549347175e-02
-28683.093095	8.0787381601709771e-02
-28646.130347	8.1086261418025093e-02
-28609.167598	8.1672369803083386e-02
-28572.204849	8.1777569249508811e-02
-28535.242100	8.2527637552948910e-02
-28498.279351	8.2713230616180522e-02
-28461.316602	8.2950221608687189e-02
-28424.353854	8.3460484453365694e-02
-28387.391105	8.3596823439684678e-02
-28350.428356	8.3816131107468411e-02
-28313.465607	8.3999466929176772e-02
-28276.502858	8.4032330236243916e-02
-28239.540109	8.4437426516640560e-02
-28202.577361	8.4592874178740424e-02
-28165.614612	8.4654121176896288e-02
-28128.651863	8.4756806638398782e-02
-28091.689114	8.4861122773407252e-02
-28054.726365	8.5013410628288641e-02
-28017.763616	8.5852005258839140e-02
-27980.800868	8.6194235400621780e-02
-27943.838119	8.6838405992388873e-02
-27906.875370	8.6932181442013812e-02
-27869.912621	8.7050440268977902e-02
-27832.949872	8.7119151202168496e-02
-27795.987123	8.7259176516945994e-02
-27759.024375	8.7670562734840349e-02
-27722.061626	8.8049024275542703e-02
-27685.098877	8.8543780225708704e-02
-27648.136128	8.8589124477230122e-02
-27611.173379	8.9455745534200604e-02
-27574.210630	9.0519605291694866e-02
-27537.247882	9.0934428832644978e-02
-27500.285133	9.1421699657677102e-02
-27463.322384	9.1516717317139049e-02
-27426.359635	9.2175520587764209e-02
-27389.396886	9.3245278206699714e-02
-27352.434137	9.3522252563648392e-02
-27315.471389	9.4328946930521740e-02
-27278.508640	9.4668727010893433e-02
-27241.545891	9.5048412124297973e-02
-27204.583142	9.5284076919514946e-02
-27167.620393	9.5326394611712523e-02
-27130.657644	9.5378547271368311e-02
-27093.694896	9.5516410567448515e-02
-27056.732147	9.5629740326145476e-02
-27019.769398	9.6484747609669616e-02
-26982.806649	9.6600712086429508e-02
-26945.843900	9.6883493129284765e-02
-26908.881151	9.7271386753867359e-02
-26871.918403	9.7707348508605033e-02
-26834.955654	9.8432061022568018e-02
-26797.992905	9.9156790801025393e-02
-26761.030156	9.9199873495967095e-02
-26724.067407	1.0026507463041702e-01
-26687.104658	1.0036861942398857e-01
-26650.141910	1.0046328731669292e-01
-26613.179161	1.0115838669756050e-01
-26576.216412	1.0141764768300149e-01
-26539.253663	1.0157193724025106e-01
-26502.290914	1.0198918035758110e-01
-26465.328165	1.0234952405938690e-01
-26428.365417	1.0243926580561093e-01
-26391.402668	1.0262042358302333e-01
-26354.439919	1.0278041462408088e-01
-26317.477170	1.0303781495518850e-01
-26280.514421	1.0423299270141186e-01
-26243.551672	1.0436595853906176e-01
-26206.588924	1.0463740624280589e-01
-26169.626175	1.0503241565899074e-01
-26132.663426	1.0567743912599999e-01
-26095.700677	1.0581350660742510e-01
-26058.737928	1.0683270525026330e-01
-26021.775179	1.0691661426293279e-01
-25984.812431	1.0767665643705805e-01
-25947.849682	1.0777910253414390e-01
-25910.886933	1.0816979747775889e-01
-25873.924184	1.0842093021977607e-01
-25836.961435	1.0872956899655614e-01
-25799.998686	1.0921843938272710e-01
-25763.035938	1.0926258229539777e-01
-25726.073189	1.0961285540669699e-01
-25689.110440	1.0973657342743490e-01
-25652.147691	1.0976130363943550e-01
-25615.184942	1.0996217193341852e-01
-25578.222193	1.1017563793315141e-01
-25541.259445	1.1071755947495462e-01
-25504.296696	1.1148850960897502e-01
-25467.333947	1.1249963493356287e-01
-25430.371198	1.1253494849674942e-01
-25393.408449	1.1255985084545872e-01
-25356.445700	1.1317284598486838e-01
-25319.482952	1.1328850847046407e-01
-25282.520203	1.1352187572537040e-01
-25245.557454	1.1417612606652089e-01
-25208.594705	1.1423193872079092e-01
-25171.631956	1.1445881556630497e-01
-25134.669207	1.1475435161670611e-01
-25097.706459	1.1493411639125536e-01
-25060.743710	1.1604585894860400e-01
-25023.780961	1.1613109825342774e-01
-24986.818212	1.1655497362017730e-01
-24949.855463	1.1693862939818703e-01
-24912.892714	1.1697890271883757e-01
-24875.929966	1.1708222094498608e-01
-24838.967217	1.1714640140576628e-01
-24802.004468	1.1719915502427618e-01
-24765.041719	1.1813351761146067e-01
-24728.078970	1.1817406496239664e-01
-24691.116221	1.1884696041901341e-01
-24654.153473	1.1891876519440038e-01
-24617.190724	1.1907369810581210e-01
-24580.227975	1.1918466313571598e-01
-24543.265226	1.1938985554026195e-01
-24506.302477	1.1944704236844444e-01
-24469.339728	1.1969744447709142e-01
-24432.376980	1.1996900968058236e-01
-24395.414231	1.2022308762362008e-01
-24358.451482	1.2027574906011076e-01
-24321.488733	1.2067834830357381e-01
-24284.525984	1.2082145050833312e-01
-24247.563235	1.2142683481770690e-01
-24210.600486	1.2156450156724241e-01
-24173.637738	1.2219395633805417e-01
-24136.674989	1.2311882895959352e-01
-24099.712240	1.2351876495691688e-01
-24062.749491	1.2379601831691726e-01
-24025.786742	1.2386538351313467e-01
-23988.823993	1.2399226251401747e-01
-23951.861245	1.2405261561296527e-01
-23914.898496	1.2411121386514905e-01
-23877.935747	1.2454690622067448e-01
-23840.972998	1.2482392731331511e-01
-23804.010249	1.2797130996122230e-01
-23767.047500	1.2964776527882022e-01
-23730.084752	1.2992441353316436e-01
-23693.122003	1.3088758186689647e-01
-23656.159254	1.3111642383794933e-01
-23619.196505	1.3170014944730341e-01
-23582.233756	1.3173498411822746e-01
-23545.271007	1.3252557625763156e-01
-23508.308259	1.3291445613842620e-01
-23471.345510	1.3393682977974730e-01
-23434.382761	1.3455093832309373e-01
-23397.420012	1.3468046961711877e-01
-23360.457263	1.3514047834986961e-01
-23323.494514	1.3574168067704784e-01
-23286.531766	1.3586574430911666e-01
-23249.569017	1.3755234090200930e-01
-23212.606268	1.3771598909363561e-01
-23175.643519	1.3794847639220489e-01
-23138.680770	1.3844397982878340e-01
-23101.718021	1.3892056779510661e-01
-23064.755273	1.3942979413584072e-01
-23027.792524	1.3947125468736715e-01
-22990.829775	1.3992765309130611e-01
-22953.867026	1.4149437379261995e-01
-22916.904277	1.4166971893875213e-01
-22879.941528	1.4182139170896405e-01
-22842.978780	1.4381659419500142e-01
-22806.016031	1.4385879769919505e-01
-22769.053282	1.4425148448108391e-01
-22732.090533	1.4433587229107323e-01
-22695.127784	1.4576064982069559e-01
-22658.165035	1.4583926013017212e-01
-22621.202287	1.4594242202694063e-01
-22584.239538	1.4623642418831118e-01
-22547.276789	1.4645666014426617e-01
-22510.314040	1.4668031559310768e-01
-22473.351291	1.4745168061006020e-01
-22436.388542	1.4754999175527156e-01
-22399.425794	1.4777352864998533e-01
-22362.463045	1.4827908411744359e-01
-22325.500296	1.4862245023094892e-01
-22288.537547	1.4884623760765189e-01
-22251.574798	1.4937570267880923e-01
-22214.612049	1.5077006334963725e-01
-22177.649301	1.5098084843196952e-01
-22140.686552	1.5169388328420041e-01
-22103.723803	1.5220792603854585e-01
-22066.761054	1.5306724503533348e-01
-22029.798305	1.5326759263838094e-01
-21992.835556	1.5357227705203166e-01
-21955.872808	1.5394887487304310e-01
-21918.910059	1.5417179843830553e-01
-21881.947310	1.5466818292187981e-01
-21844.984561	1.5503552301290971e-01
-21808.021812	1.5529931217893664e-01
-21771.059063	1.5542825328329396e-01
-21734.096315	1.5554493459553459e-01
-21697.133566	1.5586861465098739e-01
-21660.170817	1.5623247777943639e-01
-21623.208068	1.5649324935046713e-01
-21586.245319	1.5678201878836476e-01
-21549.282570	1.5831867960629267e-01
-21512.319822	1.5836592806363703e-01
-21475.357073	1.5892752999399296e-01
-21438.394324	1.5922903309487069e-01
-21401.431575	1.5944312213536568e-01
-21364.468826	1.5954675473353147e-01
-21327.506077	1.5966341488633357e-01
-21290.543329	1.5972820584943451e-01
-21253.580580	1.5994728778851744e-01
-21216.617831	1.6020695354927170e-01
-21179.655082	1.6173141594304488e-01
-21142.692333	1.6177025966915148e-01
-21105.729584	1.6192617484486391e-01
-21068.766836	1.6216424592377518e-01
-21031.804087	1.6280402523942705e-01
-20994.841338	1.6294209965009543e-01
-20957.878589	1.6345614962610627e-01
-20920.915840	1.6379569613642456e-01
-20883.953091	1.6392950164759748e-01
-20846.990343	1.6411864014567687e-01
-20810.027594	1.6441899612964433e-01
-20773.064845	1.6477219483892155e-01
-20736.102096	1.6490545760887970e-01
-20699.139347	1.6495395344527647e-01
-20662.176598	1.6540285641353450e-01
-20625.213850	1.6626692844117505e-01
-20588.251101	1.6666540882829231e-01
-20551.288352	1.6673948222476667e-01
-20514.325603	1.6703434828410821e-01
-20477.362854	1.6708437432003734e-01
-20440.400105	1.6729128203824994e-01
-20403.437357	1.6737555085427067e-01
-20366.474608	1.6750091235401657e-01
-20329.511859	1.6752795541803173e-01
-20292.549110	1.6776020818988752e-01
-20255.586361	1.6803242391836240e-01
-20218.623612	1.6833492811464196e-01
-20181.660864	1.6842247166252128e-01
-20144.698115	1.6851580584826689e-01
-20107.735366	1.6879047108383791e-01
-20070.772617	1.6891563824997363e-01
-20033.809868	1.6936263682756991e-01
-19996.847119	1.6948979554773524e-01
-19959.884371	1.6959716135113681e-01
-19922.921622	1.6961783521552151e-01
-19885.958873	1.6996417073098191e-01
-19848.996124	1.7035634982524034e-01
-19812.033375	1.7043118053542841e-01
-19775.070626	1.7058314328473748e-01
-19738.107878	1.7070863135736897e-01
-19701.145129	1.7082668542499108e-01
-19664.182380	1.7114580845006400e-01
-19627.219631	1.7126757755707123e-01
-19590.256882	1.7166887786411275e-01
-19553.294133	1.7200500188908249e-01
-19516.331385	1.7240599998810235e-01
-19479.368636	1.7245033409064608e-01
-19442.405887	1.7291125287533421e-01
-19405.443138	1.7337219129470324e-01
-19368.480389	1.7455305902826579e-01
-19331.517640	1.7464600722659535e-01
-19294.554892	1.7492695911005499e-01
-19257.592143	1.7716422283892233e-01
-19220.629394	1.7746760913995549e-01
-19183.666645	1.7895189000873091e-01
-19146.703896	1.7898361545101207e-01
-19109.741147	1.7980429129095832e-01
-19072.778399	1.8031134522712561e-01
-19035.815650	1.8065119707522134e-01
-18998.852901	1.8099748699983959e-01
-18961.890152	1.8215995352198036e-01
-18924.927403	1.8228990647671425e-01
-18887.964654	1.8259192445429825e-01
-18851.001906	1.8273196933887906e-01
-18814.039157	1.8550892740326722e-01
-18777.076408	1.8587320305889476e-01
-18740.113659	1.8599874747415429e-01
-18703.150910	1.8628978361150189e-01
-18666.188161	1.8771885473404229e-01
-18629.225413	1.8879944032143661e-01
-18592.262664	1.8910996558967241e-01
-18555.299915	1.8943464218470360e-01
-18518.337166	1.8951899822467558e-01
-18481.374417	1.9127613788801404e-01
-18444.411668	1.9440967031536416e-01
-18407.448920	1.9469348986755058e-01
-18370.486171	1.9483581210080536e-01
-18333.523422	1.9786793229447119e-01
-18296.560673	1.9835473455475117e-01
-18259.597924	2.0089857953927248e-01
-18222.635175	2.0113099884648042e-01
-18185.672426	2.0193790206538251e-01
-18148.709678	2.0207176730977180e-01
-18111.746929	2.0448745523951942e-01
-18074.784180	2.0562363723368007e-01
-18037.821431	2.0564954750070277e-01
-18000.858682	2.0753443385582437e-01
-17963.895933	2.0815579738908047e-01
-17926.933185	2.0886542489231230e-01
-17889.970436	2.1003323055185014e-01
-17853.007687	2.1009907761575350e-01
-17816.044938	2.1029911589203540e-01
-17779.082189	2.1064214234442621e-01
-17742.119440	2.1075791861798263e-01
-17705.156692	2.1113888239188863e-01
-17668.193943	2.1232845212919071e-01
-17631.231194	2.1291120766022359e-01
-17594.268445	2.1334367484751515e-01
-17557.305696	2.1339963794828287e-01
-17520.342947	2.1359997243066853e-01
-17483.380199	2.1396298185603596e-01
-17446.417450	2.1478519427226986e-01
-17409.454701	2.1481562706437138e-01
-17372.491952	2.1525300416386861e-01
-17335.529203	2.1711965040462469e-01
-17298.566454	2.1731885500351439e-01
-17261.603706	2.1788761059295558e-01
-17224.640957	2.1829042494999318e-01
-17187.678208	2.1834063975438239e-01
-17150.715459	2.1952993437887425e-01
-17113.752710	2.1993549727428952e-01
-17076.789961	2.2153639106628867e-01
-17039.827213	2.2163891642185141e-01
-17002.864464	2.2304725157225991e-01
-16965.901715	2.2316000075607870e-01
-16928.938966	2.2345261476901424e-01
-16891.976217	2.2377135263973236e-01
-16855.013468	2.2434830947262019e-01
-16818.050720	2.2478053470824086e-01
-16781.087971	2.2551546019854327e-01
-16744.125222	2.2643085609227384e-01
-16707.162473	2.2654750921396802e-01
-16670.199724	2.2680531646296984e-01
-16633.236975	2.2989140756586121e-01
-16596.274227	2.3020813995582404e-01
-16559.311478	2.3208912377346869e-01
-16522.348729	2.3221259606265787e-01
-16485.385980	2.3243558738587655e-01
-16448.423231	2.3490376735062149e-01
-16411.460482	2.3498216451719112e-01
-16374.497734	2.3514222601811174e-01
-16337.534985	2.3518900422198999e-01
-16300.572236	2.3794571487873692e-01
-16263.609487	2.3800759373205210e-01
-16226.646738	2.3852324284451082e-01
-16189.683989	2.3929117342996198e-01
-16152.721241	2.3936895374542189e-01
-16115.758492	2.3974264005664514e-01
-16078.795743	2.4036705797938032e-01
-16041.832994	2.4153554950847295e-01
-16004.870245	2.4207180806853693e-01
-15967.907496	2.4227633263388199e-01
-15930.944748	2.4301248207906445e-01
-15893.981999	2.4306169982905648e-01
-15857.019250	2.4326739808437070e-01
-15820.056501	2.4337769546837038e-01
-15783.093752	2.4365155951345166e-01
-15746.131003	2.4368096464818498e-01
-15709.168255	2.4388615934686239e-01
-15672.205506	2.4417985217793459e-01
-15635.242757	2.4506104902123368e-01
-15598.280008	2.4534608123546392e-01
-15561.317259	2.4621034709536746e-01
-15524.354510	2.4634569040218326e-01
-15487.391762	2.4769567770516165e-01
-15450.429013	2.4812590359394945e-01
-15413.466264	2.4851236974809332e-01
-15376.503515	2.4922463846066134e-01
-15339.540766	2.4928957818061162e-01
-15302.578017	2.5026958128108195e-01
-15265.615269	2.5032210594317261e-01
-15228.652520	2.5051417514157887e-01
-15191.689771	2.5100530931664955e-01
-15154.727022	2.5210347587924303e-01
-15117.764273	2.5234426452132180e-01
-15080.801524	2.5284628470522130e-01
-15043.838776	2.5323578233129695e-01
-15006.876027	2.5367897665577022e-01
-14969.913278	2.5426473391497217e-01
-14932.950529	2.5430615488622210e-01
-14895.987780	2.5436370525769897e-01
-14859.025031	2.5453539664841485e-01
-14822.062283	2.5525700531325168e-01
-14785.099534	2.5610335497040548e-01
-14748.136785	2.5624560353355774e-01
-14711.174036	2.5643468426406724e-01
-14674.211287	2.5915747177569509e-01
-14637.248538	2.5923896927599327e-01
-14600.285790	2.5937859267772301e-01
-14563.323041	2.5949342708100998e-01
-14526.360292	2.5951619169235923e-01
-14489.397543	2.5972762255524384e-01
-14452.434794	2.6000418311830248e-01
-14415.472045	2.6036887118202440e-01
-14378.509297	2.6045283642875178e-01
-14341.546548	2.6084943176748882e-01
-14304.583799	2.6104320201269943e-01
-14267.621050	2.6227805708647639e-01
-14230.658301	2.6249676435254143e-01
-14193.695552	2.6300742684606282e-01
-14156.732804	2.6304625136237947e-01
-14119.770055	2.6366169714001464e-01
-14082.807306	2.6383749735903617e-01
-14045.844557	2.6415370727122778e-01
-14008.881808	2.6422333009013965e-01
-13971.919059	2.6527730076255290e-01
-13934.956311	2.6538115882638880e-01
-13897.993562	2.6554472104217602e-01
-13861.030813	2.6594324774805078e-01
-13824.068064	2.6631310242116046e-01
-13787.105315	2.6661455747447899e-01
-13750.142566	2.6667882374728274e-01
-13713.179818	2.6680773063676949e-01
-13676.217069	2.6688768685489761e-01
-13639.254320	2.6718649774711750e-01
-13602.291571	2.6721874444223048e-01
-13565.328822	2.6741416021056624e-01
-13528.366073	2.6765961038358610e-01
-13491.403325	2.6781515475231865e-01
-13454.440576	2.6802333010538515e-01
-13417.477827	2.6820515714636273e-01
-13380.515078	2.6865908108995773e-01
-13343.552329	2.6867091315900787e-01
-13306.589580	2.6869236455465884e-01
-13269.626832	2.6895281168745788e-01
-13232.664083	2.6944027828422157e-01
-13195.701334	2.7063979326900711e-01
-13158.738585	2.7103545542541624e-01
-13121.775836	2.7142168426118329e-01
-13084.813087	2.7189421626071353e-01
-13047.850339	2.7243503056933893e-01
-13010.887590	2.7262834815864145e-01
-12973.924841	2.7266289821182366e-01
-12936.962092	2.7292572767071266e-01
-12899.999343	2.7397690741178016e-01
-12863.036594	2.7423058114204857e-01
-12826.073846	2.7460752047300646e-01
-12789.111097	2.7463472043074028e-01
-12752.148348	2.7465392698524166e-01
-12715.185599	2.7482322289802807e-01
-12678.222850	2.7490171885637721e-01
-12641.260101	2.7520860320500556e-01
-12604.297353	2.7526094868308926e-01
-12567.334604	2.7533235566838177e-01
-12530.371855	2.7536373152751648e-01
-12493.409106	2.7541066330235908e-01
-12456.446357	2.7574260059102684e-01
-12419.483608	2.7640474677826837e-01
-12382.520860	2.7643138882968021e-01
-12345.558111	2.7653371634657675e-01
-12308.595362	2.7674141779399708e-01
-12271.632613	2.7682736990268453e-01
-12234.669864	2.7701514577152503e-01
-12197.707115	2.7706268890808183e-01
-12160.744366	2.7738554902938750e-01
-12123.781618	2.7747361593972253e-01
-12086.818869	2.7797187946065405e-01
-12049.856120	2.7814571498073681e-01
-12012.893371	2.7815793569303326e-01
-11975.930622	2.7823161965761950e-01
-11938.967873	2.7831845718967729e-01
-11902.005125	2.7832940004985995e-01
-11865.042376	2.7841953197878050e-01
-11828.079627	2.7865633468136070e-01
-11791.116878	2.7869456177436974e-01
-11754.154129	2.7883244450857264e-01
-11717.191380	2.7928027728197025e-01
-11680.228632	2.7960940875366341e-01
-11643.265883	2.7978805639806525e-01
-11606.303134	2.7981449232320471e-01
-11569.340385	2.8010625656895788e-01
-11532.377636	2.8017152979960097e-01
-11495.414887	2.8029778227371727e-01
-11458.452139	2.8032274580246236e-01
-11421.489390	2.8049833347541375e-01
-11384.526641	2.8059950149208596e-01
-11347.563892	2.8088895415613446e-01
-11310.601143	2.8111475309281597e-01
-11273.638394	2.8145690939668794e-01
-11236.675646	2.8162422984368163e-01
-11199.712897	2.8168402351157112e-01
-11162.750148	2.8188554858252762e-01
-11125.787399	2.8193561473975670e-01
-11088.824650	2.8197196377092748e-01
-11051.861901	2.8207880658194495e-01
-11014.899153	2.8238618954908085e-01
-10977.936404	2.8280404121470015e-01
-10940.973655	2.8284632752480754e-01
-10904.010906	2.8311861482614603e-01
-10867.048157	2.8313254416247030e-01
-10830.085408	2.8323868080255199e-01
-10793.122660	2.8341290146385045e-01
-10756.159911	2.8346696033039914e-01
-10719.197162	2.8348691765662837e-01
-10682.234413	2.8383176706332913e-01
-10645.271664	2.8386665437586228e-01
-10608.308915	2.8395955928675176e-01
-10571.346167	2.8398996021853334e-01
-10534.383418	2.8405051402296200e-01
-10497.420669	2.8444164832428726e-01
-10460.457920	2.8451613269800435e-01
-10423.495171	2.8455241461331277e-01
-10386.532422	2.8473152502664939e-01
-10349.569674	2.8474233838542101e-01
-10312.606925	2.8480767115880717e-01
-10275.644176	2.8497129589404407e-01
-10238.681427	2.8499154467004373e-01
-10201.718678	2.8512531794172313e-01
-10164.755929	2.8531222706404058e-01
-10127.793181	2.8556623279729026e-01
-10090.830432	2.8559637318690428e-01
-10053.867683	2.8560979416174537e-01
-10016.904934	2.8569776244102812e-01
-9979.942185	2.8593724487001659e-01
-9942.979436	2.8597099784321423e-01
-9906.016688	2.8600719002951253e-01
-9869.053939	2.8607244558230444e-01
-9832.091190	2.8616936084442574e-01
-9795.128441	2.8652507662173327e-01
-9758.165692	2.8715034706409304e-01
-9721.202943	2.8730283952164126e-01
-9684.240195	2.8737366321188651e-01
-9647.277446	2.8741183758566308e-01
-9610.314697	2.8746375666295881e-01
-9573.351948	2.8757665679657352e-01
-9536.389199	2.8773813634531586e-01
-9499.426450	2.8786901349598193e-01
-9462.463702	2.8789323922626625e-01
-9425.500953	2.8803636630390028e-01
-9388.538204	2.8823572096429279e-01
-9351.575455	2.8841865136557887e-01
-9314.612706	2.8846428189139806e-01
-9277.649957	2.8847169826590729e-01
-9240.687209	2.8855828144680934e-01
-9203.724460	2.8857779893380453e-01
-9166.761711	2.8861982347626247e-01
-9129.798962	2.8870894341500031e-01
-9092.836213	2.8912505805106992e-01
-9055.873464	2.8923064383967018e-01
-9018.910716	2.8924075226995333e-01
-8981.947967	2.8966098564497039e-01
-8944.985218	2.8975769060998063e-01
-8908.022469	2.8991192514786851e-01
-8871.059720	2.8998567409833531e-01
-8834.096971	2.9014959247235811e-01
-8797.134223	2.9026795463260224e-01
-8760.171474	2.9030494825207370e-01
-8723.208725	2.9060771316401929e-01
-8686.245976	2.9061756882275386e-01
-8649.283227	2.9063046227361672e-01
-8612.320478	2.9065826072481776e-01
-8575.357730	2.9068375495103266e-01
-8538.394981	2.9073772302176354e-01
-8501.432232	2.9083965757487096e-01
-8464.469483	2.9101923485643399e-01
-8427.506734	2.9115486137366592e-01
-8390.543985	2.9127977595027599e-01
-8353.581237	2.9140081281536762e-01
-8316.618488	2.9141770306747278e-01
-8279.655739	2.9146321332567160e-01
-8242.692990	2.9148479847069730e-01
-8205.730241	2.9165510914993126e-01
-8168.767492	2.9168043936885268e-01
-8131.804744	2.9170107000041701e-01
-8094.841995	2.9179844209147116e-01
-8057.879246	2.9183098211061903e-01
-8020.916497	2.9194402409215042e-01
-7983.953748	2.9197196483414417e-01
-7946.990999	2.9216042619822757e-01
-7910.028251	2.9224800530869921e-01
-7873.065502	2.9232680350504148e-01
-7836.102753	2.9234139664375991e-01
-7799.140004	2.9258628987986535e-01
-7762.177255	2.9269043225611813e-01
-7725.214506	2.9274438370333028e-01
-7688.251758	2.9286089970874163e-01
-7651.289009	2.9299800928404746e-01
-7614.326260	2.9302671187413032e-01
-7577.363511	2.9313110658404484e-01
-7540.400762	2.9321086079854736e-01
-7503.438013	2.9323507008759431e-01
-7466.475265	2.9329067264316788e-01
-7429.512516	2.9335388300511495e-01
-7392.549767	2.9339520763632826e-01
-7355.587018	2.9339370158048145e-01
-7318.624269	2.9340956425853920e-01
-7281.661520	2.9342221164822530e-01
-7244.698772	2.9344881555012703e-01
-7207.736023	2.9352901412962734e-01
-7170.773274	2.9354574910512093e-01
-7133.810525	2.9357349840857716e-01
-7096.847776	2.9373100470846752e-01
-7059.885027	2.9377667649471106e-01
-7022.922279	2.9384503721364280e-01
-6985.959530	2.9384199719278992e-01
-6948.996781	2.9389935743997964e-01
-6912.034032	2.9393581854868178e-01
-6875.071283	2.9398636572714326e-01
-6838.108534	2.9400912737950852e-01
-6801.145786	2.9403120282930179e-01
-6764.183037	2.9404377686056787e-01
-6727.220288	2.9417393115038210e-01
-6690.257539	2.9419767260712848e-01
-6653.294790	2.9421327236574224e-01
-6616.332041	2.9422900805834529e-01
-6579.369293	2.9426807826132467e-01
-6542.406544	2.9435942430839884e-01
-6505.443795	2.9442649312400865e-01
-6468.481046	2.9443086267412283e-01
-6431.518297	2.9447276247052279e-01
-6394.555548	2.9447973637399016e-01
-6357.592800	2.9448419983649893e-01
-6320.630051	2.9449554110523557e-01
-6283.667302	2.9461726553177126e-01
-6246.704553	2.9467300729766532e-01
-6209.741804	2.9473547044182979e-01
-6172.779055	2.9478238738532042e-01
-6135.816307	2.9493392011573705e-01
-6098.853558	2.9541731624666923e-01
-6061.890809	2.9545094630194435e-01
-6024.928060	2.9547208778749173e-01
-5987.965311	2.9549228274630307e-01
-5951.002562	2.9554187029735229e-01
-5914.039813	2.9566583970166188e-01
-5877.077065	2.9567842306392861e-01
-5840.114316	2.9575437693814677e-01
-5803.151567	2.9580622376914983e-01
-5766.188818	2.9588957065309451e-01
-5729.226069	2.9602186125671576e-01
-5692.263320	2.9615941348057251e-01
-5655.300572	2.9651108846034335e-01
-5618.337823	2.9652070486196663e-01
-5581.375074	2.9657838266004743e-01
-5544.412325	2.9659350824679181e-01
-5507.449576	2.9665108099742699e-01
-5470.486827	2.9667424935246561e-01
-5433.524079	2.9674089784533003e-01
-5396.561330	2.9677705561795370e-01
-5359.598581	2.9691163863322284e-01
-5322.635832	2.9691754767002398e-01
-5285.673083	2.9694932351511266e-01
-5248.710334	2.9696521577295598e-01
-5211.747586	2.9703553737845689e-01
-5174.784837	2.9704505981671619e-01
-5137.822088	2.9704916376440738e-01
-5100.859339	2.9706332364986038e-01
-5063.896590	2.9711168123478188e-01
-5026.933841	2.9711915975243802e-01
-4989.971093	2.9711810888713003e-01
-4953.008344	2.9719902991693109e-01
-4916.045595	2.9722473298938484e-01
-4879.082846	2.9742030453189444e-01
-4842.120097	2.9751711949977100e-01
-4805.157348	2.9756105774668118e-01
-4768.194600	2.9760805828262210e-01
-4731.231851	2.9763151219624384e-01
-4694.269102	2.9782069823906099e-01
-4657.306353	2.9796459213081528e-01
-4620.343604	2.9803419236338752e-01
-4583.380855	2.9804814761696502e-01
-4546.418107	2.9815979269000148e-01
-4509.455358	2.9820549607532765e-01
-4472.492609	2.9824398707977101e-01
-4435.529860	2.9829196425427090e-01
-4398.567111	2.9834198181511801e-01
-4361.604362	2.9837408039732616e-01
-4324.641614	2.9837199263654407e-01
-4287.678865	2.9840615686281097e-01
-4250.716116	2.9841353312997670e-01
-4213.753367	2.9843400707226919e-01
-4176.790618	2.9844845573710693e-01
-4139.827869	2.9849310726462591e-01
-4102.865121	2.9852565384939295e-01
-4065.902372	2.9853355938469767e-01
-4028.939623	2.9858411385059480e-01
-3991.976874	2.9860780607363641e-01
-3955.014125	2.9863005395537373e-01
-3918.051376	2.9864652745120396e-01
-3881.088628	2.9866855820861854e-01
-3844.125879	2.9873368990787819e-01
-3807.163130	2.9879985312616647e-01
-3770.200381	2.9882059336135341e-01
-3733.237632	2.9884261860039230e-01
-3696.274883	2.9884162206502352e-01
-3659.312135	2.9885640518281431e-01
-3622.349386	2.9885634454157622e-01
-3585.386637	2.9885419618167292e-01
-3548.423888	2.9882804271248864e-01
-3511.461139	2.9885244215374712e-01
-3474.498390	2.9885590510459814e-01
-3437.535642	2.9893557731116122e-01
-3400.572893	2.9896966046275020e-01
-3363.610144	2.9904441645997126e-01
-3326.647395	2.9906590837418112e-01
-3289.684646	2.9909268687283197e-01
-3252.721897	2.9910874033348556e-01
-3215.759149	2.9914442632489796e-01
-3178.796400	2.9915587603147453e-01
-3141.833651	2.9919668659072163e-01
-3104.870902	2.9931524235456008e-01
-3067.908153	2.9931083178370194e-01
-3030.945404	2.9935466767970170e-01
-2993.982656	2.9935632089448233e-01
-2957.019907	2.9936787045765867e-01
-2920.057158	2.9937061703240242e-01
-2883.094409	2.9936741557739721e-01
-2846.131660	2.9937549728694407e-01
-2809.168911	2.9945728197046284e-01
-2772.206163	2.9947685629123133e-01
-2735.243414	2.9950194846059669e-01
-2698.280665	2.9950306105334729e-01
-2661.317916	2.9952720404869776e-01
-2624.355167	2.9958248843926932e-01
-2587.392418	2.9963762920566034e-01
-2550.429670	2.9966312220099983e-01
-2513.466921	2.9969417238980195e-01
-2476.504172	2.9969372230622793e-01
-2439.541423	2.9972942695569138e-01
-2402.578674	2.9984356428440134e-01
-2365.615925	2.9985111739334841e-01
-2328.653177	2.9998060865475679e-01
-2291.690428	3.0002897783828814e-01
-2254.727679	3.0004267797323819e-01
-2217.764930	3.0004048625802676e-01
-2180.802181	3.0005090545957491e-01
-2143.839432	3.0005397563043268e-01
-2106.876684	3.0004907818907522e-01
-2069.913935	3.0005162853854078e-01
-2032.951186	3.0012731063648979e-01
-1995.988437	3.0024364839826018e-01
-1959.025688	3.0023249262864327e-01
-1922.062939	3.0026472877105354e-01
-1885.100191	3.0026147122226121e-01
-1848.137442	3.0034048027848953e-01
-1811.174693	3.0035803499898928e-01
-1774.211944	3.0036970463803769e-01
-1737.249195	3.0037691720559623e-01
-1700.286446	3.0038526604258048e-01
-1663.323698	3.0040871254296003e-01
-1626.360949	3.0040736992754574e-01
-1589.398200	3.0040348544335216e-01
-1552.435451	3.0038485622844979e-01
-1515.472702	3.0043560164659211e-01
-1478.509953	3.0040838329912917e-01
-1441.547205	3.0042162943256867e-01
-1404.584456	3.0042467042261795e-01
-1367.621707	3.0042687643035265e-01
-1330.658958	3.0043201827517579e-01
-1293.696209	3.0044641189393512e-01
-1256.733460	3.0043442358474137e-01
-1219.770712	3.0044722298482207e-01
-1182.807963	3.0044207085452324e-01
-1145.845214	3.0041264963112319e-01
-1108.882465	3.0039058334432855e-01
-1071.919716	3.0037413482615188e-01
-1034.956967	3.0039255769301992e-01
-997.994219	3.0040527774460285e-01
-961.031470	3.0041428077048121e-01
-924.068721	3.0042532302332797e-01
-887.105972	3.0043987700384267e-01
-850.143223	3.0044683270737826e-01
-813.180474	3.0044237623860792e-01
-776.217726	3.0043337772066031e-01
-739.254977	3.0041365519307628e-01
-702.292228	3.0041537770073978e-01
-665.329479	3.0035995972887736e-01
-628.366730	3.0044115782203223e-01
-591.403981	3.0046255011400907e-01
-554.441233	3.0048032369132233e-01
-517.478484	3.0046925963985305e-01
-480.515735	3.0048590950467408e-01
-443.552986	3.0049552248789863e-01
-406.590237	3.0049264628543898e-01
-369.627488	3.0047789705494615e-01
-332.664740	3.0049596914460591e-01
-295.701991	3.0051291532526925e-01
-258.739242	3.0050994912565077e-01
-221.776493	3.0052114164963961e-01
-184.813744	3.0054287366991422e-01
-147.850995	3.0052701579372626e-01
-110.888247	3.0053053496255949e-01
-73.925498	3.0051648228922995e-01
-36.962749	3.0050589965928587e-01
0.000000	3.0048415145864182e-01
36.962749	3.0049474299897033e-01
73.925498	3.0051158731237620e-01
110.888247	3.0050589857340360e-01
147.850995	3.0053661156035089e-01
184.813744	3.0053930563727083e-01
221.776493	3.0054090417994606e-01
258.739242	3.0053509774434006e-01
295.701991	3.0053197418022143e-01
332.664740	3.0053164975262625e-01
369.627488	3.0052767525348867e-01
406.590237	3.0052046591245257e-01
443.552986	3.0057670719730506e-01
480.515735	3.0056192567751261e-01
517.478484	3.0051707770504626e-01
554.441233	3.0051903705969263e-01
591.403981	3.0055239370810494e-01
628.366730	3.0056989676038592e-01
665.329479	3.0057499153733758e-01
702.292228	3.0058574271148586e-01
739.254977	3.0058570323012418e-01
776.217726	3.0057286486418106e-01
813.180474	3.0057005591139851e-01
850.143223	3.0056585918488926e-01
887.105972	3.0055082549336981e-01
924.068721	3.0054976245152715e-01
961.031470	3.0056043438206115e-01
997.994219	3.0057024444569386e-01
1034.956967	3.0056638297424537e-01
1071.919716	3.0056214441368978e-01
1108.882465	3.0056298328050851e-01
1145.845214	3.0056568245331083e-01
1182.807963	3.0059506140480485e-01
1219.770712	3.0058132013452721e-01
1256.733460	3.0057334530688679e-01
1293.696209	3.0056913806821994e-01
1330.658958	3.0054597828238755e-01
1367.621707	3.0052272185615153e-01
1404.584456	3.0051225886619742e-01
1441.547205	3.0051608206778579e-01
1478.509953	3.0051230868572565e-01
1515.472702	3.0045716640588865e-01
1552.435451	3.0048181290570347e-01
1589.398200	3.0047841621174681e-01
1626.360949	3.0049256239916250e-01
1663.323698	3.0048020483208382e-01
1700.286446	3.0042667282440128e-01
1737.249195	3.0042049281954458e-01
1774.211944	3.0042943525749743e-01
1811.174693	3.0041917792730355e-01
1848.137442	3.0042618080874195e-01
1885.100191	3.0042751927338351e-01
1922.062939	3.0040868484322653e-01
1959.025688	3.0038412038311696e-01
1995.988437	3.0037608908997215e-01
2032.951186	3.0038142507482474e-01
2069.913935	3.0038267221780146e-01
2106.876684	3.0037542615360163e-01
2143.839432	3.0038803235173184e-01
2180.802181	3.0037543828481961e-01
2217.764930	3.0035791473986956e-01
2254.727679	3.0036523679057042e-01
2291.690428	3.0040084869591599e-01
2328.653177	3.0039490052729528e-01
2365.615925	3.0039388672322132e-01
2402.578674	3.0038483036986474e-01
2439.541423	3.0032854232541711e-01
2476.504172	3.0031429561017275e-01
2513.466921	3.0024885597571621e-01
2550.429670	3.0024779802341584e-01
2587.392418	3.0021578283321226e-01
2624.355167	3.0021598533040567e-01
2661.317916	3.0020611182207491e-01
2698.280665	3.0012683493683134e-01
2735.243414	3.0006679994602958e-01
2772.206163	3.0006499135578896e-01
2809.168911	3.0006710707929701e-01
2846.131660	3.0006357500345987e-01
2883.094409	3.0006897498173324e-01
2920.057158	3.0006703698987547e-01
2957.019907	3.0005439075762469e-01
2993.982656	3.0005708022082955e-01
3030.945404	3.0006861085089204e-01
3067.908153	3.0006736487700614e-01
3104.870902	3.0005050008407413e-01
3141.833651	3.0000016160888388e-01
3178.796400	3.0002912310399882e-01
3215.759149	3.0001244114455183e-01
3252.721897	2.9999415104228877e-01
3289.684646	2.9998889810851609e-01
3326.647395	2.9997902145354571e-01
3363.610144	2.9996687516146114e-01
3400.572893	2.9994140343288628e-01
3437.535642	2.9991508622027241e-01
3474.498390	2.9992647748085027e-01
3511.461139	2.9992711397851241e-01
3548.423888	2.9993849100308706e-01
3585.386637	2.9993457939435353e-01
3622.349386	2.9986289707324965e-01
3659.312135	2.9986132517017827e-01
3696.274883	2.9984700931672453e-01
3733.237632	2.9983633683684913e-01
3770.200381	2.9982620865948179e-01
3807.163130	2.9981007167694185e-01
3844.125879	2.9980124054110452e-01
3881.088628	2.9978149376565633e-01
3918.051376	2.9977668148255027e-01
3955.014125	2.9981464640778183e-01
3991.976874	2.9980964680790367e-01
4028.939623	2.9980917405536645e-01
4065.902372	2.9981781556078591e-01
4102.865121	2.9982685342276205e-01
4139.827869	2.9981306925482348e-01
4176.790618	2.9979176600920376e-01
4213.753367	2.9978335341437218e-01
4250.716116	2.9979720405722671e-01
4287.678865	2.9979881485485566e-01
4324.641614	2.9978673872438333e-01
4361.604362	2.9979119417662431e-01
4398.567111	2.9979123929651158e-01
4435.529860	2.9979074285642099e-01
4472.492609	2.9977006556875879e-01
4509.455358	2.9973587673453461e-01
4546.418107	2.9969533692792144e-01
4583.380855	2.9968723429869543e-01
4620.343604	2.9967228382166056e-01
4657.306353	2.9963550020077928e-01
4694.269102	2.9961595974589861e-01
4731.231851	2.9958717822689912e-01
4768.194600	2.9958002365050651e-01
4805.157348	2.9955500260094775e-01
4842.120097	2.9955278815405340e-01
4879.082846	2.9953747608149134e-01
4916.045595	2.9949272419031375e-01
4953.008344	2.9947125903936450e-01
4989.971093	2.9945974212651916e-01
5026.933841	2.9945631606683926e-01
5063.896590	2.9946047029078293e-01
5100.859339	2.9944868496152999e-01
5137.822088	2.9944322960956510e-01
5174.784837	2.9943559912265771e-01
5211.747586	2.9937573755725411e-01
5248.710334	2.9934869719601059e-01
5285.673083	2.9930377938790248e-01
5322.635832	2.9929354534210234e-01
5359.598581	2.9928922772440564e-01
5396.561330	2.9926323890710749e-01
5433.524079	2.9921840981972353e-01
5470.486827	2.9923817006605496e-01
5507.449576	2.9921622591762082e-01
5544.412325	2.9915650746669692e-01
5581.375074	2.9908197240646728e-01
5618.337823	2.9906921600246583e-01
5655.300572	2.9905238366761033e-01
5692.263320	2.9900980147766654e-01
5729.226069	2.9898196032031710e-01
5766.188818	2.9895679644093015e-01
5803.151567	2.9893222736886954e-01
5840.114316	2.9891537288792275e-01
5877.077065	2.9886618403480575e-01
5914.039813	2.9882707142504855e-01
5951.002562	2.9879050926271328e-01
5987.965311	2.9878203022184174e-01
6024.928060	2.9861956784814692e-01
6061.890809	2.9853944587188452e-01
6098.853558	2.9848122505972746e-01
6135.816307	2.9842648044582826e-01
6172.779055	2.9839230384634186e-01
6209.741804	2.9834984070442072e-01
6246.704553	2.9834143563493781e-01
6283.667302	2.9829532756891258e-01
6320.630051	2.9827122560565533e-01
6357.592800	2.9824140507975105e-01
6394.555548	2.9820913657943948e-01
6431.518297	2.9819931054280219e-01
6468.481046	2.9817078687589826e-01
6505.443795	2.9814736263159175e-01
6542.406544	2.9815310578373605e-01
6579.369293	2.9813749480704738e-01
6616.332041	2.9806699356526678e-01
6653.294790	2.9804970026680133e-01
6690.257539	2.9802822155099407e-01
6727.220288	2.9800032432875778e-01
6764.183037	2.9795881568743127e-01
6801.145786	2.9794023320932084e-01
6838.108534	2.9782355819750389e-01
6875.071283	2.9779457052353164e-01
6912.034032	2.9778944808586705e-01
6948.996781	2.9777286157907829e-01
6985.959530	2.9770493212344390e-01
7022.922279	2.9768450373696836e-01
7059.885027	2.9768264450064480e-01
7096.847776	2.9766339019797677e-01
7133.810525	2.9765194034318870e-01
7170.773274	2.9760420538648868e-01
7207.736023	2.9760637355173392e-01
7244.698772	2.9755546231487651e-01
7281.661520	2.9754349974850319e-01
7318.624269	2.9751174560542409e-01
7355.587018	2.9750863980699555e-01
7392.549767	2.9746487820447975e-01
7429.512516	2.9745181216921479e-01
7466.475265	2.9745634099756557e-01
7503.438013	2.9743304250832414e-01
7540.400762	2.9740374993554236e-01
7577.363511	2.9734495113707321e-01
7614.326260	2.9735213473218342e-01
7651.289009	2.9734117521812753e-01
7688.251758	2.9731300584139486e-01
7725.214506	2.9728449292800191e-01
7762.177255	2.9727794870833529e-01
7799.140004	2.9717889202661418e-01
7836.102753	2.9708918383692140e-01
7873.065502	2.9705566415676898e-01
7910.028251	2.9703308324557826e-01
7946.990999	2.9695249043753380e-01
7983.953748	2.9692250387210306e-01
8020.916497	2.9691637259106218e-01
8057.879246	2.9689168188499299e-01
8094.841995	2.9679952169634660e-01
8131.804744	2.9677739584694696e-01
8168.767492	2.9666082666274324e-01
8205.730241	2.9662647492094846e-01
8242.692990	2.9650515861021787e-01
8279.655739	2.9647271782784884e-01
8316.618488	2.9644137246794094e-01
8353.581237	2.9638896625381567e-01
8390.543985	2.9636874471286151e-01
8427.506734	2.9633831296158741e-01
8464.469483	2.9630628252016117e-01
8501.432232	2.9623942906836304e-01
8538.394981	2.9616873074941158e-01
8575.357730	2.9616669312491689e-01
8612.320478	2.9612904427274228e-01
8649.283227	2.9607936971842558e-01
8686.245976	2.9601656618285505e-01
8723.208725	2.9594544770680298e-01
8760.171474	2.9590645344079658e-01
8797.134223	2.9586928491263320e-01
8834.096971	2.9566474858361846e-01
8871.059720	2.9561485242182156e-01
8908.022469	2.9554442386027308e-01
8944.985218	2.9546033792129028e-01
8981.947967	2.9538734559238977e-01
9018.910716	2.9522541272973335e-01
9055.873464	2.9508224992226456e-01
9092.836213	2.9489971991569891e-01
9129.798962	2.9485403861105991e-01
9166.761711	2.9483821226798146e-01
9203.724460	2.9478617830309922e-01
9240.687209	2.9477300174656662e-01
9277.649957	2.9474922058437497e-01
9314.612706	2.9471036181203314e-01
9351.575455	2.9457928560660079e-01
9388.538204	2.9456776380667449e-01
9425.500953	2.9456109166730976e-01
9462.463702	2.9446485844072406e-01
9499.426450	2.9435034918901126e-01
9536.389199	2.9429422809908007e-01
9573.351948	2.9427332819713775e-01
9610.314697	2.9420629799444187e-01
9647.277446	2.9394782191254254e-01
9684.240195	2.9383283281162720e-01
9721.202943	2.9380648377537733e-01
9758.165692	2.9378902157993114e-01
9795.128441	2.9375306808348273e-01
9832.091190	2.9373992792478615e-01
9869.053939	2.9359466142910923e-01
9906.016688	2.9353218445030915e-01
9942.979436	2.9338017326613253e-01
9979.942185	2.9323627055459872e-01
10016.904934	2.9320597792556558e-01
10053.867683	2.9314229790474733e-01
10090.830432	2.9301176107600019e-01
10127.793181	2.9285557796074335e-01
10164.755929	2.9264194692795442e-01
10201.718678	2.9260430665494352e-01
10238.681427	2.9253688706371012e-01
10275.644176	2.9243230237738649e-01
10312.606925	2.9208716018971576e-01
10349.569674	2.9204497922529110e-01
10386.532422	2.9199225480699975e-01
10423.495171	2.9195440516079896e-01
10460.457920	2.9183015850809113e-01
10497.420669	2.9175349825479269e-01
10534.383418	2.9150993549173249e-01
10571.346167	2.9145302065110862e-01
10608.308915	2.9139431121400766e-01
10645.271664	2.9126265325713074e-01
10682.234413	2.9105475100002803e-01
10719.197162	2.9100396592530270e-01
10756.159911	2.9093713186865006e-01
10793.122660	2.9092228879368220e-01
10830.085408	2.9089252762418472e-01
10867.048157	2.9071465624998749e-01
10904.010906	2.9069381975443298e-01
10940.973655	2.9036151889848050e-01
10977.936404	2.9032131757410090e-01
11014.899153	2.9029402037177798e-01
11051.861901	2.9015329632159936e-01
11088.824650	2.9010694115731572e-01
11125.787399	2.8990488262942171e-01
11162.750148	2.8968718390240272e-01
11199.712897	2.8947973817699468e-01
11236.675646	2.8942289305004903e-01
11273.638394	2.8930932212645966e-01
11310.601143	2.8922987933216926e-01
11347.563892	2.8899456716798516e-01
11384.526641	2.8891017949126446e-01
11421.489390	2.8874526864989503e-01
11458.452139	2.8871862834934142e-01
11495.414887	2.8864683704641908e-01
11532.377636	2.8861178146583627e-01
11569.340385	2.8857606237930011e-01
11606.303134	2.8856019413689504e-01
11643.265883	2.8853990485185826e-01
11680.228632	2.8849417675787531e-01
11717.191380	2.8846782306343782e-01
11754.154129	2.8837968777278455e-01
11791.116878	2.8831903325385067e-01
11828.079627	2.8820285523269745e-01
11865.042376	2.8810042517328077e-01
11902.005125	2.8807170407300942e-01
11938.967873	2.8804043827553616e-01
11975.930622	2.8801777907626386e-01
12012.893371	2.8791632633481162e-01
12049.856120	2.8787848179770381e-01
12086.818869	2.8784644469691401e-01
12123.781618	2.8765459041697633e-01
12160.744366	2.8759504519218132e-01
12197.707115	2.8753794538075250e-01
12234.669864	2.8746281006357527e-01
12271.632613	2.8723552332650132e-01
12308.595362	2.8712034277336118e-01
12345.558111	2.8708358249605864e-01
12382.520860	2.8706160122182234e-01
12419.483608	2.8680273725523958e-01
12456.446357	2.8651078942988145e-01
12493.409106	2.8628160445980227e-01
12530.371855	2.8590244559471556e-01
12567.334604	2.8584423710600582e-01
12604.297353	2.8577579459300601e-01
12641.260101	2.8569191887368089e-01
12678.222850	2.8553853187367562e-01
12715.185599	2.8526530441952647e-01
12752.148348	2.8523012209683107e-01
12789.111097	2.8521872762990208e-01
12826.073846	2.8482540400015277e-01
12863.036594	2.8456573134385321e-01
12899.999343	2.8442441975469934e-01
12936.962092	2.8438485818726295e-01
12973.924841	2.8436584485186583e-01
13010.887590	2.8424547365452679e-01
13047.850339	2.8406397970566966e-01
13084.813087	2.8405630059017262e-01
13121.775836	2.8404260215203553e-01
13158.738585	2.8381631293405307e-01
13195.701334	2.8378895026231649e-01
13232.664083	2.8370111984170743e-01
13269.626832	2.8349969109294926e-01
13306.589580	2.8348177444186901e-01
13343.552329	2.8344685856994895e-01
13380.515078	2.8326488316722459e-01
13417.477827	2.8316983145408403e-01
13454.440576	2.8289270058736621e-01
13491.403325	2.8276619179507057e-01
13528.366073	2.8263444633814921e-01
13565.328822	2.8242727429947589e-01
13602.291571	2.8231567172884459e-01
13639.254320	2.8224236466692831e-01
13676.217069	2.8219538282635037e-01
13713.179818	2.8200461888984624e-01
13750.142566	2.8179655676140147e-01
13787.105315	2.8177593970228110e-01
13824.068064	2.8167069619129248e-01
13861.030813	2.8150094499547829e-01
13897.993562	2.8145019170426849e-01
13934.956311	2.8137938750062602e-01
13971.919059	2.8128195943182244e-01
14008.881808	2.8115724230065725e-01
14045.844557	2.8111685183558355e-01
14082.807306	2.8093563142886724e-01
14119.770055	2.8082761078455870e-01
14156.732804	2.8056254158598287e-01
14193.695552	2.8009608365373084e-01
14230.658301	2.7989007268640920e-01
14267.621050	2.7977426493037899e-01
14304.583799	2.7970685560211173e-01
14341.546548	2.7967452481634791e-01
14378.509297	2.7954715492121807e-01
14415.472045	2.7939815160583187e-01
14452.434794	2.7932855521596223e-01
14489.397543	2.7924630593131183e-01
14526.360292	2.7903735243714523e-01
14563.323041	2.7900067369897796e-01
14600.285790	2.7888872982800694e-01
14637.248538	2.7838250244623797e-01
14674.211287	2.7802724171570969e-01
14711.174036	2.7784723611151191e-01
14748.136785	2.7782345404484804e-01
14785.099534	2.7770731962252598e-01
14822.062283	2.7751986612704510e-01
14859.025031	2.7738459987941066e-01
14895.987780	2.7733728425925613e-01
14932.950529	2.7732244035851883e-01
14969.913278	2.7725868378159668e-01
15006.876027	2.7704951822249163e-01
15043.838776	2.7696253522137387e-01
15080.801524	2.7690726510249714e-01
15117.764273	2.7655457750448925e-01
15154.727022	2.7651440645845288e-01
15191.689771	2.7621286070733930e-01
15228.652520	2.7619761347607297e-01
15265.615269	2.7584620874905719e-01
15302.578017	2.7569361062427589e-01
15339.540766	2.7565284793147582e-01
15376.503515	2.7546792991153513e-01
15413.466264	2.7543657729381649e-01
15450.429013	2.7494257263111260e-01
15487.391762	2.7480352821859921e-01
15524.354510	2.7476313587469497e-01
15561.317259	2.7423224140242919e-01
15598.280008	2.7417336348848842e-01
15635.242757	2.7411800551353172e-01
15672.205506	2.7403516162876468e-01
15709.168255	2.7399085556044556e-01
15746.131003	2.7349212515475457e-01
15783.093752	2.7287834883596918e-01
15820.056501	2.7286266719654323e-01
15857.019250	2.7254149194794303e-01
15893.981999	2.7251878022156506e-01
15930.944748	2.7246265474724096e-01
15967.907496	2.7241137125476966e-01
16004.870245	2.7228206458783027e-01
16041.832994	2.7164569050866472e-01
16078.795743	2.7114034233331880e-01
16115.758492	2.7104216200226583e-01
16152.721241	2.7063523971265618e-01
16189.683989	2.7013004270820157e-01
16226.646738	2.7003118121167524e-01
16263.609487	2.6994097746993934e-01
16300.572236	2.6930467271498088e-01
16337.534985	2.6896139921198642e-01
16374.497734	2.6881693556316821e-01
16411.460482	2.6865225732145759e-01
16448.423231	2.6863005309445176e-01
16485.385980	2.6858099353956011e-01
16522.348729	2.6829413276930975e-01
16559.311478	2.6821935348549192e-01
16596.274227	2.6810958597665796e-01
16633.236975	2.6787795359706351e-01
16670.199724	2.6784810133826675e-01
16707.162473	2.6730237114267907e-01
16744.125222	2.6712331087743008e-01
16781.087971	2.6691124347038242e-01
16818.050720	2.6653400868325977e-01
16855.013468	2.6617382284585323e-01
16891.976217	2.6585400807527626e-01
16928.938966	2.6583342816709088e-01
16965.901715	2.6558369589222863e-01
17002.864464	2.6483043189964661e-01
17039.827213	2.6480882499316322e-01
17076.789961	2.6439290883345379e-01
17113.752710	2.6424973090841469e-01
17150.715459	2.6385690878497825e-01
17187.678208	2.6363590456585273e-01
17224.640957	2.6354179047675402e-01
17261.603706	2.6345064957944503e-01
17298.566454	2.6329860412212164e-01
17335.529203	2.6298736003277290e-01
17372.491952	2.6198343082935804e-01
17409.454701	2.6190551538635842e-01
17446.417450	2.6171546044539507e-01
17483.380199	2.6156441291401289e-01
17520.342947	2.6128166511227158e-01
17557.305696	2.6119405810903884e-01
17594.268445	2.6062932153625623e-01
17631.231194	2.6041789618159533e-01
17668.193943	2.6008666027710442e-01
17705.156692	2.5940849124502441e-01
17742.119440	2.5931086919048718e-01
17779.082189	2.5927549174760300e-01
17816.044938	2.5918363292539431e-01
17853.007687	2.5869640170409341e-01
17889.970436	2.5839708657778926e-01
17926.933185	2.5796628467940735e-01
17963.895933	2.5793215096223748e-01
18000.858682	2.5730197604610033e-01
18037.821431	2.5714604810801373e-01
18074.784180	2.5627708156445367e-01
18111.746929	2.5509171800893737e-01
18148.709678	2.5497383000799295e-01
18185.672426	2.5437771081242661e-01
18222.635175	2.5373716127402540e-01
18259.597924	2.5369167634894968e-01
18296.560673	2.5345208858269841e-01
18333.523422	2.5327460417647246e-01
18370.486171	2.5284146971050120e-01
18407.448920	2.5237758785194520e-01
18444.411668	2.5229114847249456e-01
18481.374417	2.5219754532454669e-01
18518.337166	2.5211311849353568e-01
18555.299915	2.5160975742779601e-01
18592.262664	2.5102126052272916e-01
18629.225413	2.5076600643179248e-01
18666.188161	2.5017040797465834e-01
18703.150910	2.5007981255848877e-01
18740.113659	2.4975207910080066e-01
18777.076408	2.4906609583063563e-01
18814.039157	2.4895562344687747e-01
18851.001906	2.4787053165225645e-01
18887.964654	2.4757888037640194e-01
18924.927403	2.4740058986252972e-01
18961.890152	2.4719201192440557e-01
18998.852901	2.4652837375463774e-01
19035.815650	2.4615134161599669e-01
19072.778399	2.4551463873571686e-01
19109.741147	2.4499686118432781e-01
19146.703896	2.4496009067714725e-01
19183.666645	2.4458469918591505e-01
19220.629394	2.4433917786158080e-01
19257.592143	2.4427723510562799e-01
19294.554892	2.4419516013247256e-01
19331.517640	2.4396544342379070e-01
19368.480389	2.4367267395889144e-01
19405.443138	2.4308522316694975e-01
19442.405887	2.4232030391474640e-01
19479.368636	2.4229486153328003e-01
19516.331385	2.4208080411432295e-01
19553.294133	2.4133307704644028e-01
19590.256882	2.4022897251787514e-01
19627.219631	2.4006583540462392e-01
19664.182380	2.3985426294219653e-01
19701.145129	2.3935298090067783e-01
19738.107878	2.3916320876137764e-01
19775.070626	2.3822093940446443e-01
19812.033375	2.3808318543030374e-01
19848.996124	2.3786180465554066e-01
19885.958873	2.3779900662121861e-01
19922.921622	2.3743989317667363e-01
19959.884371	2.3557105916599616e-01
19996.847119	2.3550207256231301e-01
20033.809868	2.3547472374108383e-01
20070.772617	2.3523863702628744e-01
20107.735366	2.3498389614663287e-01
20144.698115	2.3475320373476802e-01
20181.660864	2.3416041519674044e-01
20218.623612	2.3387283618556462e-01
20255.586361	2.3336761488575272e-01
20292.549110	2.3251374994303095e-01
20329.511859	2.3226247126824257e-01
20366.474608	2.3076084076886094e-01
20403.437357	2.3050430562723984e-01
20440.400105	2.3047441845084321e-01
20477.362854	2.3023993293730907e-01
20514.325603	2.3006302879024160e-01
20551.288352	2.2812723536378565e-01
20588.251101	2.2761677374016706e-01
20625.213850	2.2655277091109793e-01
20662.176598	2.2608262280890171e-01
20699.139347	2.2450560567700556e-01
20736.102096	2.2382236009838669e-01
20773.064845	2.2345995921026021e-01
20810.027594	2.2232614419968902e-01
20846.990343	2.2123963610436767e-01
20883.953091	2.2086423325345367e-01
20920.915840	2.2009473014592856e-01
20957.878589	2.1998337781645566e-01
20994.841338	2.1979473542046918e-01
21031.804087	2.1972029927787692e-01
21068.766836	2.1921893936718675e-01
21105.729584	2.1826071408646819e-01
21142.692333	2.1761913600839972e-01
21179.655082	2.1712359616134103e-01
21216.617831	2.1575062492942806e-01
21253.580580	2.1549792604379156e-01
21290.543329	2.1543436675531819e-01
21327.506077	2.1475508624908804e-01
21364.468826	2.1402956583373617e-01
21401.431575	2.1284787926845830e-01
21438.394324	2.1276911378016947e-01
21475.357073	2.1237910908328922e-01
21512.319822	2.1125188877176168e-01
21549.282570	2.1046443991436400e-01
21586.245319	2.1030029572795580e-01
21623.208068	2.1007164671449341e-01
21660.170817	2.0921873701962199e-01
21697.133566	2.0863881260139461e-01
21734.096315	2.0852588182478449e-01
21771.059063	2.0776260139123670e-01
21808.021812	2.0711929373482835e-01
21844.984561	2.0565056907368132e-01
21881.947310	2.0508598128804800e-01
21918.910059	2.0499842438753313e-01
21955.872808	2.0433644440374951e-01
21992.835556	2.0369305108528268e-01
22029.798305	2.0347932365272084e-01
22066.761054	2.0215023522243933e-01
22103.723803	2.0143813680933267e-01
22140.686552	2.0029605937979741e-01
22177.649301	1.9872570308715193e-01
22214.612049	1.9840057853627394e-01
22251.574798	1.9715149899902160e-01
22288.537547	1.9514362800118329e-01
22325.500296	1.9481307974563722e-01
22362.463045	1.9380216813308382e-01
22399.425794	1.9320518948776674e-01
22436.388542	1.9259051226003474e-01
22473.351291	1.9171350124498182e-01
22510.314040	1.8937156435487637e-01
22547.276789	1.8833852124009373e-01
22584.239538	1.8659034230295715e-01
22621.202287	1.8607953431107585e-01
22658.165035	1.8370706671155695e-01
22695.127784	1.8301475694632138e-01
22732.090533	1.8276823286080396e-01
22769.053282	1.8203520109048626e-01
22806.016031	1.8182102637478448e-01
22842.978780	1.8177692530175293e-01
22879.941528	1.8069886213416461e-01
22916.904277	1.7779401012325571e-01
22953.867026	1.7737042550780910e-01
22990.829775	1.7697313867511208e-01
23027.792524	1.7681375981690634e-01
23064.755273	1.7491733369027113e-01
23101.718021	1.7452350020883078e-01
23138.680770	1.7409120678822138e-01
23175.643519	1.7391804768004296e-01
23212.606268	1.7238493096301766e-01
23249.569017	1.7094945059770536e-01
23286.531766	1.7061491949220445e-01
23323.494514	1.7056918754291134e-01
23360.457263	1.7014832450410522e-01
23397.420012	1.6961870715940072e-01
23434.382761	1.6950296534455664e-01
23471.345510	1.6786466324713514e-01
23508.308259	1.6660261163140494e-01
23545.271007	1.6438255462253029e-01
23582.233756	1.6233700617040198e-01
23619.196505	1.6230117279119330e-01
23656.159254	1.6159167188286114e-01
23693.122003	1.5902976443633554e-01
23730.084752	1.5893301431247209e-01
23767.047500	1.5771808359040129e-01
23804.010249	1.5634799433635688e-01
23840.972998	1.5276895642099250e-01
23877.935747	1.5200480960936710e-01
23914.898496	1.5098821664121645e-01
23951.861245	1.5056287443000926e-01
23988.823993	1.4998344868820468e-01
24025.786742	1.4872480124349929e-01
24062.749491	1.4367247394196947e-01
24099.712240	1.4348560286939613e-01
24136.674989	1.4336359021319051e-01
24173.637738	1.4135512930854321e-01
24210.600486	1.3718000313004219e-01
24247.563235	1.3666651080598161e-01
24284.525984	1.3303193115284376e-01
24321.488733	1.3273057243369865e-01
24358.451482	1.3155810426599018e-01
24395.414231	1.2963492680385957e-01
24432.376980	1.2925473465045531e-01
24469.339728	1.2883512577992151e-01
24506.302477	1.2864592553769960e-01
24543.265226	1.2789933708188647e-01
24580.227975	1.2777069525052726e-01
24617.190724	1.2768290347146594e-01
24654.153473	1.2608186808842151e-01
24691.116221	1.2320068523314644e-01
24728.078970	1.2289860984641715e-01
24765.041719	1.2026521480837021e-01
24802.004468	1.1661576430286076e-01
24838.967217	1.1542376694348355e-01
24875.929966	1.0953132606640588e-01
24912.892714	1.0807613253675900e-01
24949.855463	1.0489197846048920e-01
24986.818212	1.0456535720902400e-01
25023.780961	1.0449440711819558e-01
25060.743710	1.0263985057737469e-01
25097.706459	1.0236017105266969e-01
25134.669207	9.3963514470158743e-02
25171.631956	9.0773089552527844e-02
25208.594705	8.8146682023603762e-02
25245.557454	8.7701093953173687e-02
25282.520203	8.7289368426093569e-02
25319.482952	8.7039251439233745e-02
25356.445700	8.5694783051414231e-02
25393.408449	8.0717168345870269e-02
25430.371198	8.0234313561065640e-02
25467.333947	7.9032820356279190e-02
25504.296696	7.8702257433101261e-02
25541.259445	7.6993184411857873e-02
25578.222193	7.5819282909060232e-02
25615.184942	7.5060152770575234e-02
25652.147691	7.2510070339360494e-02
25689.110440	6.6532346020169303e-02
25726.073189	6.5411836252389041e-02
25763.035938	6.1995481878862557e-02
25799.998686	6.0164396201421784e-02
25836.961435	5.9664520561494190e-02
25873.924184	5.9552182917682522e-02
25910.886933	5.8954302985625776e-02
25947.849682	5.8638431747922451e-02
25984.812431	5.7471338587174021e-02
26021.775179	5.3839983938409830e-02
26058.737928	5.2604986524065520e-02
26095.700677	5.1875239756529669e-02
26132.663426	5.0763509166654903e-02
26169.626175	5.0442621255862699e-02
26206.588924	4.9345761518358525e-02
26243.551672	4.4412580203030350e-02
26280.514421	4.0530033566030174e-02
26317.477170	3.9154748472093250e-02
26354.439919	3.8488605952648580e-02
26391.402668	3.7244112692814538e-02
26428.365417	3.3168424141892555e-02
26465.328165	2.2620510638663782e-02
26502.290914	1.7015632630019376e-02
26539.253663	1.6590290418833687e-02
26576.216412	1.1034324972806733e-02
26613.179161	9.7249732965872682e-03
26650.141910	9.2338768345569602e-03
26687.104658	8.9022389099972683e-03
26724.067407	8.2016963465027289e-03
26761.030156	4.6839335097700122e-03
26797.992905	4.2335079331414270e-03
26834.955654	3.8147948971107471e-03
26871.918403	1.3851126199984061e-03
