-31440.405746	3.3672855920573231e-03
-31394.440241	6.4473558200374989e-03
-31348.474735	7.3569030735228386e-03
-31302.509230	7.6886473572222213e-03
-31256.543724	7.8421482257761844e-03
-31210.578219	8.4731023243218937e-03
-31164.612713	8.7651078044869990e-03
-31118.647208	1.1014827366063327e-02
-31072.681702	1.1719408743159854e-02
-31026.716197	1.3207116628478602e-02
-30980.750691	1.4970466957051638e-02
-30934.785186	1.6210889886383154e-02
-30888.819681	1.7078130833999280e-02
-30842.854175	1.9817489680714874e-02
-30796.888670	2.2026205847833640e-02
-30750.923164	2.2924205727914933e-02
-30704.957659	2.3604504409489448e-02
-30658.992153	2.4278365174966569e-02
-30613.026648	2.7303572605884414e-02
-30567.061142	2.8547980912141880e-02
-30521.095637	3.3635710166648812e-02
-30475.130131	3.4337698494288804e-02
-30429.164626	3.4402524732784552e-02
-30383.199120	3.4438610274410288e-02
-30337.233615	3.8907967468704445e-02
-30291.268109	3.9739493310548435e-02
-30245.302604	4.0278834841190138e-02
-30199.337098	4.1666525101577062e-02
-30153.371593	4.4464949274419255e-02
-30107.406087	4.5276062834664017e-02
-30061.440582	4.7631369329985414e-02
-30015.475076	5.1949652647887597e-02
-29969.509571	5.2052135586104623e-02
-29923.544066	5.3176573836805061e-02
-29877.578560	5.3384094441849786e-02
-29831.613055	5.3887746413800397e-02
-29785.647549	5.4654075581500136e-02
-29739.682044	5.5005223029036751e-02
-29693.716538	5.8114710957514158e-02
-29647.751033	6.0148696461828507e-02
-29601.785527	6.0268998632104949e-02
-29555.820022	6.1843784442294353e-02
-29509.854516	6.2346989336738108e-02
-29463.889011	6.3098641588569482e-02
-29417.923505	6.6500611476882326e-02
-29371.958000	6.7661715383518617e-02
-29325.992494	6.8199781820774893e-02
-29280.026989	6.8438462720937593e-02
-29234.061483	6.8581435606001107e-02
-29188.095978	6.8859663278854205e-02
-29142.130472	6.8924429454985586e-02
-29096.164967	6.9532728619996251e-02
-29050.199461	7.3174685850111346e-02
-29004.233956	7.3290266383135946e-02
-28958.268450	7.3909355941184293e-02
-28912.302945	7.4958052010777557e-02
-28866.337440	7.5366925337960633e-02
-28820.371934	7.5663569925227214e-02
-28774.406429	7.5821001090925808e-02
-28728.440923	7.8309113016991977e-02
-28682.475418	7.9404357216733001e-02
-28636.509912	7.9554942116670940e-02
-28590.544407	7.9924516891436079e-02
-28544.578901	7.9971385462186101e-02
-28498.613396	8.0796030029011187e-02
-28452.647890	8.0861192932480550e-02
-28406.682385	8.1005691142806938e-02
-28360.716879	8.1535605864172800e-02
-28314.751374	8.2065490088131118e-02
-28268.785868	8.2235978733613116e-02
-28222.820363	8.2624834528838412e-02
-28176.854857	8.3236346404643766e-02
-28130.889352	8.3678171644484725e-02
-28084.923846	8.3878232545110135e-02
-28038.958341	8.4200545836560031e-02
-27992.992835	8.4565943492846019e-02
-27947.027330	8.6102400171794269e-02
-27901.061825	8.6354134501355970e-02
-27855.096319	8.6898496910925535e-02
-27809.130814	8.7034198010016009e-02
-27763.165308	8.7119725242223847e-02
-27717.199803	8.7495674959723518e-02
-27671.234297	8.8331967236346620e-02
-27625.268792	8.8781986710866817e-02
-27579.303286	9.0120559679708084e-02
-27533.337781	9.0245545841478397e-02
-27487.372275	9.2022115199290197e-02
-27441.406770	9.3493543256520470e-02
-27395.441264	9.3707859115176650e-02
-27349.475759	9.4869157600069060e-02
-27303.510253	9.7086947239861970e-02
-27257.544748	9.8766364775982982e-02
-27211.579242	1.0497737209362301e-01
-27165.613737	1.0599985611089409e-01
-27119.648231	1.0967739029984727e-01
-27073.682726	1.1252911099182723e-01
-27027.717220	1.1390303452506463e-01
-26981.751715	1.1460413105507981e-01
-26935.786210	1.1676085108969390e-01
-26889.820704	1.1906121893548895e-01
-26843.855199	1.2046357626327066e-01
-26797.889693	1.2127831236569037e-01
-26751.924188	1.2184173233980888e-01
-26705.958682	1.2199783309422917e-01
-26659.993177	1.2271727355412124e-01
-26614.027671	1.2282999033833422e-01
-26568.062166	1.2308965197816547e-01
-26522.096660	1.2428132580860611e-01
-26476.131155	1.2572665416608167e-01
-26430.165649	1.2630960752256876e-01
-26384.200144	1.2674365527571163e-01
-26338.234638	1.2709874924999187e-01
-26292.269133	1.2925702261832617e-01
-26246.303627	1.3232791165785246e-01
-26200.338122	1.3320018262819514e-01
-26154.372616	1.3511270381784696e-01
-26108.407111	1.3550121011189323e-01
-26062.441605	1.3602099638591778e-01
-26016.476100	1.3676887531849832e-01
-25970.510594	1.3840792950061950e-01
-25924.545089	1.3847035635993432e-01
-25878.579584	1.4141358575169147e-01
-25832.614078	1.4336040978554432e-01
-25786.648573	1.4553181718163263e-01
-25740.683067	1.4978097920156211e-01
-25694.717562	1.5016958933287156e-01
-25648.752056	1.5097583763349101e-01
-25602.786551	1.5134777464581159e-01
-25556.821045	1.5534248369521958e-01
-25510.855540	1.5570876929404423e-01
-25464.890034	1.5635190196318863e-01
-25418.924529	1.5695736855833389e-01
-25372.959023	1.5881425616585246e-01
-25326.993518	1.5894714861607287e-01
-25281.028012	1.5900991694254768e-01
-25235.062507	1.5971870653608397e-01
-25189.097001	1.6110058413819944e-01
-25143.131496	1.6199870133862251e-01
-25097.165990	1.6379581995906176e-01
-25051.200485	1.6496249115736783e-01
-25005.234979	1.6674441637993351e-01
-24959.269474	1.6702859477492282e-01
-24913.303969	1.6856512387361361e-01
-24867.338463	1.6866857622846845e-01
-24821.372958	1.6917949012900566e-01
-24775.407452	1.6940560319485951e-01
-24729.441947	1.7017088987462919e-01
-24683.476441	1.7108014755013640e-01
-24637.510936	1.7113960791218796e-01
-24591.545430	1.7231282195201253e-01
-24545.579925	1.7315610555256336e-01
-24499.614419	1.7387231693199739e-01
-24453.648914	1.7391517856578395e-01
-24407.683408	1.7396235287748935e-01
-24361.717903	1.7576982914518402e-01
-24315.752397	1.7582131769707418e-01
-24269.786892	1.7643492171229597e-01
-24223.821386	1.7690898159162802e-01
-24177.855881	1.7706814425945014e-01
-24131.890375	1.7809959653548652e-01
-24085.924870	1.7904056002847252e-01
-24039.959364	1.7941678126146643e-01
-23993.993859	1.8030161571796230e-01
-23948.028354	1.8069601405923016e-01
-23902.062848	1.8135196107887455e-01
-23856.097343	1.8139816355198152e-01
-23810.131837	1.8312826572146523e-01
-23764.166332	1.8318758971459070e-01
-23718.200826	1.8374685257078044e-01
-23672.235321	1.8516296557329229e-01
-23626.269815	1.8584844168419443e-01
-23580.304310	1.8599727148776060e-01
-23534.338804	1.8691583828001271e-01
-23488.373299	1.8742724004627376e-01
-23442.407793	1.8810890730505703e-01
-23396.442288	1.8828672924413598e-01
-23350.476782	1.8872011008445813e-01
-23304.511277	1.8897326278263174e-01
-23258.545771	1.8904981789575515e-01
-23212.580266	1.8981350006644765e-01
-23166.614760	1.9062976083713967e-01
-23120.649255	1.9116767063111137e-01
-23074.683749	1.9161799353550757e-01
-23028.718244	1.9204082608590586e-01
-22982.752738	1.9207580788229164e-01
-22936.787233	1.9242854886093169e-01
-22890.821728	1.9247915837211865e-01
-22844.856222	1.9410523482519534e-01
-22798.890717	1.9433264499125477e-01
-22752.925211	1.9441275889808152e-01
-22706.959706	1.9446708111148578e-01
-22660.994200	1.9455561359261639e-01
-22615.028695	1.9478616889189598e-01
-22569.063189	1.9503214156388654e-01
-22523.097684	1.9520257902310020e-01
-22477.132178	1.9538770055624771e-01
-22431.166673	1.9542098182007825e-01
-22385.201167	1.9554106605703231e-01
-22339.235662	1.9690427926910886e-01
-22293.270156	1.9874483661575390e-01
-22247.304651	1.9898725897517724e-01
-22201.339145	1.9975095009236332e-01
-22155.373640	2.0007258097147296e-01
-22109.408134	2.0058799576505645e-01
-22063.442629	2.0145573180341741e-01
-22017.477123	2.0148348220240375e-01
-21971.511618	2.0169487615884168e-01
-21925.546113	2.0210330176366567e-01
-21879.580607	2.0225865881719016e-01
-21833.615102	2.0256699605551534e-01
-21787.649596	2.0314196720091951e-01
-21741.684091	2.0335517190593119e-01
-21695.718585	2.0420237370763389e-01
-21649.753080	2.0446954221907698e-01
-21603.787574	2.0531948875191483e-01
-21557.822069	2.0571440347475825e-01
-21511.856563	2.0602617593518949e-01
-21465.891058	2.0762047767490158e-01
-21419.925552	2.0900836841286918e-01
-21373.960047	2.0997896584204367e-01
-21327.994541	2.1018479655729747e-01
-21282.029036	2.1153211505822905e-01
-21236.063530	2.1177267558712976e-01
-21190.098025	2.1220007849524331e-01
-21144.132519	2.1230925792849606e-01
-21098.167014	2.1266476386613709e-01
-21052.201508	2.1292410837740711e-01
-21006.236003	2.1416679170166383e-01
-20960.270498	2.1640050288123586e-01
-20914.304992	2.1649541813620349e-01
-20868.339487	2.1669277141068058e-01
-20822.373981	2.1685123050187424e-01
-20776.408476	2.1719846470875556e-01
-20730.442970	2.1754830005287509e-01
-20684.477465	2.1774119252445870e-01
-20638.511959	2.1801184969756920e-01
-20592.546454	2.1807372931049201e-01
-20546.580948	2.1841450454820360e-01
-20500.615443	2.1845248043754112e-01
-20454.649937	2.1905729855630540e-01
-20408.684432	2.2074749333388671e-01
-20362.718926	2.2088335754209079e-01
-20316.753421	2.2250804023209261e-01
-20270.787915	2.2293640348144864e-01
-20224.822410	2.2314322252340191e-01
-20178.856904	2.2330867519621700e-01
-20132.891399	2.2471412408873159e-01
-20086.925893	2.2498343960165590e-01
-20040.960388	2.2531683352273107e-01
-19994.994882	2.2580756268232463e-01
-19949.029377	2.2597284489127878e-01
-19903.063872	2.2611219804971169e-01
-19857.098366	2.2639087534224708e-01
-19811.132861	2.2663106671321415e-01
-19765.167355	2.2731002149340099e-01
-19719.201850	2.2763242194711475e-01
-19673.236344	2.2772099440177027e-01
-19627.270839	2.2806117343300369e-01
-19581.305333	2.2850755896620867e-01
-19535.339828	2.2860371556072426e-01
-19489.374322	2.2872778987100709e-01
-19443.408817	2.2881715578573647e-01
-19397.443311	2.2884049631603862e-01
-19351.477806	2.2907913902363625e-01
-19305.512300	2.2924729534794633e-01
-19259.546795	2.2948517243932751e-01
-19213.581289	2.2962559487458267e-01
-19167.615784	2.3068707408942760e-01
-19121.650278	2.3125624557931318e-01
-19075.684773	2.3160930097498725e-01
-19029.719267	2.3265822744776715e-01
-18983.753762	2.3285252963502079e-01
-18937.788257	2.3329896547793702e-01
-18891.822751	2.3385442579211849e-01
-18845.857246	2.3398827527244317e-01
-18799.891740	2.3417186235353571e-01
-18753.926235	2.3459459035755414e-01
-18707.960729	2.3558746285644935e-01
-18661.995224	2.3590729177407394e-01
-18616.029718	2.3595864448867274e-01
-18570.064213	2.3612623551666223e-01
-18524.098707	2.3621235525195333e-01
-18478.133202	2.3656277821419647e-01
-18432.167696	2.3658694161153965e-01
-18386.202191	2.3685963694429091e-01
-18340.236685	2.3690421160989286e-01
-18294.271180	2.3721847884798061e-01
-18248.305674	2.3855805505099933e-01
-18202.340169	2.3862253299124062e-01
-18156.374663	2.3870123801844939e-01
-18110.409158	2.3912940145132008e-01
-18064.443652	2.3921030692492437e-01
-18018.478147	2.3968485191486988e-01
-17972.512641	2.4008377991129395e-01
-17926.547136	2.4019100729127646e-01
-17880.581631	2.4029954999597183e-01
-17834.616125	2.4046949622046429e-01
-17788.650620	2.4067154661392803e-01
-17742.685114	2.4107418798465283e-01
-17696.719609	2.4138107820619348e-01
-17650.754103	2.4179839372615519e-01
-17604.788598	2.4217372032223233e-01
-17558.823092	2.4257597571777997e-01
-17512.857587	2.4271171973242925e-01
-17466.892081	2.4340380489037303e-01
-17420.926576	2.4361727684955511e-01
-17374.961070	2.4374063478710548e-01
-17328.995565	2.4396592534220002e-01
-17283.030059	2.4425687189728648e-01
-17237.064554	2.4432108440226807e-01
-17191.099048	2.4465906740344653e-01
-17145.133543	2.4468207307451306e-01
-17099.168037	2.4494481278833669e-01
-17053.202532	2.4502843189431606e-01
-17007.237026	2.4537656155067816e-01
-16961.271521	2.4593178839848004e-01
-16915.306016	2.4619016095500362e-01
-16869.340510	2.4621993036243942e-01
-16823.375005	2.4678939427100050e-01
-16777.409499	2.4687035852659192e-01
-16731.443994	2.4853291556610932e-01
-16685.478488	2.4865505796042475e-01
-16639.512983	2.4886447913119022e-01
-16593.547477	2.4886450956237702e-01
-16547.581972	2.4910657617674714e-01
-16501.616466	2.4970263543005203e-01
-16455.650961	2.5017553025303724e-01
-16409.685455	2.5046526602800168e-01
-16363.719950	2.5301644550182506e-01
-16317.754444	2.5303905502441565e-01
-16271.788939	2.5331518461080749e-01
-16225.823433	2.5440235076582224e-01
-16179.857928	2.5444311237392597e-01
-16133.892422	2.5497010175523838e-01
-16087.926917	2.5562296249723815e-01
-16041.961411	2.5565950835306411e-01
-15995.995906	2.5582995708236661e-01
-15950.030401	2.5621220771124303e-01
-15904.064895	2.5667948074110886e-01
-15858.099390	2.5701707912325172e-01
-15812.133884	2.5736779740637755e-01
-15766.168379	2.5762338319467382e-01
-15720.202873	2.5771775475843678e-01
-15674.237368	2.5797231538169912e-01
-15628.271862	2.5809503442349646e-01
-15582.306357	2.5816846122969339e-01
-15536.340851	2.5818061293544453e-01
-15490.375346	2.5850288627507662e-01
-15444.409840	2.5883461422370174e-01
-15398.444335	2.5973475578436722e-01
-15352.478829	2.6018100363596369e-01
-15306.513324	2.6028457223050738e-01
-15260.547818	2.6086377581764414e-01
-15214.582313	2.6091292922129256e-01
-15168.616807	2.6134841842115347e-01
-15122.651302	2.6146367060350484e-01
-15076.685796	2.6165761425815459e-01
-15030.720291	2.6196293370536106e-01
-14984.754785	2.6205553037013768e-01
-14938.789280	2.6237419307692533e-01
-14892.823775	2.6377976348749133e-01
-14846.858269	2.6386735281566198e-01
-14800.892764	2.6393292055159800e-01
-14754.927258	2.6402642186046066e-01
-14708.961753	2.6412494858295316e-01
-14662.996247	2.6417309532048128e-01
-14617.030742	2.6419820648315273e-01
-14571.065236	2.6510356546213637e-01
-14525.099731	2.6603016786102429e-01
-14479.134225	2.6611592513847471e-01
-14433.168720	2.6624589322372560e-01
-14387.203214	2.6637508970075757e-01
-14341.237709	2.6658087714157264e-01
-14295.272203	2.6761580499197546e-01
-14249.306698	2.6764895087706325e-01
-14203.341192	2.6769092531106020e-01
-14157.375687	2.6817723700794033e-01
-14111.410181	2.6822829774179230e-01
-14065.444676	2.6836271179441878e-01
-14019.479170	2.6853840284053837e-01
-13973.513665	2.6883392049139249e-01
-13927.548160	2.6901663573546036e-01
-13881.582654	2.6918142154339397e-01
-13835.617149	2.6938291335273212e-01
-13789.651643	2.6992101894267695e-01
-13743.686138	2.7070574555803600e-01
-13697.720632	2.7073261030006052e-01
-13651.755127	2.7124522794248068e-01
-13605.789621	2.7148867972760782e-01
-13559.824116	2.7154146555164010e-01
-13513.858610	2.7217967770994794e-01
-13467.893105	2.7246706011958810e-01
-13421.927599	2.7273970366892575e-01
-13375.962094	2.7285467930878998e-01
-13329.996588	2.7291347233696028e-01
-13284.031083	2.7302691640336396e-01
-13238.065577	2.7325887665206261e-01
-13192.100072	2.7330767465451222e-01
-13146.134566	2.7333483260041780e-01
-13100.169061	2.7341334973628956e-01
-13054.203555	2.7349898372921333e-01
-13008.238050	2.7403157432721348e-01
-12962.272545	2.7404857162177781e-01
-12916.307039	2.7437481028234284e-01
-12870.341534	2.7449582646144499e-01
-12824.376028	2.7452184125208545e-01
-12778.410523	2.7497657705996198e-01
-12732.445017	2.7505311549217387e-01
-12686.479512	2.7512235280803304e-01
-12640.514006	2.7525298274247956e-01
-12594.548501	2.7528973160584336e-01
-12548.582995	2.7601834059587077e-01
-12502.617490	2.7606712842866554e-01
-12456.651984	2.7619300022981197e-01
-12410.686479	2.7625566386154898e-01
-12364.720973	2.7662757508258240e-01
-12318.755468	2.7685075206136933e-01
-12272.789962	2.7696238409644958e-01
-12226.824457	2.7730306796490878e-01
-12180.858951	2.7738889583288057e-01
-12134.893446	2.7770890709155327e-01
-12088.927940	2.7795596452320648e-01
-12042.962435	2.7816738605916846e-01
-11996.996929	2.7816303082600546e-01
-11951.031424	2.7843726098853039e-01
-11905.065919	2.7865433425814740e-01
-11859.100413	2.7868479881067726e-01
-11813.134908	2.7897055234387674e-01
-11767.169402	2.7926031068878326e-01
-11721.203897	2.7948139080409995e-01
-11675.238391	2.7957584388697027e-01
-11629.272886	2.7964854742297302e-01
-11583.307380	2.7969367782811955e-01
-11537.341875	2.7971901649995390e-01
-11491.376369	2.7993294256718088e-01
-11445.410864	2.8008340356767991e-01
-11399.445358	2.8016800024111849e-01
-11353.479853	2.8017881459919436e-01
-11307.514347	2.8021585071791261e-01
-11261.548842	2.8062503583562870e-01
-11215.583336	2.8076306204224388e-01
-11169.617831	2.8083941229685322e-01
-11123.652325	2.8104939609275020e-01
-11077.686820	2.8145519143156345e-01
-11031.721314	2.8149144448802099e-01
-10985.755809	2.8171658345417278e-01
-10939.790304	2.8212074357670158e-01
-10893.824798	2.8231982109297593e-01
-10847.859293	2.8270246999466897e-01
-10801.893787	2.8280400536288047e-01
-10755.928282	2.8296667920746538e-01
-10709.962776	2.8304923263945631e-01
-10663.997271	2.8374458041220091e-01
-10618.031765	2.8409459253078412e-01
-10572.066260	2.8440108480419229e-01
-10526.100754	2.8479195922246109e-01
-10480.135249	2.8482183086356150e-01
-10434.169743	2.8522020748899740e-01
-10388.204238	2.8532302061860965e-01
-10342.238732	2.8531963516964315e-01
-10296.273227	2.8537179312077854e-01
-10250.307721	2.8546527543413036e-01
-10204.342216	2.8577677559193715e-01
-10158.376710	2.8581264373802362e-01
-10112.411205	2.8611223675719460e-01
-10066.445699	2.8611931181806405e-01
-10020.480194	2.8616359176394873e-01
-9974.514689	2.8648476521891647e-01
-9928.549183	2.8652822027280894e-01
-9882.583678	2.8677118112208694e-01
-9836.618172	2.8688443557016480e-01
-9790.652667	2.8694435135781488e-01
-9744.687161	2.8698703378072232e-01
-9698.721656	2.8714970609519486e-01
-9652.756150	2.8729183154600102e-01
-9606.790645	2.8731726123075929e-01
-9560.825139	2.8731615119115539e-01
-9514.859634	2.8733353494062769e-01
-9468.894128	2.8738943314186421e-01
-9422.928623	2.8740621719116399e-01
-9376.963117	2.8743235042126020e-01
-9330.997612	2.8745968017315920e-01
-9285.032106	2.8758532705331341e-01
-9239.066601	2.8766688443055416e-01
-9193.101095	2.8807080009104130e-01
-9147.135590	2.8822060641086505e-01
-9101.170084	2.8842113523944213e-01
-9055.204579	2.8852222084577328e-01
-9009.239073	2.8854908172818849e-01
-8963.273568	2.8865703334288906e-01
-8917.308063	2.8916607503654107e-01
-8871.342557	2.8917030008702566e-01
-8825.377052	2.8919298401200344e-01
-8779.411546	2.8930280723804325e-01
-8733.446041	2.8940691718188194e-01
-8687.480535	2.8961538306850959e-01
-8641.515030	2.9020338196157941e-01
-8595.549524	2.9045310320822060e-01
-8549.584019	2.9046674225033992e-01
-8503.618513	2.9084752622481097e-01
-8457.653008	2.9092385166452128e-01
-8411.687502	2.9096644405578703e-01
-8365.721997	2.9099322803266581e-01
-8319.756491	2.9099983684112107e-01
-8273.790986	2.9100449634069248e-01
-8227.825480	2.9114855491812891e-01
-8181.859975	2.9125017242264423e-01
-8135.894469	2.9132203691534675e-01
-8089.928964	2.9142676577484733e-01
-8043.963458	2.9145044660627045e-01
-7997.997953	2.9147927941827456e-01
-7952.032448	2.9154147139497327e-01
-7906.066942	2.9176390312263728e-01
-7860.101437	2.9177829386737181e-01
-7814.135931	2.9196829425179299e-01
-7768.170426	2.9204789102898571e-01
-7722.204920	2.9216047518095178e-01
-7676.239415	2.9218759064953126e-01
-7630.273909	2.9220663275921421e-01
-7584.308404	2.9223210752006307e-01
-7538.342898	2.9226042647665662e-01
-7492.377393	2.9231730679724033e-01
-7446.411887	2.9235267170724133e-01
-7400.446382	2.9233378396443788e-01
-7354.480876	2.9238267873390311e-01
-7308.515371	2.9237774854491655e-01
-7262.549865	2.9253513812578136e-01
-7216.584360	2.9256315884843132e-01
-7170.618854	2.9257112834252580e-01
-7124.653349	2.9300134046299858e-01
-7078.687843	2.9307955352012383e-01
-7032.722338	2.9308187086688625e-01
-6986.756833	2.9307069560760074e-01
-6940.791327	2.9327130895913162e-01
-6894.825822	2.9343380863326934e-01
-6848.860316	2.9349922357467978e-01
-6802.894811	2.9353471265717823e-01
-6756.929305	2.9352912877556048e-01
-6710.963800	2.9357080036926270e-01
-6664.998294	2.9372416313915406e-01
-6619.032789	2.9378640404008560e-01
-6573.067283	2.9382424217766667e-01
-6527.101778	2.9390426229338606e-01
-6481.136272	2.9395344200582324e-01
-6435.170767	2.9396463242612864e-01
-6389.205261	2.9403527533048479e-01
-6343.239756	2.9404549818602055e-01
-6297.274250	2.9408529300774783e-01
-6251.308745	2.9424711104198981e-01
-6205.343239	2.9431388872142750e-01
-6159.377734	2.9437646018750935e-01
-6113.412228	2.9445945804932883e-01
-6067.446723	2.9463350228042640e-01
-6021.481217	2.9472550783357182e-01
-5975.515712	2.9501164830200505e-01
-5929.550207	2.9515300085699703e-01
-5883.584701	2.9541884797788792e-01
-5837.619196	2.9544711064285817e-01
-5791.653690	2.9544548046564567e-01
-5745.688185	2.9569869301341384e-01
-5699.722679	2.9576919118573902e-01
-5653.757174	2.9576748172077738e-01
-5607.791668	2.9577885475613819e-01
-5561.826163	2.9580420441587563e-01
-5515.860657	2.9585065828583812e-01
-5469.895152	2.9615768746377680e-01
-5423.929646	2.9621646495703546e-01
-5377.964141	2.9634338618934003e-01
-5331.998635	2.9634049652556549e-01
-5286.033130	2.9634998992971068e-01
-5240.067624	2.9638046739696178e-01
-5194.102119	2.9640074988438836e-01
-5148.136613	2.9642721052765636e-01
-5102.171108	2.9643122176648168e-01
-5056.205602	2.9645429463133771e-01
-5010.240097	2.9669255469777123e-01
-4964.274592	2.9671563993076933e-01
-4918.309086	2.9685091795591478e-01
-4872.343581	2.9692339651136379e-01
-4826.378075	2.9693225122194411e-01
-4780.412570	2.9705840589966748e-01
-4734.447064	2.9724142353397182e-01
-4688.481559	2.9727143345066670e-01
-4642.516053	2.9729465549952039e-01
-4596.550548	2.9734211799521920e-01
-4550.585042	2.9733346430083879e-01
-4504.619537	2.9733373097595556e-01
-4458.654031	2.9733131412762354e-01
-4412.688526	2.9731675275132363e-01
-4366.723020	2.9734108148764693e-01
-4320.757515	2.9735218592899998e-01
-4274.792009	2.9758658495473550e-01
-4228.826504	2.9776819219907791e-01
-4182.860998	2.9787962286917197e-01
-4136.895493	2.9790002983245845e-01
-4090.929987	2.9790090151560911e-01
-4044.964482	2.9794353240187871e-01
-3998.998976	2.9798243848736533e-01
-3953.033471	2.9796580025941827e-01
-3907.067966	2.9796380189519273e-01
-3861.102460	2.9804439744059097e-01
-3815.136955	2.9812665079168477e-01
-3769.171449	2.9822764814960262e-01
-3723.205944	2.9844107939735687e-01
-3677.240438	2.9848959385031842e-01
-3631.274933	2.9853895516749945e-01
-3585.309427	2.9854935713853303e-01
-3539.343922	2.9855560949753013e-01
-3493.378416	2.9867911738260561e-01
-3447.412911	2.9870542972977315e-01
-3401.447405	2.9870731348608026e-01
-3355.481900	2.9876095936276326e-01
-3309.516394	2.9875899077222268e-01
-3263.550889	2.9878216338341851e-01
-3217.585383	2.9877900893652565e-01
-3171.619878	2.9880462977143268e-01
-3125.654372	2.9885953384237801e-01
-3079.688867	2.9891089179378177e-01
-3033.723361	2.9892996965330632e-01
-2987.757856	2.9907400607427365e-01
-2941.792351	2.9907907171666120e-01
-2895.826845	2.9910924419786417e-01
-2849.861340	2.9911525069614520e-01
-2803.895834	2.9912120663054442e-01
-2757.930329	2.9910303880139788e-01
-2711.964823	2.9920004738350753e-01
-2665.999318	2.9920836926213090e-01
-2620.033812	2.9923098709878315e-01
-2574.068307	2.9920978526266123e-01
-2528.102801	2.9922293518301657e-01
-2482.137296	2.9929705310850407e-01
-2436.171790	2.9936531012357537e-01
-2390.206285	2.9953664251676032e-01
-2344.240779	2.9963481420949528e-01
-2298.275274	2.9963313196898994e-01
-2252.309768	2.9977885476725463e-01
-2206.344263	2.9982045222163412e-01
-2160.378757	2.9984503741698953e-01
-2114.413252	2.9987901883232054e-01
-2068.447746	2.9990582831439583e-01
-2022.482241	2.9992692370468271e-01
-1976.516736	2.9993966098081309e-01
-1930.551230	2.9996109450580738e-01
-1884.585725	3.0002474692189662e-01
-1838.620219	3.0013511209527649e-01
-1792.654714	3.0018609158223047e-01
-1746.689208	3.0020039842030238e-01
-1700.723703	3.0025209023441130e-01
-1654.758197	3.0026921842566179e-01
-1608.792692	3.0027710877392300e-01
-1562.827186	3.0028726964177738e-01
-1516.861681	3.0029849614661702e-01
-1470.896175	3.0031007140504667e-01
-1424.930670	3.0033548184068537e-01
-1378.965164	3.0036316666491253e-01
-1332.999659	3.0036897975854854e-01
-1287.034153	3.0036565941729698e-01
-1241.068648	3.0038139851764462e-01
-1195.103142	3.0038960651696200e-01
-1149.137637	3.0042861802306237e-01
-1103.172131	3.0045442701221220e-01
-1057.206626	3.0044774436282057e-01
-1011.241120	3.0044635636816336e-01
-965.275615	3.0048622980633471e-01
-919.310110	3.0050827277259268e-01
-873.344604	3.0051486471405187e-01
-827.379099	3.0052208279542714e-01
-781.413593	3.0051687075338779e-01
-735.448088	3.0053286278956226e-01
-689.482582	3.0053198454447699e-01
-643.517077	3.0053254122929729e-01
-597.551571	3.0050365784284966e-01
-551.586066	3.0050499520773866e-01
-505.620560	3.0045203366744777e-01
-459.655055	3.0042702115314229e-01
-413.689549	3.0046073743937712e-01
-367.724044	3.0045811640317222e-01
-321.758538	3.0046331636376072e-01
-275.793033	3.0044496415543337e-01
-229.827527	3.0046016652256474e-01
-183.862022	3.0052287400444250e-01
-137.896516	3.0054415754855562e-01
-91.931011	3.0053736555744714e-01
-45.965505	3.0051455743486083e-01
0.000000	3.0050126377137948e-01
45.965505	3.0051031907799780e-01
91.931011	3.0057727130624112e-01
137.896516	3.0058317993029982e-01
183.862022	3.0058151014769124e-01
229.827527	3.0058677639517156e-01
275.793033	3.0058208610061982e-01
321.758538	3.0058114160225036e-01
367.724044	3.0057523762797161e-01
413.689549	3.0057044978508074e-01
459.655055	3.0055055889102333e-01
505.620560	3.0055862490502511e-01
551.586066	3.0057912650278190e-01
597.551571	3.0058603590786381e-01
643.517077	3.0059183831593217e-01
689.482582	3.0049652228247203e-01
735.448088	3.0049128127833730e-01
781.413593	3.0049607466992750e-01
827.379099	3.0047161935481626e-01
873.344604	3.0041316258124257e-01
919.310110	3.0039146763840169e-01
965.275615	3.0039170022255074e-01
1011.241120	3.0035871770976880e-01
1057.206626	3.0032950985549239e-01
1103.172131	3.0032813223586829e-01
1149.137637	3.0032426159059022e-01
1195.103142	3.0032436945468988e-01
1241.068648	3.0027451907762426e-01
1287.034153	3.0027611337845289e-01
1332.999659	3.0025169285004322e-01
1378.965164	3.0006749603878086e-01
1424.930670	3.0007477418116885e-01
1470.896175	3.0004144631097790e-01
1516.861681	3.0004911131817769e-01
1562.827186	3.0002604875072458e-01
1608.792692	3.0001399977908250e-01
1654.758197	2.9996918250955656e-01
1700.723703	2.9994675230510653e-01
1746.689208	2.9994659665682361e-01
1792.654714	2.9994693316452675e-01
1838.620219	2.9990837032700873e-01
1884.585725	2.9989756713521276e-01
1930.551230	2.9989382765179529e-01
1976.516736	2.9988348304458101e-01
2022.482241	2.9986408780345775e-01
2068.447746	2.9983649649144606e-01
2114.413252	2.9983924606649470e-01
2160.378757	2.9983479585095346e-01
2206.344263	2.9986098514065096e-01
2252.309768	2.9984379981761466e-01
2298.275274	2.9982602025907956e-01
2344.240779	2.9979200982281873e-01
2390.206285	2.9977888435266981e-01
2436.171790	2.9973843069578193e-01
2482.137296	2.9968805608477250e-01
2528.102801	2.9966186539264156e-01
2574.068307	2.9964673954417304e-01
2620.033812	2.9963057179981883e-01
2665.999318	2.9960466523085616e-01
2711.964823	2.9959867247407618e-01
2757.930329	2.9955075818271693e-01
2803.895834	2.9955778207759232e-01
2849.861340	2.9954297163486143e-01
2895.826845	2.9955541830964755e-01
2941.792351	2.9957280251411811e-01
2987.757856	2.9957752849626174e-01
3033.723361	2.9956349147975447e-01
3079.688867	2.9957599503913585e-01
3125.654372	2.9956337188781013e-01
3171.619878	2.9953451144781806e-01
3217.585383	2.9953202764635267e-01
3263.550889	2.9953365817052036e-01
3309.516394	2.9952836744073497e-01
3355.481900	2.9951524889912690e-01
3401.447405	2.9948115935286207e-01
3447.412911	2.9943928101868827e-01
3493.378416	2.9943444119062335e-01
3539.343922	2.9930238527087127e-01
3585.309427	2.9925783700145087e-01
3631.274933	2.9925128100685794e-01
3677.240438	2.9924047286518501e-01
3723.205944	2.9923607444154143e-01
3769.171449	2.9919023893898034e-01
3815.136955	2.9916237103120080e-01
3861.102460	2.9913280588916052e-01
3907.067966	2.9907533451049351e-01
3953.033471	2.9907185295791788e-01
3998.998976	2.9897026514724123e-01
4044.964482	2.9896229711522548e-01
4090.929987	2.9894214151469539e-01
4136.895493	2.9891142644304641e-01
4182.860998	2.9884553967204619e-01
4228.826504	2.9882891812377405e-01
4274.792009	2.9883726396517069e-01
4320.757515	2.9878262637379061e-01
4366.723020	2.9877053376828006e-01
4412.688526	2.9874617181893476e-01
4458.654031	2.9872320768028587e-01
4504.619537	2.9871966900245650e-01
4550.585042	2.9870714613078625e-01
4596.550548	2.9865030895802691e-01
4642.516053	2.9864607039750229e-01
4688.481559	2.9862901375374867e-01
4734.447064	2.9862292251381611e-01
4780.412570	2.9861544773527304e-01
4826.378075	2.9861430958392260e-01
4872.343581	2.9860566426573343e-01
4918.309086	2.9858768849806605e-01
4964.274592	2.9851067194072423e-01
5010.240097	2.9850480033688148e-01
5056.205602	2.9848497816741065e-01
5102.171108	2.9842790823568277e-01
5148.136613	2.9836233271341067e-01
5194.102119	2.9828059952052438e-01
5240.067624	2.9825953354117607e-01
5286.033130	2.9822924352292129e-01
5331.998635	2.9818595518438695e-01
5377.964141	2.9812990908081344e-01
5423.929646	2.9808106654170907e-01
5469.895152	2.9809456105999427e-01
5515.860657	2.9806283863887001e-01
5561.826163	2.9801921560519101e-01
5607.791668	2.9795718361156776e-01
5653.757174	2.9793722995273147e-01
5699.722679	2.9773924186817280e-01
5745.688185	2.9765470754734569e-01
5791.653690	2.9758119258062138e-01
5837.619196	2.9755950441117740e-01
5883.584701	2.9755468237633970e-01
5929.550207	2.9749362136243523e-01
5975.515712	2.9746221202740913e-01
6021.481217	2.9743189326139591e-01
6067.446723	2.9737583683503027e-01
6113.412228	2.9727525442575053e-01
6159.377734	2.9731327661415319e-01
6205.343239	2.9727656002792185e-01
6251.308745	2.9709562550957563e-01
6297.274250	2.9705596023229136e-01
6343.239756	2.9701710470675785e-01
6389.205261	2.9701263159855718e-01
6435.170767	2.9698838307074454e-01
6481.136272	2.9697557377869738e-01
6527.101778	2.9692396241941249e-01
6573.067283	2.9687368241274353e-01
6619.032789	2.9685324186329159e-01
6664.998294	2.9679713762778898e-01
6710.963800	2.9678431273409439e-01
6756.929305	2.9676511540016703e-01
6802.894811	2.9674529967035074e-01
6848.860316	2.9663747839368709e-01
6894.825822	2.9662806355778276e-01
6940.791327	2.9660841294855345e-01
6986.756833	2.9647909121467930e-01
7032.722338	2.9646210023510067e-01
7078.687843	2.9637640292137024e-01
7124.653349	2.9625372715700460e-01
7170.618854	2.9623688454686103e-01
7216.584360	2.9622684699496837e-01
7262.549865	2.9607588281019009e-01
7308.515371	2.9590789797000738e-01
7354.480876	2.9584636781615753e-01
7400.446382	2.9577486992775281e-01
7446.411887	2.9575082331840102e-01
7492.377393	2.9564279406623917e-01
7538.342898	2.9563039394183505e-01
7584.308404	2.9553828341208671e-01
7630.273909	2.9552960122503585e-01
7676.239415	2.9552762394174570e-01
7722.204920	2.9547696342534774e-01
7768.170426	2.9544276898791805e-01
7814.135931	2.9543522190866106e-01
7860.101437	2.9532714269441707e-01
7906.066942	2.9527811343614285e-01
7952.032448	2.9526437318092946e-01
7997.997953	2.9524539715438086e-01
8043.963458	2.9522641634215002e-01
8089.928964	2.9496341267007076e-01
8135.894469	2.9491935729961405e-01
8181.859975	2.9486709631227115e-01
8227.825480	2.9486792772420028e-01
8273.790986	2.9486862264886893e-01
8319.756491	2.9485714697530058e-01
8365.721997	2.9479222328193128e-01
8411.687502	2.9474502887311999e-01
8457.653008	2.9467003766762884e-01
8503.618513	2.9454451404497417e-01
8549.584019	2.9440539565918611e-01
8595.549524	2.9429467966719730e-01
8641.515030	2.9419789141325903e-01
8687.480535	2.9407980874884387e-01
8733.446041	2.9405597431074626e-01
8779.411546	2.9393415470908574e-01
8825.377052	2.9389306838561280e-01
8871.342557	2.9363266942308874e-01
8917.308063	2.9345512645026955e-01
8963.273568	2.9324692307145250e-01
9009.239073	2.9316246415609670e-01
9055.204579	2.9312266002205523e-01
9101.170084	2.9311043439756462e-01
9147.135590	2.9306106555907041e-01
9193.101095	2.9291758228083864e-01
9239.066601	2.9275564774135077e-01
9285.032106	2.9259659998815618e-01
9330.997612	2.9258660102397172e-01
9376.963117	2.9236671222092619e-01
9422.928623	2.9235738425630120e-01
9468.894128	2.9230537044729571e-01
9514.859634	2.9230324629093207e-01
9560.825139	2.9227586417210016e-01
9606.790645	2.9221833301864641e-01
9652.756150	2.9216145456628634e-01
9698.721656	2.9187141529472505e-01
9744.687161	2.9179626863396896e-01
9790.652667	2.9179070106089305e-01
9836.618172	2.9176962552891911e-01
9882.583678	2.9174785046782070e-01
9928.549183	2.9167545441156445e-01
9974.514689	2.9162789626319774e-01
10020.480194	2.9157210771917053e-01
10066.445699	2.9153370834280129e-01
10112.411205	2.9127468064768819e-01
10158.376710	2.9108326976857196e-01
10204.342216	2.9079457491405297e-01
10250.307721	2.9056067160550697e-01
10296.273227	2.9050874512663116e-01
10342.238732	2.9038326509168866e-01
10388.204238	2.9034222180273478e-01
10434.169743	2.9031524448562379e-01
10480.135249	2.9019329062349258e-01
10526.100754	2.8996883113285710e-01
10572.066260	2.8986775893669620e-01
10618.031765	2.8966844408837950e-01
10663.997271	2.8917241205689687e-01
10709.962776	2.8902408727420809e-01
10755.928282	2.8897203991112086e-01
10801.893787	2.8892307030365388e-01
10847.859293	2.8890250692142155e-01
10893.824798	2.8883555870525585e-01
10939.790304	2.8862467568798805e-01
10985.755809	2.8839679097644333e-01
11031.721314	2.8820802641481330e-01
11077.686820	2.8812799054287047e-01
11123.652325	2.8794958188107245e-01
11169.617831	2.8788986866901939e-01
11215.583336	2.8787952934165367e-01
11261.548842	2.8784679579401373e-01
11307.514347	2.8760488933949818e-01
11353.479853	2.8747543334571335e-01
11399.445358	2.8713373048701063e-01
11445.410864	2.8698988997402930e-01
11491.376369	2.8619313444603534e-01
11537.341875	2.8618265642007995e-01
11583.307380	2.8613001977713620e-01
11629.272886	2.8599198022134403e-01
11675.238391	2.8585132550846426e-01
11721.203897	2.8550624005040942e-01
11767.169402	2.8546343075243624e-01
11813.134908	2.8527431663688396e-01
11859.100413	2.8525984875564042e-01
11905.065919	2.8514596085019078e-01
11951.031424	2.8486535464696922e-01
11996.996929	2.8483895670226128e-01
12042.962435	2.8476314215292819e-01
12088.927940	2.8453075904855735e-01
12134.893446	2.8450582756527382e-01
12180.858951	2.8439758320813407e-01
12226.824457	2.8434077971643335e-01
12272.789962	2.8421845140368535e-01
12318.755468	2.8410172928933020e-01
12364.720973	2.8390180127399117e-01
12410.686479	2.8387314421042187e-01
12456.651984	2.8365117557709041e-01
12502.617490	2.8334543192943795e-01
12548.582995	2.8314535630522142e-01
12594.548501	2.8312428303769316e-01
12640.514006	2.8303396286430837e-01
12686.479512	2.8285684352752266e-01
12732.445017	2.8282315284001369e-01
12778.410523	2.8261586874036848e-01
12824.376028	2.8245207572039338e-01
12870.341534	2.8215917361768406e-01
12916.307039	2.8214285294631314e-01
12962.272545	2.8143491660306352e-01
13008.238050	2.8124091574648347e-01
13054.203555	2.8054696170742099e-01
13100.169061	2.8051745135611766e-01
13146.134566	2.8048623611026752e-01
13192.100072	2.8046692818010543e-01
13238.065577	2.8040923528750555e-01
13284.031083	2.8024890686936993e-01
13329.996588	2.8019797813278030e-01
13375.962094	2.8013764926016504e-01
13421.927599	2.7975745505048688e-01
13467.893105	2.7955005667592903e-01
13513.858610	2.7946997648178290e-01
13559.824116	2.7931680459345115e-01
13605.789621	2.7924371695298755e-01
13651.755127	2.7919022336308691e-01
13697.720632	2.7902110849545986e-01
13743.686138	2.7897655238100394e-01
13789.651643	2.7895796296099223e-01
13835.617149	2.7889209820535826e-01
13881.582654	2.7870423441403069e-01
13927.548160	2.7860639368891721e-01
13973.513665	2.7838467011459889e-01
14019.479170	2.7815400900129683e-01
14065.444676	2.7807144016114738e-01
14111.410181	2.7795165901612862e-01
14157.375687	2.7772907228302474e-01
14203.341192	2.7751962176120648e-01
14249.306698	2.7746114856893783e-01
14295.272203	2.7725675093430652e-01
14341.237709	2.7688937283658721e-01
14387.203214	2.7637493684906178e-01
14433.168720	2.7637029016355064e-01
14479.134225	2.7631766349851172e-01
14525.099731	2.7563214471000341e-01
14571.065236	2.7536725842518434e-01
14617.030742	2.7520484517926763e-01
14662.996247	2.7396737611988176e-01
14708.961753	2.7347462531138561e-01
14754.927258	2.7336004330547159e-01
14800.892764	2.7272504191151764e-01
14846.858269	2.7265066882982530e-01
14892.823775	2.7256473902047956e-01
14938.789280	2.7240896993117997e-01
14984.754785	2.7236065849945240e-01
15030.720291	2.7229400466128606e-01
15076.685796	2.7199985610930189e-01
15122.651302	2.7160573233636420e-01
15168.616807	2.7143054184281135e-01
15214.582313	2.7126737039147436e-01
15260.547818	2.7112394182281679e-01
15306.513324	2.7076682770686394e-01
15352.478829	2.6904971687525314e-01
15398.444335	2.6883962433331493e-01
15444.409840	2.6871133173002937e-01
15490.375346	2.6799648234207468e-01
15536.340851	2.6762716543983489e-01
15582.306357	2.6707298644106198e-01
15628.271862	2.6705703676992554e-01
15674.237368	2.6666678056697385e-01
15720.202873	2.6644950960306374e-01
15766.168379	2.6619894809965033e-01
15812.133884	2.6561973646333215e-01
15858.099390	2.6534648114722886e-01
15904.064895	2.6466504031548654e-01
15950.030401	2.6396264439386519e-01
15995.995906	2.6307898229964133e-01
16041.961411	2.6279694612560450e-01
16087.926917	2.6265236949509613e-01
16133.892422	2.6241819225643892e-01
16179.857928	2.6171415160791583e-01
16225.823433	2.6145097265565859e-01
16271.788939	2.6122064903987069e-01
16317.754444	2.6059279508127109e-01
16363.719950	2.6019504021804302e-01
16409.685455	2.6015199351845059e-01
16455.650961	2.5982200156503066e-01
16501.616466	2.5966184825436095e-01
16547.581972	2.5905705249423933e-01
16593.547477	2.5895837214535283e-01
16639.512983	2.5760590115890775e-01
16685.478488	2.5740198065750985e-01
16731.443994	2.5722351279017885e-01
16777.409499	2.5714142712729499e-01
16823.375005	2.5635592868978802e-01
16869.340510	2.5550623806744216e-01
16915.306016	2.5489889316927450e-01
16961.271521	2.5428076942901212e-01
17007.237026	2.5423074609435070e-01
17053.202532	2.5421555123373957e-01
17099.168037	2.5312712360360684e-01
17145.133543	2.5294297097275997e-01
17191.099048	2.5267066035138103e-01
17237.064554	2.5261501034464662e-01
17283.030059	2.5095912471345799e-01
17328.995565	2.5065397943517470e-01
17374.961070	2.5053590920451585e-01
17420.926576	2.4921323731917708e-01
17466.892081	2.4900501269472639e-01
17512.857587	2.4855968333983233e-01
17558.823092	2.4811482894231879e-01
17604.788598	2.4729029014013573e-01
17650.754103	2.4710697369080414e-01
17696.719609	2.4698853383762773e-01
17742.685114	2.4619005095273067e-01
17788.650620	2.4607220523977968e-01
17834.616125	2.4596514393009036e-01
17880.581631	2.4580429770604759e-01
17926.547136	2.4573765106829881e-01
17972.512641	2.4398271919574271e-01
18018.478147	2.4391039405774845e-01
18064.443652	2.4311978798589556e-01
18110.409158	2.4244042784751732e-01
18156.374663	2.4199400862676046e-01
18202.340169	2.4194810720687540e-01
18248.305674	2.4080321868233889e-01
18294.271180	2.3915003602310225e-01
18340.236685	2.3823543089765667e-01
18386.202191	2.3763363599692403e-01
18432.167696	2.3684877788315015e-01
18478.133202	2.3621323098228256e-01
18524.098707	2.3609541191241745e-01
18570.064213	2.3502800260212950e-01
18616.029718	2.3482118030360558e-01
18661.995224	2.3418032839566780e-01
18707.960729	2.3377948648038335e-01
18753.926235	2.3110803023847343e-01
18799.891740	2.3094118736305966e-01
18845.857246	2.3037326843861722e-01
18891.822751	2.2981059693168093e-01
18937.788257	2.2903019321977866e-01
18983.753762	2.2838317923105081e-01
19029.719267	2.2796175321933340e-01
19075.684773	2.2732881530410340e-01
19121.650278	2.2730999983777961e-01
19167.615784	2.2657557265560371e-01
19213.581289	2.2352403167961843e-01
19259.546795	2.2346409874906278e-01
19305.512300	2.2311213851863085e-01
19351.477806	2.2255570354049770e-01
19397.443311	2.2247690974783610e-01
19443.408817	2.2108786181508924e-01
19489.374322	2.2040192034166547e-01
19535.339828	2.1918400659926016e-01
19581.305333	2.1782888214177251e-01
19627.270839	2.1775537002192610e-01
19673.236344	2.1650915827735809e-01
19719.201850	2.1607237592029274e-01
19765.167355	2.1588393876910164e-01
19811.132861	2.1541283209521148e-01
19857.098366	2.1393272764662039e-01
19903.063872	2.1366205732475294e-01
19949.029377	2.1104729505868824e-01
19994.994882	2.1055898339938006e-01
20040.960388	2.0835110106774163e-01
20086.925893	2.0730848719091446e-01
20132.891399	2.0695133408442831e-01
20178.856904	2.0567363322441296e-01
20224.822410	2.0331852415171736e-01
20270.787915	2.0267415205703521e-01
20316.753421	2.0055500268812820e-01
20362.718926	1.9876573173332288e-01
20408.684432	1.9860724017217077e-01
20454.649937	1.9808841316575063e-01
20500.615443	1.9029138585329403e-01
20546.580948	1.8683040359660114e-01
20592.546454	1.8663040733832600e-01
20638.511959	1.8641610439300674e-01
20684.477465	1.8524820946443682e-01
20730.442970	1.8253704194247325e-01
20776.408476	1.8199758464685559e-01
20822.373981	1.8023073871202855e-01
20868.339487	1.8019285362245080e-01
20914.304992	1.8008592817525360e-01
20960.270498	1.7886472725833508e-01
21006.236003	1.7729637660587366e-01
21052.201508	1.7708169102929594e-01
21098.167014	1.7247233055129826e-01
21144.132519	1.7168718615821202e-01
21190.098025	1.7028853443948924e-01
21236.063530	1.6874864420285690e-01
21282.029036	1.6730901003646251e-01
21327.994541	1.6565027789988965e-01
21373.960047	1.6028006630380054e-01
21419.925552	1.5941952425735434e-01
21465.891058	1.5671741873376621e-01
21511.856563	1.5487893406963188e-01
21557.822069	1.5411974581072674e-01
21603.787574	1.5338001663931833e-01
21649.753080	1.5273615865132745e-01
21695.718585	1.5132718087428876e-01
21741.684091	1.5096456579988324e-01
21787.649596	1.4629117648348533e-01
21833.615102	1.4427017389611499e-01
21879.580607	1.4403044858920883e-01
21925.546113	1.4364918143442831e-01
21971.511618	1.3721278986096266e-01
22017.477123	1.3680303516971126e-01
22063.442629	1.3609532593033954e-01
22109.408134	1.3157709514591531e-01
22155.373640	1.3147479084827449e-01
22201.339145	1.2543167061162425e-01
22247.304651	1.2508767017122080e-01
22293.270156	1.2499522005286236e-01
22339.235662	1.1589587090350262e-01
22385.201167	1.0999733835195946e-01
22431.166673	1.0878527430022539e-01
22477.132178	1.0852619896854653e-01
22523.097684	1.0698231782544357e-01
22569.063189	1.0470582324446877e-01
22615.028695	1.0381303460154438e-01
22660.994200	9.5422828027290560e-02
22706.959706	8.9017611494168494e-02
22752.925211	8.7614734698242727e-02
22798.890717	8.5204223279036456e-02
22844.856222	8.1935681594735854e-02
22890.821728	7.6444395398269874e-02
22936.787233	7.6371832805377196e-02
22982.752738	7.4972718514268080e-02
23028.718244	7.4917893444082451e-02
23074.683749	6.8582731167308661e-02
23120.649255	6.8245001568289540e-02
23166.614760	6.8195372338088825e-02
23212.580266	6.7664679992043841e-02
23258.545771	6.4183288035257982e-02
23304.511277	5.7842034084019091e-02
23350.476782	5.7693325560313063e-02
23396.442288	5.7658208848690912e-02
23442.407793	5.7128233170230046e-02
23488.373299	5.6394544730981530e-02
23534.338804	5.3940137422247576e-02
23580.304310	4.6108752396715642e-02
23626.269815	4.3732820188443405e-02
23672.235321	4.3689461799603840e-02
23718.200826	3.9212439401571549e-02
23764.166332	3.8628534487405268e-02
23810.131837	3.6906919783439664e-02
23856.097343	3.5921681022163081e-02
23902.062848	2.7949470816350495e-02
23948.028354	2.3717190398243642e-02
23993.993859	2.2451913778448650e-02
24039.959364	1.9907923021656077e-02
24085.924870	1.9085188635066076e-02
24131.890375	1.6834494087081878e-02
24177.855881	1.2259288229947242e-02
24223.821386	1.1035936663824294e-02
24269.786892	1.0397923347045783e-02
24315.752397	6.5474475843702992e-03
24361.717903	4.0796027584024874e-03
