-31440.405746	1.9535626473366021e-03
-31394.440241	3.8192937250640731e-03
-31348.474735	3.9571979754435991e-03
-31302.509230	4.9596096138775749e-03
-31256.543724	5.1738874760594959e-03
-31210.578219	7.1758750041921527e-03
-31164.612713	7.5258728238126113e-03
-31118.647208	1.0750681201394307e-02
-31072.681702	1.1829044921473806e-02
-31026.716197	1.3086610079927567e-02
-30980.750691	1.3140642590036838e-02
-30934.785186	1.3176268280508443e-02
-30888.819681	1.6376960019680493e-02
-30842.854175	1.7109668958690524e-02
-30796.888670	1.7237673635697913e-02
-30750.923164	1.9326611351933715e-02
-30704.957659	1.9467453540206642e-02
-30658.992153	1.9743095983589747e-02
-30613.026648	2.1049239306415207e-02
-30567.061142	2.1771090648832425e-02
-30521.095637	2.2041866334213352e-02
-30475.130131	2.2380751084338603e-02
-30429.164626	2.5069360247215254e-02
-30383.199120	2.5318165266549588e-02
-30337.233615	2.6715614589898799e-02
-30291.268109	2.8932493115333895e-02
-30245.302604	3.0343009875857193e-02
-30199.337098	3.0770696992569537e-02
-30153.371593	3.3619359903540522e-02
-30107.406087	3.4367524950818372e-02
-30061.440582	3.5092978460747382e-02
-30015.475076	3.8611938290942983e-02
-29969.509571	3.8698173155196150e-02
-29923.544066	3.8758515844980225e-02
-29877.578560	3.9174885513947232e-02
-29831.613055	4.0412970866893348e-02
-29785.647549	4.0654801477179398e-02
-29739.682044	4.0972226507055211e-02
-29693.716538	4.1556569582173811e-02
-29647.751033	4.8416118090968061e-02
-29601.785527	5.0487274896567687e-02
-29555.820022	5.0814688915311199e-02
-29509.854516	5.2010519057036783e-02
-29463.889011	5.2150926941479221e-02
-29417.923505	5.6203607899373051e-02
-29371.958000	5.6316871792327104e-02
-29325.992494	5.6905059734004823e-02
-29280.026989	5.7668910262642918e-02
-29234.061483	6.0036108243765339e-02
-29188.095978	6.1991458304316786e-02
-29142.130472	6.2294116678176865e-02
-29096.164967	6.2735021238974592e-02
-29050.199461	6.3937636844652632e-02
-29004.233956	6.5360144263463135e-02
-28958.268450	6.7002788096157020e-02
-28912.302945	6.7231619211513910e-02
-28866.337440	6.7581495600999270e-02
-28820.371934	6.7703341141896245e-02
-28774.406429	6.8288112270222537e-02
-28728.440923	6.8423547362089027e-02
-28682.475418	6.8978877892731397e-02
-28636.509912	6.9892052772534796e-02
-28590.544407	6.9967669819315625e-02
-28544.578901	7.0236707633242051e-02
-28498.613396	7.0344314462081808e-02
-28452.647890	7.0569513529178382e-02
-28406.682385	7.1634114134558613e-02
-28360.716879	7.1862123491697447e-02
-28314.751374	7.1922878633535692e-02
-28268.785868	7.2146379002116873e-02
-28222.820363	7.3166246527848255e-02
-28176.854857	7.3239682371085774e-02
-28130.889352	7.4509532701659456e-02
-28084.923846	7.5592615320216230e-02
-28038.958341	7.6568760998930285e-02
-27992.992835	7.6758244289224703e-02
-27947.027330	7.7553335371778498e-02
-27901.061825	7.8257550678472926e-02
-27855.096319	7.9216626507734075e-02
-27809.130814	7.9327279303289505e-02
-27763.165308	8.2116671176555911e-02
-27717.199803	8.2638458348382030e-02
-27671.234297	8.4105748349062301e-02
-27625.268792	8.4598905664509672e-02
-27579.303286	8.6215700633079345e-02
-27533.337781	8.7315600251446690e-02
-27487.372275	8.7736904858260370e-02
-27441.406770	8.9271663979247767e-02
-27395.441264	8.9725662290620289e-02
-27349.475759	8.9864396594499948e-02
-27303.510253	9.0106714168499413e-02
-27257.544748	9.1270327851182720e-02
-27211.579242	9.1701822469092531e-02
-27165.613737	9.2112529067419319e-02
-27119.648231	9.3141745956280358e-02
-27073.682726	9.3229268781426594e-02
-27027.717220	9.4371995650111840e-02
-26981.751715	9.4434619777295808e-02
-26935.786210	9.4524251291773581e-02
-26889.820704	9.4784908161262976e-02
-26843.855199	9.4924460718159742e-02
-26797.889693	9.7877724980919470e-02
-26751.924188	9.8144731651976208e-02
-26705.958682	9.9402120231211852e-02
-26659.993177	1.0212819898984525e-01
-26614.027671	1.0403938778870130e-01
-26568.062166	1.0558975851232985e-01
-26522.096660	1.0664516674123491e-01
-26476.131155	1.1166741622119890e-01
-26430.165649	1.1298844238822969e-01
-26384.200144	1.1471573995695698e-01
-26338.234638	1.1698439408035621e-01
-26292.269133	1.1779383970115792e-01
-26246.303627	1.1798785646088622e-01
-26200.338122	1.1804742901278420e-01
-26154.372616	1.1896743362978507e-01
-26108.407111	1.1924002483111680e-01
-26062.441605	1.2004788674804577e-01
-26016.476100	1.2026000854451124e-01
-25970.510594	1.2110542012721416e-01
-25924.545089	1.2160404662529410e-01
-25878.579584	1.2290405927208312e-01
-25832.614078	1.2369497465031672e-01
-25786.648573	1.2443246689745341e-01
-25740.683067	1.2554276333354927e-01
-25694.717562	1.2601780752375669e-01
-25648.752056	1.2615747996245982e-01
-25602.786551	1.2624655685894662e-01
-25556.821045	1.2645980473042248e-01
-25510.855540	1.2726006580167989e-01
-25464.890034	1.2757059475427970e-01
-25418.924529	1.2778429877911671e-01
-25372.959023	1.2814783833560539e-01
-25326.993518	1.2853077420130266e-01
-25281.028012	1.2874995439111683e-01
-25235.062507	1.2891043379173506e-01
-25189.097001	1.2983597262992352e-01
-25143.131496	1.3012564198471169e-01
-25097.165990	1.3072647922410471e-01
-25051.200485	1.3107417127873833e-01
-25005.234979	1.3217325400535351e-01
-24959.269474	1.3277285389486790e-01
-24913.303969	1.3341974573478213e-01
-24867.338463	1.3398041576777042e-01
-24821.372958	1.3468753010547138e-01
-24775.407452	1.3506772095751390e-01
-24729.441947	1.3550441073307198e-01
-24683.476441	1.3610641085885961e-01
-24637.510936	1.3649317037916575e-01
-24591.545430	1.3693868363428327e-01
-24545.579925	1.3798707370054675e-01
-24499.614419	1.3838558399794465e-01
-24453.648914	1.4003908617659735e-01
-24407.683408	1.4185270862614191e-01
-24361.717903	1.4254513805097466e-01
-24315.752397	1.4295727437929462e-01
-24269.786892	1.4388300138847482e-01
-24223.821386	1.4420490190408095e-01
-24177.855881	1.4433267191455287e-01
-24131.890375	1.4479025600912906e-01
-24085.924870	1.4559747419415661e-01
-24039.959364	1.4613079528996936e-01
-23993.993859	1.4642859475715753e-01
-23948.028354	1.4656151713128077e-01
-23902.062848	1.4735862042659267e-01
-23856.097343	1.4876899497590843e-01
-23810.131837	1.4988848289263840e-01
-23764.166332	1.5079496511128557e-01
-23718.200826	1.5107749746226312e-01
-23672.235321	1.5298819457984220e-01
-23626.269815	1.5314880475676615e-01
-23580.304310	1.5344855264034180e-01
-23534.338804	1.5368324077910706e-01
-23488.373299	1.5376432966238948e-01
-23442.407793	1.5410998004819979e-01
-23396.442288	1.5421141133249239e-01
-23350.476782	1.5465981512231491e-01
-23304.511277	1.5594369319776674e-01
-23258.545771	1.5607319513553827e-01
-23212.580266	1.5626872634817043e-01
-23166.614760	1.5647848274683787e-01
-23120.649255	1.5655341005739881e-01
-23074.683749	1.5658651425290751e-01
-23028.718244	1.5743726288112692e-01
-22982.752738	1.5760430566983286e-01
-22936.787233	1.5781229946324243e-01
-22890.821728	1.5794569996513239e-01
-22844.856222	1.5799828940391389e-01
-22798.890717	1.5834403115288087e-01
-22752.925211	1.5871887869685167e-01
-22706.959706	1.5920426106412999e-01
-22660.994200	1.6012204042768699e-01
-22615.028695	1.6026265390392094e-01
-22569.063189	1.6048960128001494e-01
-22523.097684	1.6055839298527547e-01
-22477.132178	1.6060224292479192e-01
-22431.166673	1.6164627665534456e-01
-22385.201167	1.6191579205569445e-01
-22339.235662	1.6213518379113256e-01
-22293.270156	1.6317307486487170e-01
-22247.304651	1.6594547618090477e-01
-22201.339145	1.6672878457127366e-01
-22155.373640	1.6803984040854064e-01
-22109.408134	1.6835549403554659e-01
-22063.442629	1.7051477511405264e-01
-22017.477123	1.7120691787791603e-01
-21971.511618	1.7208037333987475e-01
-21925.546113	1.7246281122895227e-01
-21879.580607	1.7283810012207379e-01
-21833.615102	1.7453759024621668e-01
-21787.649596	1.7465462844478125e-01
-21741.684091	1.7859631009635166e-01
-21695.718585	1.7933267040288972e-01
-21649.753080	1.8157799210707179e-01
-21603.787574	1.8196765765642492e-01
-21557.822069	1.8251407508476189e-01
-21511.856563	1.8269594207149789e-01
-21465.891058	1.8343918977085683e-01
-21419.925552	1.8441357375194681e-01
-21373.960047	1.8460511104111429e-01
-21327.994541	1.8467461336561833e-01
-21282.029036	1.8481658758087438e-01
-21236.063530	1.8489269424304874e-01
-21190.098025	1.8719015313136325e-01
-21144.132519	1.8736859052027852e-01
-21098.167014	1.8789211180479887e-01
-21052.201508	1.8821737121204374e-01
-21006.236003	1.8926475555881692e-01
-20960.270498	1.8948539295288275e-01
-20914.304992	1.8994856182630226e-01
-20868.339487	1.9094817220534463e-01
-20822.373981	1.9115683478920589e-01
-20776.408476	1.9260738933451285e-01
-20730.442970	1.9265856744152438e-01
-20684.477465	1.9298106672268661e-01
-20638.511959	1.9328290003134299e-01
-20592.546454	1.9361740790422005e-01
-20546.580948	1.9368557785029059e-01
-20500.615443	1.9375801131318365e-01
-20454.649937	1.9399536717071106e-01
-20408.684432	1.9505738232929587e-01
-20362.718926	1.9517938321878248e-01
-20316.753421	1.9559746442169498e-01
-20270.787915	1.9573795179917519e-01
-20224.822410	1.9588492360123635e-01
-20178.856904	1.9604297679904573e-01
-20132.891399	1.9607479548934792e-01
-20086.925893	1.9618302396971377e-01
-20040.960388	1.9692628551761607e-01
-19994.994882	1.9754144493155792e-01
-19949.029377	1.9804921025243954e-01
-19903.063872	1.9871615747192342e-01
-19857.098366	1.9875625422162418e-01
-19811.132861	1.9895191870047402e-01
-19765.167355	2.0078237442270569e-01
-19719.201850	2.0130828777049140e-01
-19673.236344	2.0203002904453288e-01
-19627.270839	2.0223178866727601e-01
-19581.305333	2.0282118690852857e-01
-19535.339828	2.0381260083308286e-01
-19489.374322	2.0403973587984700e-01
-19443.408817	2.0477994024955365e-01
-19397.443311	2.0493489754838429e-01
-19351.477806	2.0515516540893861e-01
-19305.512300	2.0526750833277696e-01
-19259.546795	2.0570111371742961e-01
-19213.581289	2.0578074800875684e-01
-19167.615784	2.0651893234869248e-01
-19121.650278	2.0680898390892588e-01
-19075.684773	2.0699169987422397e-01
-19029.719267	2.0732224328294446e-01
-18983.753762	2.0756966645869532e-01
-18937.788257	2.0774544030147396e-01
-18891.822751	2.0807268612526783e-01
-18845.857246	2.0836043124249642e-01
-18799.891740	2.0846743406363366e-01
-18753.926235	2.0864640417565866e-01
-18707.960729	2.0924254927430747e-01
-18661.995224	2.0968628112230689e-01
-18616.029718	2.0996166134537853e-01
-18570.064213	2.1055837258160665e-01
-18524.098707	2.1119254696395609e-01
-18478.133202	2.1142298245362534e-01
-18432.167696	2.1233703439252491e-01
-18386.202191	2.1347318665657111e-01
-18340.236685	2.1460032522461245e-01
-18294.271180	2.1464014207095339e-01
-18248.305674	2.1501686753432087e-01
-18202.340169	2.1524163791411036e-01
-18156.374663	2.1545466895774204e-01
-18110.409158	2.1556740741489139e-01
-18064.443652	2.1588846053816313e-01
-18018.478147	2.1595433493865054e-01
-17972.512641	2.1673779010719699e-01
-17926.547136	2.1677028638024068e-01
-17880.581631	2.1703458797355601e-01
-17834.616125	2.1744967304422416e-01
-17788.650620	2.1748842585615294e-01
-17742.685114	2.1773747938281793e-01
-17696.719609	2.1777105375693873e-01
-17650.754103	2.1789462125305276e-01
-17604.788598	2.1795135482045941e-01
-17558.823092	2.1805431817482529e-01
-17512.857587	2.1839070093682220e-01
-17466.892081	2.1844954707406167e-01
-17420.926576	2.1862744107043897e-01
-17374.961070	2.1865422732479978e-01
-17328.995565	2.1882994135484010e-01
-17283.030059	2.1908358599252459e-01
-17237.064554	2.1924664407030298e-01
-17191.099048	2.1999856153017358e-01
-17145.133543	2.2016960546331993e-01
-17099.168037	2.2061047784729285e-01
-17053.202532	2.2065751512387691e-01
-17007.237026	2.2087426061769166e-01
-16961.271521	2.2117023227811053e-01
-16915.306016	2.2132117581717167e-01
-16869.340510	2.2139304035134588e-01
-16823.375005	2.2142446062225415e-01
-16777.409499	2.2179005109118927e-01
-16731.443994	2.2200942110451910e-01
-16685.478488	2.2274692408755750e-01
-16639.512983	2.2279710773809727e-01
-16593.547477	2.2294983094066551e-01
-16547.581972	2.2310552663961736e-01
-16501.616466	2.2312872883202564e-01
-16455.650961	2.2317556114014270e-01
-16409.685455	2.2347257703109324e-01
-16363.719950	2.2360210511223505e-01
-16317.754444	2.2446726524342522e-01
-16271.788939	2.2448260637005343e-01
-16225.823433	2.2463733341971603e-01
-16179.857928	2.2494282734495744e-01
-16133.892422	2.2692998229545863e-01
-16087.926917	2.2724944444290709e-01
-16041.961411	2.2784848337225519e-01
-15995.995906	2.2829269029196886e-01
-15950.030401	2.2868271404716312e-01
-15904.064895	2.2912149276365795e-01
-15858.099390	2.2927055043055936e-01
-15812.133884	2.2938670450009480e-01
-15766.168379	2.3003530054925386e-01
-15720.202873	2.3076537456682383e-01
-15674.237368	2.3247475321935768e-01
-15628.271862	2.3301996485525189e-01
-15582.306357	2.3336780606529259e-01
-15536.340851	2.3349971279638732e-01
-15490.375346	2.3368570727870452e-01
-15444.409840	2.3375655453580635e-01
-15398.444335	2.3447125057632814e-01
-15352.478829	2.3622034736749420e-01
-15306.513324	2.3738055504826552e-01
-15260.547818	2.3767007181704844e-01
-15214.582313	2.3772740069571013e-01
-15168.616807	2.3783824677860757e-01
-15122.651302	2.3876553006654236e-01
-15076.685796	2.3970598758549583e-01
-15030.720291	2.4025754209302985e-01
-14984.754785	2.4066839985776534e-01
-14938.789280	2.4244695257312368e-01
-14892.823775	2.4288433120995337e-01
-14846.858269	2.4568334841746839e-01
-14800.892764	2.4844114652418939e-01
-14754.927258	2.4886898609284169e-01
-14708.961753	2.5083797760537996e-01
-14662.996247	2.5148231198248855e-01
-14617.030742	2.5169576193761839e-01
-14571.065236	2.5315719326039254e-01
-14525.099731	2.5408391222688442e-01
-14479.134225	2.5460645373264068e-01
-14433.168720	2.5593383419270405e-01
-14387.203214	2.5742384774272581e-01
-14341.237709	2.5766993138672534e-01
-14295.272203	2.5801258255188703e-01
-14249.306698	2.5884402314840926e-01
-14203.341192	2.5902567384202524e-01
-14157.375687	2.6078850345659760e-01
-14111.410181	2.6084385113898573e-01
-14065.444676	2.6106212788185656e-01
-14019.479170	2.6133207512294443e-01
-13973.513665	2.6142609334000244e-01
-13927.548160	2.6164724093419256e-01
-13881.582654	2.6188327303494685e-01
-13835.617149	2.6225002000409636e-01
-13789.651643	2.6265477291548595e-01
-13743.686138	2.6274474902351036e-01
-13697.720632	2.6298778595967648e-01
-13651.755127	2.6401076316761440e-01
-13605.789621	2.6418953191917427e-01
-13559.824116	2.6442589858695303e-01
-13513.858610	2.6496931825577158e-01
-13467.893105	2.6502892737485739e-01
-13421.927599	2.6595467860692684e-01
-13375.962094	2.6650553038749364e-01
-13329.996588	2.6665553825911897e-01
-13284.031083	2.6681890478013037e-01
-13238.065577	2.6811643244602518e-01
-13192.100072	2.6846691057339239e-01
-13146.134566	2.6855958765221599e-01
-13100.169061	2.6861970132157764e-01
-13054.203555	2.6884041680644954e-01
-13008.238050	2.6890608544359401e-01
-12962.272545	2.6927880471645149e-01
-12916.307039	2.6955142222780021e-01
-12870.341534	2.7018759299443362e-01
-12824.376028	2.7046379316267866e-01
-12778.410523	2.7072989961236577e-01
-12732.445017	2.7120987041743866e-01
-12686.479512	2.7136553961961768e-01
-12640.514006	2.7187286946357675e-01
-12594.548501	2.7196066552405407e-01
-12548.582995	2.7261324414469074e-01
-12502.617490	2.7281016506920480e-01
-12456.651984	2.7328329395379014e-01
-12410.686479	2.7351109463141410e-01
-12364.720973	2.7356008725991604e-01
-12318.755468	2.7423216005597822e-01
-12272.789962	2.7443439740960318e-01
-12226.824457	2.7467280484241419e-01
-12180.858951	2.7496532420593450e-01
-12134.893446	2.7505438076942546e-01
-12088.927940	2.7567103605796772e-01
-12042.962435	2.7578881247553311e-01
-11996.996929	2.7600463838794670e-01
-11951.031424	2.7631553714627177e-01
-11905.065919	2.7705199389735996e-01
-11859.100413	2.7731631606384877e-01
-11813.134908	2.7751163236702925e-01
-11767.169402	2.7791656757251498e-01
-11721.203897	2.7802969077717360e-01
-11675.238391	2.7821178190966073e-01
-11629.272886	2.7843487847454429e-01
-11583.307380	2.7851300236006760e-01
-11537.341875	2.7858203040745738e-01
-11491.376369	2.7866840301666745e-01
-11445.410864	2.7886044846287589e-01
-11399.445358	2.7940416111621214e-01
-11353.479853	2.7966231677157327e-01
-11307.514347	2.8002326329493882e-01
-11261.548842	2.8021500968003599e-01
-11215.583336	2.8036404757994365e-01
-11169.617831	2.8069023320929970e-01
-11123.652325	2.8070945340897696e-01
-11077.686820	2.8093705395124063e-01
-11031.721314	2.8098908642151155e-01
-10985.755809	2.8106695035296470e-01
-10939.790304	2.8143305865947837e-01
-10893.824798	2.8197105524717125e-01
-10847.859293	2.8263249689056547e-01
-10801.893787	2.8277885390963109e-01
-10755.928282	2.8317654360454952e-01
-10709.962776	2.8350211217425891e-01
-10663.997271	2.8360332989751319e-01
-10618.031765	2.8370582385991128e-01
-10572.066260	2.8373276108456402e-01
-10526.100754	2.8404098302234371e-01
-10480.135249	2.8406681041656118e-01
-10434.169743	2.8424919556401967e-01
-10388.204238	2.8439805933095702e-01
-10342.238732	2.8455602732842145e-01
-10296.273227	2.8456681470937956e-01
-10250.307721	2.8533537948503451e-01
-10204.342216	2.8536132126925379e-01
-10158.376710	2.8563012632249213e-01
-10112.411205	2.8571259561296497e-01
-10066.445699	2.8587323072743176e-01
-10020.480194	2.8621641450162744e-01
-9974.514689	2.8643100325793425e-01
-9928.549183	2.8691663764644149e-01
-9882.583678	2.8693372537269152e-01
-9836.618172	2.8761136279729771e-01
-9790.652667	2.8791801476670281e-01
-9744.687161	2.8819671660599266e-01
-9698.721656	2.8822154478585804e-01
-9652.756150	2.8829275728139131e-01
-9606.790645	2.8845129921350343e-01
-9560.825139	2.8884574230716997e-01
-9514.859634	2.8894034586747730e-01
-9468.894128	2.8913924215435943e-01
-9422.928623	2.8916580294629163e-01
-9376.963117	2.8947479973914281e-01
-9330.997612	2.8947536128376666e-01
-9285.032106	2.8971428317676079e-01
-9239.066601	2.8976222510508975e-01
-9193.101095	2.8982134691897221e-01
-9147.135590	2.8995592676619147e-01
-9101.170084	2.8997379359504838e-01
-9055.204579	2.9027875976278156e-01
-9009.239073	2.9028431698633833e-01
-8963.273568	2.9032700058153393e-01
-8917.308063	2.9033007175294501e-01
-8871.342557	2.9041673361381437e-01
-8825.377052	2.9083378810814603e-01
-8779.411546	2.9087646679564449e-01
-8733.446041	2.9089342427622011e-01
-8687.480535	2.9093096713593086e-01
-8641.515030	2.9099239035591218e-01
-8595.549524	2.9113576462262147e-01
-8549.584019	2.9123079795564694e-01
-8503.618513	2.9125186007631282e-01
-8457.653008	2.9141735131990759e-01
-8411.687502	2.9156556377422571e-01
-8365.721997	2.9172909315822027e-01
-8319.756491	2.9181498395575933e-01
-8273.790986	2.9181617370664648e-01
-8227.825480	2.9227820664973808e-01
-8181.859975	2.9241320574476054e-01
-8135.894469	2.9254030525882208e-01
-8089.928964	2.9285643991950927e-01
-8043.963458	2.9295879613567083e-01
-7997.997953	2.9318616826696109e-01
-7952.032448	2.9335784404665266e-01
-7906.066942	2.9389869636921212e-01
-7860.101437	2.9395572571958378e-01
-7814.135931	2.9399082002861721e-01
-7768.170426	2.9412827297099542e-01
-7722.204920	2.9422283157162288e-01
-7676.239415	2.9425191731087541e-01
-7630.273909	2.9426391069114805e-01
-7584.308404	2.9433021813124194e-01
-7538.342898	2.9466828985122046e-01
-7492.377393	2.9469099519728370e-01
-7446.411887	2.9470496056727202e-01
-7400.446382	2.9487031209264886e-01
-7354.480876	2.9495896822217582e-01
-7308.515371	2.9499194225528397e-01
-7262.549865	2.9503348129716239e-01
-7216.584360	2.9505811289653000e-01
-7170.618854	2.9515075034790056e-01
-7124.653349	2.9521906175113999e-01
-7078.687843	2.9527415569455095e-01
-7032.722338	2.9527806550255531e-01
-6986.756833	2.9535512232458078e-01
-6940.791327	2.9535039098522503e-01
-6894.825822	2.9552559021718500e-01
-6848.860316	2.9561919954500826e-01
-6802.894811	2.9576369946834680e-01
-6756.929305	2.9585060793279250e-01
-6710.963800	2.9609207605871540e-01
-6664.998294	2.9624801723060334e-01
-6619.032789	2.9627562492854359e-01
-6573.067283	2.9638863630803791e-01
-6527.101778	2.9656872521971411e-01
-6481.136272	2.9675201860012279e-01
-6435.170767	2.9678920776955459e-01
-6389.205261	2.9681370756598124e-01
-6343.239756	2.9682756319705028e-01
-6297.274250	2.9698557909967199e-01
-6251.308745	2.9714828852030067e-01
-6205.343239	2.9720708014536668e-01
-6159.377734	2.9721918224767613e-01
-6113.412228	2.9722371192672742e-01
-6067.446723	2.9730304669623747e-01
-6021.481217	2.9741499491666717e-01
-5975.515712	2.9743682569729940e-01
-5929.550207	2.9750394070469627e-01
-5883.584701	2.9755488476416170e-01
-5837.619196	2.9756717711992342e-01
-5791.653690	2.9772131388240364e-01
-5745.688185	2.9774939409003548e-01
-5699.722679	2.9783071576095260e-01
-5653.757174	2.9790660968695687e-01
-5607.791668	2.9792512107803232e-01
-5561.826163	2.9794535127368238e-01
-5515.860657	2.9797751729719590e-01
-5469.895152	2.9817603046461721e-01
-5423.929646	2.9822937064215910e-01
-5377.964141	2.9824408706475364e-01
-5331.998635	2.9825142365751134e-01
-5286.033130	2.9824158477296880e-01
-5240.067624	2.9833129628874594e-01
-5194.102119	2.9840795711381318e-01
-5148.136613	2.9843212964075061e-01
-5102.171108	2.9848220990957203e-01
-5056.205602	2.9852181068796285e-01
-5010.240097	2.9852544965467231e-01
-4964.274592	2.9853069957297956e-01
-4918.309086	2.9863009486343645e-01
-4872.343581	2.9866801073522131e-01
-4826.378075	2.9870030468965292e-01
-4780.412570	2.9866992884593746e-01
-4734.447064	2.9870741684696056e-01
-4688.481559	2.9870995310067161e-01
-4642.516053	2.9872169571849944e-01
-4596.550548	2.9877034905692607e-01
-4550.585042	2.9881038436280727e-01
-4504.619537	2.9881002081490921e-01
-4458.654031	2.9883025946679559e-01
-4412.688526	2.9888730689551990e-01
-4366.723020	2.9889685455228293e-01
-4320.757515	2.9898467424444369e-01
-4274.792009	2.9897513510470308e-01
-4228.826504	2.9901799675864943e-01
-4182.860998	2.9916263766481110e-01
-4136.895493	2.9919354075277599e-01
-4090.929987	2.9920986918017628e-01
-4044.964482	2.9921283962676387e-01
-3998.998976	2.9921561841319871e-01
-3953.033471	2.9931923612845762e-01
-3907.067966	2.9936365826353284e-01
-3861.102460	2.9939817610171671e-01
-3815.136955	2.9942049806258181e-01
-3769.171449	2.9948419267922294e-01
-3723.205944	2.9952732643339469e-01
-3677.240438	2.9952363667926629e-01
-3631.274933	2.9952358688182040e-01
-3585.309427	2.9950994126757380e-01
-3539.343922	2.9953518630582182e-01
-3493.378416	2.9954177604902948e-01
-3447.412911	2.9954208361462087e-01
-3401.447405	2.9956951264601162e-01
-3355.481900	2.9965030263932368e-01
-3309.516394	2.9969117972581111e-01
-3263.550889	2.9968362639622526e-01
-3217.585383	2.9974711273092441e-01
-3171.619878	2.9976012835486748e-01
-3125.654372	2.9979465009386214e-01
-3079.688867	2.9982911184934063e-01
-3033.723361	2.9982822516115115e-01
-2987.757856	2.9982781705144157e-01
-2941.792351	2.9984668116750091e-01
-2895.826845	2.9986753234994556e-01
-2849.861340	2.9988233498217054e-01
-2803.895834	2.9987677028315307e-01
-2757.930329	2.9989277793259062e-01
-2711.964823	2.9993510573634585e-01
-2665.999318	2.9994043187701735e-01
-2620.033812	2.9996460573055994e-01
-2574.068307	3.0008540148840462e-01
-2528.102801	3.0009341738875822e-01
-2482.137296	3.0009143776889424e-01
-2436.171790	3.0010333246540782e-01
-2390.206285	3.0010305982084745e-01
-2344.240779	3.0012584066466835e-01
-2298.275274	3.0013721034776386e-01
-2252.309768	3.0018873308240979e-01
-2206.344263	3.0017809965043518e-01
-2160.378757	3.0017463214294998e-01
-2114.413252	3.0017397616261082e-01
-2068.447746	3.0015966402396038e-01
-2022.482241	3.0016228731132938e-01
-1976.516736	3.0024448321397040e-01
-1930.551230	3.0027882129855443e-01
-1884.585725	3.0027216596111672e-01
-1838.620219	3.0029054979081421e-01
-1792.654714	3.0029087866092641e-01
-1746.689208	3.0029458169944456e-01
-1700.723703	3.0028746145708540e-01
-1654.758197	3.0030874587987272e-01
-1608.792692	3.0031529144040919e-01
-1562.827186	3.0034629767843857e-01
-1516.861681	3.0034104518741267e-01
-1470.896175	3.0034933685354814e-01
-1424.930670	3.0035194014930217e-01
-1378.965164	3.0037447303648485e-01
-1332.999659	3.0038848829200271e-01
-1287.034153	3.0040949558095831e-01
-1241.068648	3.0047983828740843e-01
-1195.103142	3.0047569319372830e-01
-1149.137637	3.0047195674384369e-01
-1103.172131	3.0047367358220628e-01
-1057.206626	3.0045502277069441e-01
-1011.241120	3.0048462807751147e-01
-965.275615	3.0048265328588408e-01
-919.310110	3.0044882873882583e-01
-873.344604	3.0043956743176770e-01
-827.379099	3.0043706233713807e-01
-781.413593	3.0043880110560284e-01
-735.448088	3.0044188658417559e-01
-689.482582	3.0044686177629831e-01
-643.517077	3.0045479244775486e-01
-597.551571	3.0044662954217871e-01
-551.586066	3.0048117061773078e-01
-505.620560	3.0048149099661425e-01
-459.655055	3.0047065015082597e-01
-413.689549	3.0046546841974009e-01
-367.724044	3.0045688160978179e-01
-321.758538	3.0046118501169450e-01
-275.793033	3.0046469159762068e-01
-229.827527	3.0047906863632101e-01
-183.862022	3.0050745421546610e-01
-137.896516	3.0050483394150296e-01
-91.931011	3.0049548519988423e-01
-45.965505	3.0045608139656915e-01
0.000000	3.0044634910586387e-01
45.965505	3.0046547958871417e-01
91.931011	3.0046684123471584e-01
137.896516	3.0050904086371494e-01
183.862022	3.0054231150870392e-01
229.827527	3.0054375856970661e-01
275.793033	3.0054774178624821e-01
321.758538	3.0053771271452789e-01
367.724044	3.0053953287204488e-01
413.689549	3.0055441654720433e-01
459.655055	3.0056599369507481e-01
505.620560	3.0055039719427734e-01
551.586066	3.0056266150428279e-01
597.551571	3.0059492988686798e-01
643.517077	3.0059476935970658e-01
689.482582	3.0052962036898734e-01
735.448088	3.0051605477708676e-01
781.413593	3.0050016314813965e-01
827.379099	3.0052591361433617e-01
873.344604	3.0051272925980876e-01
919.310110	3.0046480101822570e-01
965.275615	3.0048331712967674e-01
1011.241120	3.0049889160584059e-01
1057.206626	3.0050519961691241e-01
1103.172131	3.0049037092313879e-01
1149.137637	3.0041033837711772e-01
1195.103142	3.0043443886432003e-01
1241.068648	3.0043976211460660e-01
1287.034153	3.0044931408512793e-01
1332.999659	3.0046277799307647e-01
1378.965164	3.0042565061039167e-01
1424.930670	3.0042413560472786e-01
1470.896175	3.0043394547060381e-01
1516.861681	3.0043193805088930e-01
1562.827186	3.0045546897112085e-01
1608.792692	3.0050067213033549e-01
1654.758197	3.0051198787261302e-01
1700.723703	3.0052064429636505e-01
1746.689208	3.0051109381882096e-01
1792.654714	3.0048222508616140e-01
1838.620219	3.0048516530229069e-01
1884.585725	3.0049450775586600e-01
1930.551230	3.0048977695450596e-01
1976.516736	3.0048138664751334e-01
2022.482241	3.0047617034338209e-01
2068.447746	3.0045084669139122e-01
2114.413252	3.0041122771375417e-01
2160.378757	3.0040426648081953e-01
2206.344263	3.0039452815769968e-01
2252.309768	3.0037283524234060e-01
2298.275274	3.0036546165873967e-01
2344.240779	3.0035250581806672e-01
2390.206285	3.0034209064590706e-01
2436.171790	3.0030745491149424e-01
2482.137296	3.0028184634669774e-01
2528.102801	3.0031419150344330e-01
2574.068307	3.0031417433873092e-01
2620.033812	3.0029509927470316e-01
2665.999318	3.0028851846869697e-01
2711.964823	3.0029480074561826e-01
2757.930329	3.0025183010655454e-01
2803.895834	3.0024553439448837e-01
2849.861340	3.0024286389615346e-01
2895.826845	3.0024040885831488e-01
2941.792351	3.0018912930678410e-01
2987.757856	3.0017353428167592e-01
3033.723361	3.0012589784217081e-01
3079.688867	3.0006362741094972e-01
3125.654372	3.0007150486597245e-01
3171.619878	3.0004726664992765e-01
3217.585383	3.0002374606163379e-01
3263.550889	3.0001584317252467e-01
3309.516394	3.0000504447817439e-01
3355.481900	2.9998955153321649e-01
3401.447405	2.9997671988136282e-01
3447.412911	2.9996640540653369e-01
3493.378416	3.0000406287214715e-01
3539.343922	2.9998853448302348e-01
3585.309427	2.9990126125331179e-01
3631.274933	2.9989468482997034e-01
3677.240438	2.9990260111926720e-01
3723.205944	2.9990013744708466e-01
3769.171449	2.9988546634471558e-01
3815.136955	2.9985177836791055e-01
3861.102460	2.9982520319606099e-01
3907.067966	2.9981323324406822e-01
3953.033471	2.9981717851654549e-01
3998.998976	2.9964757675867815e-01
4044.964482	2.9962917800735989e-01
4090.929987	2.9956829206147656e-01
4136.895493	2.9955986736906093e-01
4182.860998	2.9944757763481639e-01
4228.826504	2.9941324659013729e-01
4274.792009	2.9938073168577944e-01
4320.757515	2.9935754816174642e-01
4366.723020	2.9935237261348197e-01
4412.688526	2.9933922323197298e-01
4458.654031	2.9928775476706998e-01
4504.619537	2.9927362398464358e-01
4550.585042	2.9926098190794698e-01
4596.550548	2.9925334887457006e-01
4642.516053	2.9923688700282935e-01
4688.481559	2.9918057367478640e-01
4734.447064	2.9916423923179392e-01
4780.412570	2.9916491267326850e-01
4826.378075	2.9912264689005330e-01
4872.343581	2.9906934861589723e-01
4918.309086	2.9905340226922250e-01
4964.274592	2.9904091519306253e-01
5010.240097	2.9901116792553273e-01
5056.205602	2.9901866640390434e-01
5102.171108	2.9900593111237189e-01
5148.136613	2.9899774966675530e-01
5194.102119	2.9893651309208180e-01
5240.067624	2.9892093508374029e-01
5286.033130	2.9883989232212793e-01
5331.998635	2.9879670088672994e-01
5377.964141	2.9879203607151822e-01
5423.929646	2.9876558487554372e-01
5469.895152	2.9873076844789515e-01
5515.860657	2.9868645389325371e-01
5561.826163	2.9867748745438211e-01
5607.791668	2.9865467438228965e-01
5653.757174	2.9860754329910327e-01
5699.722679	2.9850139221671207e-01
5745.688185	2.9846476758051277e-01
5791.653690	2.9841383056812643e-01
5837.619196	2.9836073742573499e-01
5883.584701	2.9832290726088734e-01
5929.550207	2.9832314264022824e-01
5975.515712	2.9831038685538436e-01
6021.481217	2.9828035341172010e-01
6067.446723	2.9825900481291012e-01
6113.412228	2.9817807501229909e-01
6159.377734	2.9816434327051466e-01
6205.343239	2.9813996535303933e-01
6251.308745	2.9811587182093835e-01
6297.274250	2.9807095729956895e-01
6343.239756	2.9801003761036554e-01
6389.205261	2.9786979962665666e-01
6435.170767	2.9783252518603853e-01
6481.136272	2.9771492445966719e-01
6527.101778	2.9755466729471136e-01
6573.067283	2.9751597036952571e-01
6619.032789	2.9749760115068852e-01
6664.998294	2.9742225387788629e-01
6710.963800	2.9736541980579168e-01
6756.929305	2.9729379078471690e-01
6802.894811	2.9725707656414668e-01
6848.860316	2.9724088948950605e-01
6894.825822	2.9722264387806646e-01
6940.791327	2.9708660365720219e-01
6986.756833	2.9697267354286488e-01
7032.722338	2.9692247374823622e-01
7078.687843	2.9685610950001390e-01
7124.653349	2.9681416842273362e-01
7170.618854	2.9676905536343484e-01
7216.584360	2.9663653922113775e-01
7262.549865	2.9662956032808591e-01
7308.515371	2.9662610711428450e-01
7354.480876	2.9662855388482134e-01
7400.446382	2.9663345775379008e-01
7446.411887	2.9662335097632020e-01
7492.377393	2.9645982841086427e-01
7538.342898	2.9642317058737672e-01
7584.308404	2.9637005352693063e-01
7630.273909	2.9627289452136379e-01
7676.239415	2.9627989774464214e-01
7722.204920	2.9624624844204750e-01
7768.170426	2.9610309481531910e-01
7814.135931	2.9609322009013639e-01
7860.101437	2.9608039694934785e-01
7906.066942	2.9605952539493724e-01
7952.032448	2.9604853353337607e-01
7997.997953	2.9603149687563840e-01
8043.963458	2.9598210469002550e-01
8089.928964	2.9598076383257066e-01
8135.894469	2.9586873910942230e-01
8181.859975	2.9586296992768180e-01
8227.825480	2.9580322514173873e-01
8273.790986	2.9575488489729274e-01
8319.756491	2.9569809359557014e-01
8365.721997	2.9567423321324593e-01
8411.687502	2.9545721101348893e-01
8457.653008	2.9539391465236270e-01
8503.618513	2.9525839748997879e-01
8549.584019	2.9519531722259090e-01
8595.549524	2.9516792242569173e-01
8641.515030	2.9512433648808534e-01
8687.480535	2.9512727934708394e-01
8733.446041	2.9497049902609518e-01
8779.411546	2.9492494801984320e-01
8825.377052	2.9485970835095227e-01
8871.342557	2.9474352011448501e-01
8917.308063	2.9473026671967434e-01
8963.273568	2.9468837907763118e-01
9009.239073	2.9465121639576636e-01
9055.204579	2.9462062922122118e-01
9101.170084	2.9452189370941040e-01
9147.135590	2.9427672604127902e-01
9193.101095	2.9422525364150615e-01
9239.066601	2.9421776645523884e-01
9285.032106	2.9405216486820285e-01
9330.997612	2.9397616064183035e-01
9376.963117	2.9385822704498549e-01
9422.928623	2.9372594674881036e-01
9468.894128	2.9356793608318976e-01
9514.859634	2.9350661210106416e-01
9560.825139	2.9335894032420901e-01
9606.790645	2.9331248719380265e-01
9652.756150	2.9319586288017452e-01
9698.721656	2.9310899401908602e-01
9744.687161	2.9309384419906115e-01
9790.652667	2.9296209743648821e-01
9836.618172	2.9294412741049186e-01
9882.583678	2.9292655782479565e-01
9928.549183	2.9287278502621644e-01
9974.514689	2.9281560753872449e-01
10020.480194	2.9278700293744486e-01
10066.445699	2.9274141385974911e-01
10112.411205	2.9272501352939179e-01
10158.376710	2.9269467676649258e-01
10204.342216	2.9261845857071417e-01
10250.307721	2.9225474098650056e-01
10296.273227	2.9220118476770246e-01
10342.238732	2.9216288025299536e-01
10388.204238	2.9201817082750720e-01
10434.169743	2.9194393801309271e-01
10480.135249	2.9173791673442362e-01
10526.100754	2.9168047208959264e-01
10572.066260	2.9141460496783111e-01
10618.031765	2.9127083195824899e-01
10663.997271	2.9123179802941451e-01
10709.962776	2.9111862910059211e-01
10755.928282	2.9108170873403710e-01
10801.893787	2.9092462370522543e-01
10847.859293	2.9062473432236724e-01
10893.824798	2.9037470006227351e-01
10939.790304	2.9036607791361907e-01
10985.755809	2.9035709728576908e-01
11031.721314	2.9033593300914001e-01
11077.686820	2.9031437234203400e-01
11123.652325	2.8971016953842044e-01
11169.617831	2.8967087664530855e-01
11215.583336	2.8966364231916553e-01
11261.548842	2.8963672380601524e-01
11307.514347	2.8925814257087878e-01
11353.479853	2.8920457144125500e-01
11399.445358	2.8914933291462730e-01
11445.410864	2.8908568633595333e-01
11491.376369	2.8890953719055601e-01
11537.341875	2.8887482467561043e-01
11583.307380	2.8865452727069890e-01
11629.272886	2.8839841203646427e-01
11675.238391	2.8837230467425112e-01
11721.203897	2.8817374898147718e-01
11767.169402	2.8798976958015876e-01
11813.134908	2.8771485322704932e-01
11859.100413	2.8750271210064399e-01
11905.065919	2.8729806934063767e-01
11951.031424	2.8726332241866298e-01
11996.996929	2.8726564614116856e-01
12042.962435	2.8721978883379845e-01
12088.927940	2.8702694457998018e-01
12134.893446	2.8689346803477267e-01
12180.858951	2.8687559530623008e-01
12226.824457	2.8684478616549663e-01
12272.789962	2.8664265785315890e-01
12318.755468	2.8635308991116426e-01
12364.720973	2.8624047420847853e-01
12410.686479	2.8601210386226761e-01
12456.651984	2.8595145012674783e-01
12502.617490	2.8578209826869644e-01
12548.582995	2.8566344138667660e-01
12594.548501	2.8549292967873990e-01
12640.514006	2.8514022466887357e-01
12686.479512	2.8501470190793099e-01
12732.445017	2.8492305465027612e-01
12778.410523	2.8478905502553276e-01
12824.376028	2.8451460309990872e-01
12870.341534	2.8445186394977878e-01
12916.307039	2.8438232822858778e-01
12962.272545	2.8424452445103815e-01
13008.238050	2.8415620358068377e-01
13054.203555	2.8351776893967445e-01
13100.169061	2.8333596615093737e-01
13146.134566	2.8324111182313855e-01
13192.100072	2.8320955347133125e-01
13238.065577	2.8316818954349582e-01
13284.031083	2.8297533744190839e-01
13329.996588	2.8278647386324429e-01
13375.962094	2.8268313794352579e-01
13421.927599	2.8246204709139155e-01
13467.893105	2.8203997926690910e-01
13513.858610	2.8194326849327073e-01
13559.824116	2.8117805201307883e-01
13605.789621	2.8088856617575897e-01
13651.755127	2.8068962568042494e-01
13697.720632	2.8060411849292538e-01
13743.686138	2.8058784476129189e-01
13789.651643	2.8053941612448108e-01
13835.617149	2.8044967801990484e-01
13881.582654	2.8043936650152052e-01
13927.548160	2.8038089577848430e-01
13973.513665	2.8023136117606323e-01
14019.479170	2.8013500696888693e-01
14065.444676	2.8007765997225953e-01
14111.410181	2.8005788795109154e-01
14157.375687	2.7983270511876879e-01
14203.341192	2.7977646574291420e-01
14249.306698	2.7968403874795345e-01
14295.272203	2.7943354759275019e-01
14341.237709	2.7909452789969735e-01
14387.203214	2.7905021063855867e-01
14433.168720	2.7838399831369270e-01
14479.134225	2.7814253700974156e-01
14525.099731	2.7802389261061128e-01
14571.065236	2.7741023641238421e-01
14617.030742	2.7696171107174256e-01
14662.996247	2.7685251297660324e-01
14708.961753	2.7600414183428512e-01
14754.927258	2.7566132311628977e-01
14800.892764	2.7545199992246977e-01
14846.858269	2.7485526286239487e-01
14892.823775	2.7469568800405925e-01
14938.789280	2.7439501419999418e-01
14984.754785	2.7394818335264676e-01
15030.720291	2.7389854280510789e-01
15076.685796	2.7380881937729362e-01
15122.651302	2.7344313242657498e-01
15168.616807	2.7334917133612557e-01
15214.582313	2.7313818940553108e-01
15260.547818	2.7282693153315707e-01
15306.513324	2.7274517723136071e-01
15352.478829	2.7269190155446815e-01
15398.444335	2.7264437183091877e-01
15444.409840	2.7221167558129550e-01
15490.375346	2.7168892976371067e-01
15536.340851	2.7161860124219234e-01
15582.306357	2.7097418566245829e-01
15628.271862	2.7089776782550723e-01
15674.237368	2.7063128665386310e-01
15720.202873	2.7057904865522031e-01
15766.168379	2.7045665146822967e-01
15812.133884	2.7029522080612817e-01
15858.099390	2.7008528971919693e-01
15904.064895	2.6979280211757634e-01
15950.030401	2.6958673537526018e-01
15995.995906	2.6946000557296013e-01
16041.961411	2.6935984782521966e-01
16087.926917	2.6920972830753542e-01
16133.892422	2.6892026085925802e-01
16179.857928	2.6880752017336718e-01
16225.823433	2.6867313354360922e-01
16271.788939	2.6840546460639336e-01
16317.754444	2.6831382164461998e-01
16363.719950	2.6794820021592186e-01
16409.685455	2.6774835730610141e-01
16455.650961	2.6735829500867858e-01
16501.616466	2.6646858207492480e-01
16547.581972	2.6640235005463281e-01
16593.547477	2.6522071147152282e-01
16639.512983	2.6496521534149092e-01
16685.478488	2.6443680888722609e-01
16731.443994	2.6436690427212800e-01
16777.409499	2.6434357875886094e-01
16823.375005	2.6323610257447494e-01
16869.340510	2.6245161333039657e-01
16915.306016	2.6199958416401176e-01
16961.271521	2.6053268795348461e-01
17007.237026	2.6031412576809115e-01
17053.202532	2.6004145484771790e-01
17099.168037	2.5911285303729226e-01
17145.133543	2.5903138366678052e-01
17191.099048	2.5898464598789750e-01
17237.064554	2.5844606777843043e-01
17283.030059	2.5837011386503339e-01
17328.995565	2.5828337742292862e-01
17374.961070	2.5781773974046973e-01
17420.926576	2.5745169830062181e-01
17466.892081	2.5699543754223897e-01
17512.857587	2.5688502163838095e-01
17558.823092	2.5645452066396152e-01
17604.788598	2.5596923816544981e-01
17650.754103	2.5467448993322300e-01
17696.719609	2.5457885232375571e-01
17742.685114	2.5369555389180509e-01
17788.650620	2.5359919132128506e-01
17834.616125	2.5330980630342959e-01
17880.581631	2.5253156069552413e-01
17926.547136	2.5165224392973840e-01
17972.512641	2.5161376286626685e-01
18018.478147	2.4835230728814811e-01
18064.443652	2.4749427780385611e-01
18110.409158	2.4692418716477921e-01
18156.374663	2.4687769285555783e-01
18202.340169	2.4550753221797675e-01
18248.305674	2.4537938203755544e-01
18294.271180	2.4501867588508200e-01
18340.236685	2.4451746674585847e-01
18386.202191	2.4276281321630275e-01
18432.167696	2.4270293821715963e-01
18478.133202	2.3937583528595724e-01
18524.098707	2.3878713769770116e-01
18570.064213	2.3852046506904537e-01
18616.029718	2.3840864893541799e-01
18661.995224	2.3800953725773605e-01
18707.960729	2.3791561294921268e-01
18753.926235	2.3751043847966752e-01
18799.891740	2.3685041549963812e-01
18845.857246	2.3672664253397330e-01
18891.822751	2.3589041226618704e-01
18937.788257	2.3559009018169283e-01
18983.753762	2.3530772967357963e-01
19029.719267	2.3442835253137204e-01
19075.684773	2.3298251877998255e-01
19121.650278	2.3196229575224397e-01
19167.615784	2.3131628583356054e-01
19213.581289	2.3123894454463820e-01
19259.546795	2.2793248420962886e-01
19305.512300	2.2726507954483013e-01
19351.477806	2.2706275943494164e-01
19397.443311	2.2670292475329915e-01
19443.408817	2.2478296845930870e-01
19489.374322	2.2431644453181857e-01
19535.339828	2.2372699783055741e-01
19581.305333	2.2368516710581235e-01
19627.270839	2.2285686808009544e-01
19673.236344	2.2274839283163322e-01
19719.201850	2.2255295155266974e-01
19765.167355	2.2171595583989998e-01
19811.132861	2.1641232807926036e-01
19857.098366	2.1614665827390420e-01
19903.063872	2.1465436502395818e-01
19949.029377	2.1439688441673563e-01
19994.994882	2.1367422428598221e-01
20040.960388	2.1211763488700119e-01
20086.925893	2.1142225629833425e-01
20132.891399	2.0893699969213164e-01
20178.856904	2.0869433778145607e-01
20224.822410	2.0857889648505076e-01
20270.787915	2.0855295592040110e-01
20316.753421	2.0812966096186100e-01
20362.718926	2.0754800297680306e-01
20408.684432	2.0750529196862574e-01
20454.649937	2.0631048346157355e-01
20500.615443	2.0590254392607349e-01
20546.580948	2.0575942246068188e-01
20592.546454	2.0281381270707294e-01
20638.511959	2.0194539525106628e-01
20684.477465	2.0028495000910138e-01
20730.442970	1.9905882802256786e-01
20776.408476	1.9874868944252247e-01
20822.373981	1.9561821082990044e-01
20868.339487	1.9519365928778148e-01
20914.304992	1.9499796790869184e-01
20960.270498	1.9486842837779247e-01
21006.236003	1.9434004607600414e-01
21052.201508	1.9251908799375753e-01
21098.167014	1.8958459141172940e-01
21144.132519	1.8727264613230504e-01
21190.098025	1.8640784737385974e-01
21236.063530	1.8630555779859359e-01
21282.029036	1.8537323401448885e-01
21327.994541	1.8426238761670516e-01
21373.960047	1.8186018836329992e-01
21419.925552	1.7925047670925612e-01
21465.891058	1.7848643292283944e-01
21511.856563	1.7845592534047972e-01
21557.822069	1.7751798707897704e-01
21603.787574	1.7502748511776592e-01
21649.753080	1.7333064949266974e-01
21695.718585	1.7145933915191844e-01
21741.684091	1.6854902775353248e-01
21787.649596	1.6659749354731859e-01
21833.615102	1.6633337746555191e-01
21879.580607	1.6332724000683707e-01
21925.546113	1.6318014398518538e-01
21971.511618	1.5908779291265646e-01
22017.477123	1.5742978245667016e-01
22063.442629	1.5569258023263269e-01
22109.408134	1.5517335456789871e-01
22155.373640	1.5422054501473953e-01
22201.339145	1.5409405318613284e-01
22247.304651	1.5324695210163930e-01
22293.270156	1.5248603029414268e-01
22339.235662	1.5146280815083843e-01
22385.201167	1.4919150940969533e-01
22431.166673	1.4911805098231751e-01
22477.132178	1.4874448800406689e-01
22523.097684	1.4838328754164323e-01
22569.063189	1.4826252905370996e-01
22615.028695	1.4644667256230937e-01
22660.994200	1.4525879604154115e-01
22706.959706	1.4188562088973072e-01
22752.925211	1.4150041206323727e-01
22798.890717	1.3966645971533631e-01
22844.856222	1.3818170364782406e-01
22890.821728	1.3289878855108628e-01
22936.787233	1.3061817313134894e-01
22982.752738	1.2825711177528809e-01
23028.718244	1.2803171982006539e-01
23074.683749	1.2586469621241961e-01
23120.649255	1.2194936203318166e-01
23166.614760	1.2184419106520414e-01
23212.580266	1.1795644858795687e-01
23258.545771	1.1567207066340261e-01
23304.511277	1.1329183844946511e-01
23350.476782	1.1221128289942693e-01
23396.442288	1.1004694679522180e-01
23442.407793	1.0550470764693584e-01
23488.373299	1.0160836515894128e-01
23534.338804	1.0012647576186567e-01
23580.304310	8.2064840139837628e-02
23626.269815	7.8067089188689279e-02
23672.235321	7.7471896760073045e-02
23718.200826	7.6601862312944621e-02
23764.166332	7.6390445375627544e-02
23810.131837	7.4644105640009631e-02
23856.097343	7.3860429636768365e-02
23902.062848	7.1750739435998745e-02
23948.028354	7.0304325084337399e-02
23993.993859	6.7751196815890119e-02
24039.959364	6.4801930540317451e-02
24085.924870	6.3263782737888033e-02
24131.890375	5.2809573521352633e-02
24177.855881	5.0202157683407848e-02
24223.821386	4.6166781684092939e-02
24269.786892	3.7182278515702993e-02
24315.752397	3.6991107437637519e-02
24361.717903	3.6572752735404244e-02
24407.683408	2.9388876872129762e-02
24453.648914	2.9092893159885912e-02
24499.614419	2.6720365122634298e-02
24545.579925	2.5200671510470434e-02
24591.545430	2.2106100882164168e-02
24637.510936	2.1348583245730655e-02
24683.476441	1.9705085308407037e-02
24729.441947	1.5943297159268625e-02
24775.407452	1.2422846819088538e-02
24821.372958	1.2147108966091606e-02
24867.338463	3.2417975656113484e-03
