-27395.441264	2.7733256786989227e-03
-27349.475759	4.0570564887800614e-03
-27303.510253	6.2247967638912041e-03
-27257.544748	9.2821006778199943e-03
-27211.579242	1.1281603237564008e-02
-27165.613737	1.1373336688333624e-02
-27119.648231	1.1462024301870648e-02
-27073.682726	1.1491407672820279e-02
-27027.717220	1.2968997064416054e-02
-26981.751715	1.3713256350542978e-02
-26935.786210	1.8950304721628747e-02
-26889.820704	1.9819443334291635e-02
-26843.855199	2.0520165064682221e-02
-26797.889693	2.2803288820848644e-02
-26751.924188	2.4537086873773629e-02
-26705.958682	2.5500825607542688e-02
-26659.993177	2.6839560654711783e-02
-26614.027671	3.0864365807166703e-02
-26568.062166	3.4028094857288908e-02
-26522.096660	3.4959046049067993e-02
-26476.131155	3.5159175471935061e-02
-26430.165649	3.7142553011002534e-02
-26384.200144	4.0281736196368427e-02
-26338.234638	4.0535974021837000e-02
-26292.269133	4.1719550537020318e-02
-26246.303627	4.2119451048962371e-02
-26200.338122	4.2750118522992854e-02
-26154.372616	4.6145510369683652e-02
-26108.407111	4.7666278983198064e-02
-26062.441605	5.0185723875191449e-02
-26016.476100	5.0279248994919805e-02
-25970.510594	5.3471823915303120e-02
-25924.545089	5.4953713312378707e-02
-25878.579584	5.5061034283101495e-02
-25832.614078	5.5123384362920420e-02
-25786.648573	5.6513361142331943e-02
-25740.683067	5.9308723054213613e-02
-25694.717562	6.1437584112858573e-02
-25648.752056	6.3350190727993611e-02
-25602.786551	6.5416164206131527e-02
-25556.821045	6.5784531344372052e-02
-25510.855540	7.1104713155128077e-02
-25464.890034	7.3096511538308970e-02
-25418.924529	7.6346778199214371e-02
-25372.959023	7.6882487218348242e-02
-25326.993518	7.8218355595158259e-02
-25281.028012	8.0140458055782973e-02
-25235.062507	8.0299199925666753e-02
-25189.097001	8.0415658408087176e-02
-25143.131496	8.1758335126946372e-02
-25097.165990	8.5786544450420055e-02
-25051.200485	8.9010294410712773e-02
-25005.234979	8.9582732643533072e-02
-24959.269474	9.1643331114790033e-02
-24913.303969	9.2868295182956639e-02
-24867.338463	9.4821572683490826e-02
-24821.372958	9.4905781124625568e-02
-24775.407452	9.5745357199428643e-02
-24729.441947	9.8312102151974293e-02
-24683.476441	1.0002547517872244e-01
-24637.510936	1.0090643880650878e-01
-24591.545430	1.0145719784490925e-01
-24545.579925	1.0334812526562451e-01
-24499.614419	1.0420687219830296e-01
-24453.648914	1.0435486405442486e-01
-24407.683408	1.0450590174777934e-01
-24361.717903	1.0598976198071128e-01
-24315.752397	1.0607558292391030e-01
-24269.786892	1.0755747232098592e-01
-24223.821386	1.0840242340266994e-01
-24177.855881	1.0842768593501034e-01
-24131.890375	1.1026540078770190e-01
-24085.924870	1.1051050110148937e-01
-24039.959364	1.1056066783238155e-01
-23993.993859	1.1061423873429854e-01
-23948.028354	1.1176699854344224e-01
-23902.062848	1.1617701252265622e-01
-23856.097343	1.1762718937923208e-01
-23810.131837	1.1785813550823211e-01
-23764.166332	1.1858662810754486e-01
-23718.200826	1.1987376308872116e-01
-23672.235321	1.2018049681474759e-01
-23626.269815	1.2030824281162658e-01
-23580.304310	1.2134705247488661e-01
-23534.338804	1.2438787303453641e-01
-23488.373299	1.2660506337307437e-01
-23442.407793	1.2871726191053084e-01
-23396.442288	1.2881060786336948e-01
-23350.476782	1.3049191001584140e-01
-23304.511277	1.3177922416391374e-01
-23258.545771	1.3211999960018844e-01
-23212.580266	1.3339369706416146e-01
-23166.614760	1.3354348058925380e-01
-23120.649255	1.3575457925332629e-01
-23074.683749	1.3708901429505804e-01
-23028.718244	1.3813749897070443e-01
-22982.752738	1.3868521217190932e-01
-22936.787233	1.4065067302150622e-01
-22890.821728	1.4563384190116327e-01
-22844.856222	1.4944060094139888e-01
-22798.890717	1.5026745616663950e-01
-22752.925211	1.5143544516194687e-01
-22706.959706	1.5161640372695079e-01
-22660.994200	1.5169380382604156e-01
-22615.028695	1.5231712545737680e-01
-22569.063189	1.5304328888704100e-01
-22523.097684	1.5569543520467857e-01
-22477.132178	1.5669156168162535e-01
-22431.166673	1.5733588382192498e-01
-22385.201167	1.5926363845539909e-01
-22339.235662	1.6055692901191354e-01
-22293.270156	1.6124035098237727e-01
-22247.304651	1.6206262982200889e-01
-22201.339145	1.6211614121270163e-01
-22155.373640	1.6327149705119057e-01
-22109.408134	1.6546344772096999e-01
-22063.442629	1.6553307125831132e-01
-22017.477123	1.6625778095266364e-01
-21971.511618	1.6958684287029577e-01
-21925.546113	1.7101575107678765e-01
-21879.580607	1.7132122189495261e-01
-21833.615102	1.7256235240581938e-01
-21787.649596	1.7281713110389654e-01
-21741.684091	1.7583732638736368e-01
-21695.718585	1.7741508720501681e-01
-21649.753080	1.7842432397455607e-01
-21603.787574	1.7947061535889569e-01
-21557.822069	1.8026409927571155e-01
-21511.856563	1.8215049012325771e-01
-21465.891058	1.8281471998198134e-01
-21419.925552	1.8556264042330697e-01
-21373.960047	1.8597721398281389e-01
-21327.994541	1.8691513177121233e-01
-21282.029036	1.8749145695214461e-01
-21236.063530	1.8757982596462255e-01
-21190.098025	1.8920723984583404e-01
-21144.132519	1.8926888488214699e-01
-21098.167014	1.8991399664885206e-01
-21052.201508	1.9016123159650361e-01
-21006.236003	1.9074484132195529e-01
-20960.270498	1.9242300427827830e-01
-20914.304992	1.9539671441809028e-01
-20868.339487	1.9731447453631581e-01
-20822.373981	1.9847119366051233e-01
-20776.408476	1.9854058625311036e-01
-20730.442970	1.9889000245761482e-01
-20684.477465	1.9893230183565616e-01
-20638.511959	1.9978828794644191e-01
-20592.546454	2.0364270424050593e-01
-20546.580948	2.0464275691085010e-01
-20500.615443	2.0648854050038470e-01
-20454.649937	2.0719612458867870e-01
-20408.684432	2.0789469980428352e-01
-20362.718926	2.0808263193664039e-01
-20316.753421	2.0977334757807375e-01
-20270.787915	2.1034041198105088e-01
-20224.822410	2.1071604095276039e-01
-20178.856904	2.1089639880414365e-01
-20132.891399	2.1252417088487899e-01
-20086.925893	2.1326052676897120e-01
-20040.960388	2.1349298712589238e-01
-19994.994882	2.1354951007342796e-01
-19949.029377	2.1576221992829711e-01
-19903.063872	2.1589953092331718e-01
-19857.098366	2.1608187467442863e-01
-19811.132861	2.1783679836929185e-01
-19765.167355	2.1814411098149969e-01
-19719.201850	2.1829228501647832e-01
-19673.236344	2.1848250779921827e-01
-19627.270839	2.2066906842303979e-01
-19581.305333	2.2130489902987943e-01
-19535.339828	2.2439351872257429e-01
-19489.374322	2.2479747528020627e-01
-19443.408817	2.2501773320380061e-01
-19397.443311	2.2617541973036673e-01
-19351.477806	2.2661327407010254e-01
-19305.512300	2.2838572056550788e-01
-19259.546795	2.2880016213717649e-01
-19213.581289	2.3038597889042184e-01
-19167.615784	2.3163831249198019e-01
-19121.650278	2.3195005130344551e-01
-19075.684773	2.3219703462600028e-01
-19029.719267	2.3286175750149909e-01
-18983.753762	2.3344026364161505e-01
-18937.788257	2.3494074236290788e-01
-18891.822751	2.3778091311182759e-01
-18845.857246	2.3935599284131218e-01
-18799.891740	2.3956134994401290e-01
-18753.926235	2.4025289172781245e-01
-18707.960729	2.4026335980914557e-01
-18661.995224	2.4245153605026273e-01
-18616.029718	2.4361277676616377e-01
-18570.064213	2.4379532477699839e-01
-18524.098707	2.4451842731106957e-01
-18478.133202	2.4479800193825818e-01
-18432.167696	2.4482524048368381e-01
-18386.202191	2.4553894364017595e-01
-18340.236685	2.4557913614124671e-01
-18294.271180	2.4562019180167627e-01
-18248.305674	2.4571758397565402e-01
-18202.340169	2.4577161634589470e-01
-18156.374663	2.4583326732667857e-01
-18110.409158	2.4625061828757455e-01
-18064.443652	2.4628838326979571e-01
-18018.478147	2.4688976638756452e-01
-17972.512641	2.4717348192420580e-01
-17926.547136	2.4721784950347264e-01
-17880.581631	2.4780557493926669e-01
-17834.616125	2.4836912964463287e-01
-17788.650620	2.4858546701948075e-01
-17742.685114	2.5015793853856072e-01
-17696.719609	2.5016783184457242e-01
-17650.754103	2.5098490925032862e-01
-17604.788598	2.5117053792172545e-01
-17558.823092	2.5128628551432919e-01
-17512.857587	2.5135774572793762e-01
-17466.892081	2.5160789699638952e-01
-17420.926576	2.5191638899592828e-01
-17374.961070	2.5195866095247998e-01
-17328.995565	2.5202457582215926e-01
-17283.030059	2.5241229088467576e-01
-17237.064554	2.5311333155245042e-01
-17191.099048	2.5313384347110945e-01
-17145.133543	2.5315094820113754e-01
-17099.168037	2.5348585062380291e-01
-17053.202532	2.5380089294444574e-01
-17007.237026	2.5521998199189355e-01
-16961.271521	2.5666946335152302e-01
-16915.306016	2.5682654484533496e-01
-16869.340510	2.5744010618876734e-01
-16823.375005	2.5816492134645741e-01
-16777.409499	2.5852714968324092e-01
-16731.443994	2.5940001861619605e-01
-16685.478488	2.6116360305868452e-01
-16639.512983	2.6124896330579245e-01
-16593.547477	2.6151990617262338e-01
-16547.581972	2.6164599639770914e-01
-16501.616466	2.6276493977829984e-01
-16455.650961	2.6362713946726329e-01
-16409.685455	2.6404294977496062e-01
-16363.719950	2.6410838251488022e-01
-16317.754444	2.6429330633728160e-01
-16271.788939	2.6474582937729224e-01
-16225.823433	2.6480541841166061e-01
-16179.857928	2.6593296806743455e-01
-16133.892422	2.6629451259963599e-01
-16087.926917	2.6677293242590749e-01
-16041.961411	2.6685172343510949e-01
-15995.995906	2.6721970509715753e-01
-15950.030401	2.6831164736160035e-01
-15904.064895	2.6837286928984228e-01
-15858.099390	2.6865284957437197e-01
-15812.133884	2.6873933717517934e-01
-15766.168379	2.6914097280811933e-01
-15720.202873	2.6925634527246811e-01
-15674.237368	2.6930540712949097e-01
-15628.271862	2.6937018206043856e-01
-15582.306357	2.6939799245978657e-01
-15536.340851	2.6970022743320704e-01
-15490.375346	2.7034543095816421e-01
-15444.409840	2.7044779039846351e-01
-15398.444335	2.7087388778359794e-01
-15352.478829	2.7104709170922942e-01
-15306.513324	2.7188687809726775e-01
-15260.547818	2.7319673638775910e-01
-15214.582313	2.7407468713362326e-01
-15168.616807	2.7410669868095949e-01
-15122.651302	2.7464440880298635e-01
-15076.685796	2.7481414286069400e-01
-15030.720291	2.7494811762191657e-01
-14984.754785	2.7508316407961986e-01
-14938.789280	2.7515516411088875e-01
-14892.823775	2.7518578889305412e-01
-14846.858269	2.7523035298360937e-01
-14800.892764	2.7544063982453515e-01
-14754.927258	2.7615192895369767e-01
-14708.961753	2.7641437606510133e-01
-14662.996247	2.7652052649615760e-01
-14617.030742	2.7689167793638741e-01
-14571.065236	2.7698005450885749e-01
-14525.099731	2.7713714220426061e-01
-14479.134225	2.7719037345297837e-01
-14433.168720	2.7721237270675253e-01
-14387.203214	2.7733425595352501e-01
-14341.237709	2.7776347568176191e-01
-14295.272203	2.7794096686987946e-01
-14249.306698	2.7797025164687339e-01
-14203.341192	2.7814167410071816e-01
-14157.375687	2.7815723388807750e-01
-14111.410181	2.7842641010109848e-01
-14065.444676	2.7863853547190520e-01
-14019.479170	2.7870294991979555e-01
-13973.513665	2.7879096291387800e-01
-13927.548160	2.7884001403028641e-01
-13881.582654	2.7914620647060184e-01
-13835.617149	2.7952243580794545e-01
-13789.651643	2.8025249427088583e-01
-13743.686138	2.8028210889636551e-01
-13697.720632	2.8090727453767300e-01
-13651.755127	2.8107173641136912e-01
-13605.789621	2.8115041078597286e-01
-13559.824116	2.8125217899812532e-01
-13513.858610	2.8131726147625147e-01
-13467.893105	2.8133634098332277e-01
-13421.927599	2.8146982977649643e-01
-13375.962094	2.8179519842583944e-01
-13329.996588	2.8182255680399643e-01
-13284.031083	2.8251127991642533e-01
-13238.065577	2.8264606735704872e-01
-13192.100072	2.8306405072122537e-01
-13146.134566	2.8336509792059511e-01
-13100.169061	2.8385184064057911e-01
-13054.203555	2.8422300811282741e-01
-13008.238050	2.8427072629583849e-01
-12962.272545	2.8514662029813920e-01
-12916.307039	2.8520224907974828e-01
-12870.341534	2.8543943475796874e-01
-12824.376028	2.8553677564939267e-01
-12778.410523	2.8590281464837669e-01
-12732.445017	2.8610864440995626e-01
-12686.479512	2.8633285045970230e-01
-12640.514006	2.8636764500845685e-01
-12594.548501	2.8680394637138279e-01
-12548.582995	2.8689368481472821e-01
-12502.617490	2.8693783493968433e-01
-12456.651984	2.8696530496043976e-01
-12410.686479	2.8708239797488555e-01
-12364.720973	2.8721666809759744e-01
-12318.755468	2.8754323857753072e-01
-12272.789962	2.8780787185013051e-01
-12226.824457	2.8788557368561635e-01
-12180.858951	2.8802489550884858e-01
-12134.893446	2.8804427009080119e-01
-12088.927940	2.8845188603992850e-01
-12042.962435	2.8864222406335371e-01
-11996.996929	2.8877388942592774e-01
-11951.031424	2.8887893027005235e-01
-11905.065919	2.8942908992364036e-01
-11859.100413	2.8944307607196457e-01
-11813.134908	2.8966043905095062e-01
-11767.169402	2.8971617652468507e-01
-11721.203897	2.8972708146451959e-01
-11675.238391	2.8995458717043066e-01
-11629.272886	2.8996696697198265e-01
-11583.307380	2.9009050382437035e-01
-11537.341875	2.9016570781059015e-01
-11491.376369	2.9019172472273264e-01
-11445.410864	2.9020710846555081e-01
-11399.445358	2.9042616828358847e-01
-11353.479853	2.9047732818973793e-01
-11307.514347	2.9058699694322743e-01
-11261.548842	2.9064344342272058e-01
-11215.583336	2.9086607874872206e-01
-11169.617831	2.9100024102120875e-01
-11123.652325	2.9106483077302153e-01
-11077.686820	2.9109057059863885e-01
-11031.721314	2.9114319111987330e-01
-10985.755809	2.9118153425538090e-01
-10939.790304	2.9120918259035744e-01
-10893.824798	2.9149107970716398e-01
-10847.859293	2.9180943626915951e-01
-10801.893787	2.9188594199331830e-01
-10755.928282	2.9198016607632205e-01
-10709.962776	2.9198785542420830e-01
-10663.997271	2.9211104583162734e-01
-10618.031765	2.9216099204994633e-01
-10572.066260	2.9218549628440432e-01
-10526.100754	2.9222326772668089e-01
-10480.135249	2.9283002806011943e-01
-10434.169743	2.9291484426538955e-01
-10388.204238	2.9295545833502890e-01
-10342.238732	2.9299335059457265e-01
-10296.273227	2.9313292870767654e-01
-10250.307721	2.9314903223774375e-01
-10204.342216	2.9320586142728583e-01
-10158.376710	2.9323383341589088e-01
-10112.411205	2.9321728959049892e-01
-10066.445699	2.9330685564047249e-01
-10020.480194	2.9357304074141827e-01
-9974.514689	2.9381832254575024e-01
-9928.549183	2.9391153018850397e-01
-9882.583678	2.9394246631675869e-01
-9836.618172	2.9410966710372261e-01
-9790.652667	2.9414672233303674e-01
-9744.687161	2.9415462715419988e-01
-9698.721656	2.9418961529809473e-01
-9652.756150	2.9421250736369103e-01
-9606.790645	2.9424961127502003e-01
-9560.825139	2.9430322662372516e-01
-9514.859634	2.9435865733151523e-01
-9468.894128	2.9436753477714916e-01
-9422.928623	2.9438515218876077e-01
-9376.963117	2.9444413205939496e-01
-9330.997612	2.9448757278306559e-01
-9285.032106	2.9450108800899372e-01
-9239.066601	2.9455780092084244e-01
-9193.101095	2.9461962936253627e-01
-9147.135590	2.9467564512715932e-01
-9101.170084	2.9468429607918101e-01
-9055.204579	2.9483562945515751e-01
-9009.239073	2.9491159921123772e-01
-8963.273568	2.9493538010647796e-01
-8917.308063	2.9497509436537245e-01
-8871.342557	2.9499520227134113e-01
-8825.377052	2.9504201037274042e-01
-8779.411546	2.9505462396957899e-01
-8733.446041	2.9518868078132526e-01
-8687.480535	2.9535957029490756e-01
-8641.515030	2.9544089595980100e-01
-8595.549524	2.9572215862145279e-01
-8549.584019	2.9576366724754338e-01
-8503.618513	2.9577971204790715e-01
-8457.653008	2.9578932077104969e-01
-8411.687502	2.9578810215420204e-01
-8365.721997	2.9591413433079627e-01
-8319.756491	2.9593835176030064e-01
-8273.790986	2.9597993741457973e-01
-8227.825480	2.9606810428819763e-01
-8181.859975	2.9610605865312389e-01
-8135.894469	2.9628763244491518e-01
-8089.928964	2.9629343134364539e-01
-8043.963458	2.9635845059864263e-01
-7997.997953	2.9637532036730646e-01
-7952.032448	2.9641604291148566e-01
-7906.066942	2.9667136633167118e-01
-7860.101437	2.9670036465676047e-01
-7814.135931	2.9672855251159785e-01
-7768.170426	2.9676786865116006e-01
-7722.204920	2.9680084974317877e-01
-7676.239415	2.9684865962876439e-01
-7630.273909	2.9693915384357367e-01
-7584.308404	2.9697701667361559e-01
-7538.342898	2.9698910289755326e-01
-7492.377393	2.9704010891126914e-01
-7446.411887	2.9705370104517542e-01
-7400.446382	2.9708327461814799e-01
-7354.480876	2.9710282353649098e-01
-7308.515371	2.9715324151089328e-01
-7262.549865	2.9715160652185219e-01
-7216.584360	2.9726020781020179e-01
-7170.618854	2.9729910977161678e-01
-7124.653349	2.9732331864273781e-01
-7078.687843	2.9738033968103900e-01
-7032.722338	2.9741641852079970e-01
-6986.756833	2.9742723597622112e-01
-6940.791327	2.9746291968391397e-01
-6894.825822	2.9755126337075460e-01
-6848.860316	2.9756663294578173e-01
-6802.894811	2.9761648713092986e-01
-6756.929305	2.9764648148538525e-01
-6710.963800	2.9771082958037315e-01
-6664.998294	2.9775065718183891e-01
-6619.032789	2.9794767350924617e-01
-6573.067283	2.9811597264639361e-01
-6527.101778	2.9818672489126113e-01
-6481.136272	2.9836036027314744e-01
-6435.170767	2.9836577706382100e-01
-6389.205261	2.9837356569607154e-01
-6343.239756	2.9842461687453486e-01
-6297.274250	2.9853201811477936e-01
-6251.308745	2.9859048336604727e-01
-6205.343239	2.9860390661312097e-01
-6159.377734	2.9862687191308851e-01
-6113.412228	2.9867392158035522e-01
-6067.446723	2.9869448431163248e-01
-6021.481217	2.9870168830631655e-01
-5975.515712	2.9870145312112545e-01
-5929.550207	2.9871431591004599e-01
-5883.584701	2.9871497369310329e-01
-5837.619196	2.9878769586240966e-01
-5791.653690	2.9883074396971454e-01
-5745.688185	2.9887908324791834e-01
-5699.722679	2.9890529455929643e-01
-5653.757174	2.9889722877416097e-01
-5607.791668	2.9890129652830250e-01
-5561.826163	2.9889899248122076e-01
-5515.860657	2.9891874052538897e-01
-5469.895152	2.9891775288288824e-01
-5423.929646	2.9891671383156904e-01
-5377.964141	2.9896034832222351e-01
-5331.998635	2.9896849329737102e-01
-5286.033130	2.9901661520323591e-01
-5240.067624	2.9904183529171341e-01
-5194.102119	2.9902670462027042e-01
-5148.136613	2.9902592148480606e-01
-5102.171108	2.9901588778871213e-01
-5056.205602	2.9902318126593258e-01
-5010.240097	2.9902937215010145e-01
-4964.274592	2.9909548103929745e-01
-4918.309086	2.9915465884750320e-01
-4872.343581	2.9916326113637798e-01
-4826.378075	2.9916132623570030e-01
-4780.412570	2.9919079348849903e-01
-4734.447064	2.9925141959101820e-01
-4688.481559	2.9926534339001087e-01
-4642.516053	2.9929489876800858e-01
-4596.550548	2.9930980859726336e-01
-4550.585042	2.9943396136032990e-01
-4504.619537	2.9944937293059010e-01
-4458.654031	2.9947020073970976e-01
-4412.688526	2.9947680166750984e-01
-4366.723020	2.9947575631217255e-01
-4320.757515	2.9949180299567868e-01
-4274.792009	2.9949860226094777e-01
-4228.826504	2.9951686047434861e-01
-4182.860998	2.9951651254849487e-01
-4136.895493	2.9950656848708351e-01
-4090.929987	2.9949999499168117e-01
-4044.964482	2.9950123373801002e-01
-3998.998976	2.9950117633353690e-01
-3953.033471	2.9963882149295973e-01
-3907.067966	2.9966315784972974e-01
-3861.102460	2.9971041213112931e-01
-3815.136955	2.9975811217390147e-01
-3769.171449	2.9976238395669480e-01
-3723.205944	2.9977110584093380e-01
-3677.240438	2.9978846788493813e-01
-3631.274933	2.9987267498367698e-01
-3585.309427	2.9987134879191107e-01
-3539.343922	2.9989472150333524e-01
-3493.378416	2.9988900099949745e-01
-3447.412911	2.9990560451869103e-01
-3401.447405	2.9993361981855859e-01
-3355.481900	2.9999335333164195e-01
-3309.516394	2.9999532891812880e-01
-3263.550889	2.9999338335330927e-01
-3217.585383	2.9999727522162806e-01
-3171.619878	2.9998970883967968e-01
-3125.654372	2.9997281791448016e-01
-3079.688867	2.9999980632452972e-01
-3033.723361	3.0000268672125324e-01
-2987.757856	3.0001911057281289e-01
-2941.792351	2.9999646831094151e-01
-2895.826845	3.0001255924747933e-01
-2849.861340	3.0003226122580090e-01
-2803.895834	3.0010103053179449e-01
-2757.930329	3.0015326300657202e-01
-2711.964823	3.0015938438911294e-01
-2665.999318	3.0013386451812557e-01
-2620.033812	3.0015293207364968e-01
-2574.068307	3.0012965288330490e-01
-2528.102801	3.0015598881557792e-01
-2482.137296	3.0016992098321749e-01
-2436.171790	3.0018746270368174e-01
-2390.206285	3.0020612989775819e-01
-2344.240779	3.0018370472239514e-01
-2298.275274	3.0018139686229434e-01
-2252.309768	3.0018417675125991e-01
-2206.344263	3.0019917761182818e-01
-2160.378757	3.0023701117488555e-01
-2114.413252	3.0023967631032894e-01
-2068.447746	3.0025578054038843e-01
-2022.482241	3.0025391610222446e-01
-1976.516736	3.0025069315372221e-01
-1930.551230	3.0016039850072124e-01
-1884.585725	3.0015003765443221e-01
-1838.620219	3.0013493016453030e-01
-1792.654714	3.0012010295584057e-01
-1746.689208	3.0012360195230803e-01
-1700.723703	3.0015615662144718e-01
-1654.758197	3.0016992711205914e-01
-1608.792692	3.0014697765617515e-01
-1562.827186	3.0020545075628041e-01
-1516.861681	3.0020932042310994e-01
-1470.896175	3.0025583618519053e-01
-1424.930670	3.0026483544373694e-01
-1378.965164	3.0028570511846508e-01
-1332.999659	3.0034006110531053e-01
-1287.034153	3.0038530657770279e-01
-1241.068648	3.0041505492867127e-01
-1195.103142	3.0040740671330263e-01
-1149.137637	3.0042073527227847e-01
-1103.172131	3.0043386577472248e-01
-1057.206626	3.0045724124872286e-01
-1011.241120	3.0046518378309905e-01
-965.275615	3.0049304569293100e-01
-919.310110	3.0049779223405892e-01
-873.344604	3.0050374704114174e-01
-827.379099	3.0051937948322599e-01
-781.413593	3.0054408494921125e-01
-735.448088	3.0052619960992710e-01
-689.482582	3.0053275528593848e-01
-643.517077	3.0053930635967341e-01
-597.551571	3.0059014308568116e-01
-551.586066	3.0058406304794366e-01
-505.620560	3.0058070960583977e-01
-459.655055	3.0056339058286846e-01
-413.689549	3.0057103979564759e-01
-367.724044	3.0055440983010329e-01
-321.758538	3.0054581965073979e-01
-275.793033	3.0056777929464829e-01
-229.827527	3.0056132219307247e-01
-183.862022	3.0059355477089061e-01
-137.896516	3.0058746223771249e-01
-91.931011	3.0054730909342059e-01
-45.965505	3.0055229373627756e-01
0.000000	3.0053712588393006e-01
45.965505	3.0051464350899110e-01
91.931011	3.0052261427455290e-01
137.896516	3.0048490736678635e-01
183.862022	3.0047091302019424e-01
229.827527	3.0045817457202179e-01
275.793033	3.0039404979519801e-01
321.758538	3.0038318280574805e-01
367.724044	3.0037699444881527e-01
413.689549	3.0040950660877114e-01
459.655055	3.0041644224013914e-01
505.620560	3.0040772678293298e-01
551.586066	3.0038782945062442e-01
597.551571	3.0038534475543699e-01
643.517077	3.0040139051449610e-01
689.482582	3.0038238036904430e-01
735.448088	3.0036072953904908e-01
781.413593	3.0035772199480826e-01
827.379099	3.0036648832970464e-01
873.344604	3.0034569961353536e-01
919.310110	3.0035037359959338e-01
965.275615	3.0026359837636418e-01
1011.241120	3.0026314514869745e-01
1057.206626	3.0024943949740451e-01
1103.172131	3.0025389877881714e-01
1149.137637	3.0021596254864535e-01
1195.103142	3.0019681082089644e-01
1241.068648	3.0015998057454341e-01
1287.034153	3.0014793183820632e-01
1332.999659	3.0015022884721326e-01
1378.965164	3.0013315837316262e-01
1424.930670	3.0013309505268504e-01
1470.896175	3.0014213287162350e-01
1516.861681	3.0016492186896832e-01
1562.827186	3.0019319542160133e-01
1608.792692	3.0015584316207694e-01
1654.758197	3.0014708731261891e-01
1700.723703	3.0013303314898371e-01
1746.689208	3.0004914390590920e-01
1792.654714	3.0000751678591919e-01
1838.620219	3.0000366958821856e-01
1884.585725	2.9981881459807680e-01
1930.551230	2.9982321419230495e-01
1976.516736	2.9982254493887212e-01
2022.482241	2.9980599534142549e-01
2068.447746	2.9977001307568224e-01
2114.413252	2.9973896187932630e-01
2160.378757	2.9969350990872495e-01
2206.344263	2.9969594382540210e-01
2252.309768	2.9961136905266633e-01
2298.275274	2.9963393274334194e-01
2344.240779	2.9959727400519032e-01
2390.206285	2.9959152640604958e-01
2436.171790	2.9958346691257676e-01
2482.137296	2.9957551686291661e-01
2528.102801	2.9953559720870471e-01
2574.068307	2.9939076272221582e-01
2620.033812	2.9938118276920561e-01
2665.999318	2.9938192788901780e-01
2711.964823	2.9936410062905949e-01
2757.930329	2.9934825944928384e-01
2803.895834	2.9935420232308452e-01
2849.861340	2.9933713614036911e-01
2895.826845	2.9923053667619909e-01
2941.792351	2.9915655431366855e-01
2987.757856	2.9908289128472371e-01
3033.723361	2.9907407761651250e-01
3079.688867	2.9907891586241886e-01
3125.654372	2.9908458786331288e-01
3171.619878	2.9895001403412685e-01
3217.585383	2.9877396650047217e-01
3263.550889	2.9874086566923469e-01
3309.516394	2.9870324830640438e-01
3355.481900	2.9870957929213521e-01
3401.447405	2.9869582103948639e-01
3447.412911	2.9866154353920299e-01
3493.378416	2.9863126727109857e-01
3539.343922	2.9860878275590125e-01
3585.309427	2.9860756287693130e-01
3631.274933	2.9853595180608489e-01
3677.240438	2.9845663321460314e-01
3723.205944	2.9846247212745480e-01
3769.171449	2.9845359624284118e-01
3815.136955	2.9840235507638058e-01
3861.102460	2.9831739701718896e-01
3907.067966	2.9827934328303707e-01
3953.033471	2.9821957294589663e-01
3998.998976	2.9818956242923816e-01
4044.964482	2.9814293001711034e-01
4090.929987	2.9798009302766604e-01
4136.895493	2.9797614365771441e-01
4182.860998	2.9794133335785655e-01
4228.826504	2.9788218940275007e-01
4274.792009	2.9788163117319139e-01
4320.757515	2.9785629166691419e-01
4366.723020	2.9779570081286305e-01
4412.688526	2.9780473824873693e-01
4458.654031	2.9779599663822881e-01
4504.619537	2.9778189222062396e-01
4550.585042	2.9777208726289345e-01
4596.550548	2.9769091416358096e-01
4642.516053	2.9768311670276132e-01
4688.481559	2.9766004339159630e-01
4734.447064	2.9763212489766688e-01
4780.412570	2.9762701430630795e-01
4826.378075	2.9738298228178872e-01
4872.343581	2.9726531462217926e-01
4918.309086	2.9721639369717512e-01
4964.274592	2.9721020969118284e-01
5010.240097	2.9699710156812370e-01
5056.205602	2.9689831076120210e-01
5102.171108	2.9664598018286892e-01
5148.136613	2.9655749628836253e-01
5194.102119	2.9652626183569086e-01
5240.067624	2.9646998882977144e-01
5286.033130	2.9632687961834797e-01
5331.998635	2.9629204554617289e-01
5377.964141	2.9627483776367236e-01
5423.929646	2.9614452601554175e-01
5469.895152	2.9607057973771261e-01
5515.860657	2.9596784508396046e-01
5561.826163	2.9596390396789568e-01
5607.791668	2.9590598007712293e-01
5653.757174	2.9541691078354820e-01
5699.722679	2.9534138288056583e-01
5745.688185	2.9533898604520725e-01
5791.653690	2.9530537212531333e-01
5837.619196	2.9515375981281294e-01
5883.584701	2.9501710189944458e-01
5929.550207	2.9500344259934641e-01
5975.515712	2.9492790928596579e-01
6021.481217	2.9478113908936004e-01
6067.446723	2.9477641290582846e-01
6113.412228	2.9467005440931371e-01
6159.377734	2.9464406228959261e-01
6205.343239	2.9452454753795898e-01
6251.308745	2.9447631222877152e-01
6297.274250	2.9416605949479208e-01
6343.239756	2.9408830557796545e-01
6389.205261	2.9404066213554481e-01
6435.170767	2.9395247744055603e-01
6481.136272	2.9395824711301083e-01
6527.101778	2.9388766852749199e-01
6573.067283	2.9381437447351583e-01
6619.032789	2.9381055005919449e-01
6664.998294	2.9379501640341715e-01
6710.963800	2.9373029306435178e-01
6756.929305	2.9365168947264803e-01
6802.894811	2.9360711723908023e-01
6848.860316	2.9355693656764081e-01
6894.825822	2.9353840523367958e-01
6940.791327	2.9351768968337721e-01
6986.756833	2.9345815766727579e-01
7032.722338	2.9337614546483881e-01
7078.687843	2.9316884705713742e-01
7124.653349	2.9315203224293235e-01
7170.618854	2.9312576926226014e-01
7216.584360	2.9311520957842607e-01
7262.549865	2.9305766629766583e-01
7308.515371	2.9283527142020094e-01
7354.480876	2.9257419279241376e-01
7400.446382	2.9255540414273162e-01
7446.411887	2.9251355627513742e-01
7492.377393	2.9249309148126257e-01
7538.342898	2.9240440994028899e-01
7584.308404	2.9233839538210321e-01
7630.273909	2.9220698998218242e-01
7676.239415	2.9210542333361672e-01
7722.204920	2.9201415584692036e-01
7768.170426	2.9170049514796370e-01
7814.135931	2.9164899445984205e-01
7860.101437	2.9166229716268910e-01
7906.066942	2.9158540839166297e-01
7952.032448	2.9158157776701554e-01
7997.997953	2.9153339507822956e-01
8043.963458	2.9150059006437373e-01
8089.928964	2.9147871286575122e-01
8135.894469	2.9117634044715790e-01
8181.859975	2.9105751745378439e-01
8227.825480	2.9103397067691905e-01
8273.790986	2.9099814358615556e-01
8319.756491	2.9060086944006380e-01
8365.721997	2.9008821989674521e-01
8411.687502	2.8998345410337789e-01
8457.653008	2.8988340504671994e-01
8503.618513	2.8984835516924246e-01
8549.584019	2.8971296891541243e-01
8595.549524	2.8967071403894307e-01
8641.515030	2.8952439943606251e-01
8687.480535	2.8935047624475718e-01
8733.446041	2.8934701397202822e-01
8779.411546	2.8913409776773580e-01
8825.377052	2.8901866728151254e-01
8871.342557	2.8885964626498278e-01
8917.308063	2.8876970296149251e-01
8963.273568	2.8827534433604574e-01
9009.239073	2.8817326146387562e-01
9055.204579	2.8787548464885904e-01
9101.170084	2.8756518739668191e-01
9147.135590	2.8740891052378131e-01
9193.101095	2.8735805284974830e-01
9239.066601	2.8731783930431387e-01
9285.032106	2.8726068247909597e-01
9330.997612	2.8724473454874200e-01
9376.963117	2.8719432156558805e-01
9422.928623	2.8713032854858267e-01
9468.894128	2.8704112836727508e-01
9514.859634	2.8691280438649103e-01
9560.825139	2.8677994220486080e-01
9606.790645	2.8657796520143930e-01
9652.756150	2.8623000874082022e-01
9698.721656	2.8609610806723673e-01
9744.687161	2.8601102067343748e-01
9790.652667	2.8589579473830573e-01
9836.618172	2.8564217553477461e-01
9882.583678	2.8555294205359927e-01
9928.549183	2.8536952992936709e-01
9974.514689	2.8450177255428699e-01
10020.480194	2.8449474815747866e-01
10066.445699	2.8433937716964114e-01
10112.411205	2.8410313054595421e-01
10158.376710	2.8350759276371829e-01
10204.342216	2.8349493208336179e-01
10250.307721	2.8340293657229049e-01
10296.273227	2.8318454230245232e-01
10342.238732	2.8310362530621208e-01
10388.204238	2.8307364815933295e-01
10434.169743	2.8273696241900542e-01
10480.135249	2.8214648522206298e-01
10526.100754	2.8174687305450746e-01
10572.066260	2.8152892112619243e-01
10618.031765	2.8132734245833196e-01
10663.997271	2.8116222524068035e-01
10709.962776	2.8110597043780411e-01
10755.928282	2.8103739427072055e-01
10801.893787	2.8035239836651615e-01
10847.859293	2.8029184567696491e-01
10893.824798	2.7977008687589244e-01
10939.790304	2.7975817687867527e-01
10985.755809	2.7974867708082662e-01
11031.721314	2.7966154619217076e-01
11077.686820	2.7961081277588623e-01
11123.652325	2.7954214906503139e-01
11169.617831	2.7914553682156823e-01
11215.583336	2.7908508246485764e-01
11261.548842	2.7891890533909608e-01
11307.514347	2.7865228144129750e-01
11353.479853	2.7780778578815346e-01
11399.445358	2.7749302854333230e-01
11445.410864	2.7734142340607443e-01
11491.376369	2.7733852903609324e-01
11537.341875	2.7715006338618392e-01
11583.307380	2.7706987146553241e-01
11629.272886	2.7604970739042090e-01
11675.238391	2.7588243038142113e-01
11721.203897	2.7580850764086012e-01
11767.169402	2.7530589792769095e-01
11813.134908	2.7524667365994032e-01
11859.100413	2.7508260029460768e-01
11905.065919	2.7459654845067050e-01
11951.031424	2.7356385757611845e-01
11996.996929	2.7343613054197552e-01
12042.962435	2.7326898555562851e-01
12088.927940	2.7326600089248371e-01
12134.893446	2.7301507062707742e-01
12180.858951	2.7250949941839175e-01
12226.824457	2.7243990925456635e-01
12272.789962	2.7208081127173261e-01
12318.755468	2.7192552293314415e-01
12364.720973	2.7192035330280934e-01
12410.686479	2.7181919784391151e-01
12456.651984	2.7143231797196882e-01
12502.617490	2.7131044837014973e-01
12548.582995	2.7045650211412459e-01
12594.548501	2.7024914876402711e-01
12640.514006	2.6909053724267507e-01
12686.479512	2.6891534953177526e-01
12732.445017	2.6859440909151716e-01
12778.410523	2.6825523463013756e-01
12824.376028	2.6810742535885368e-01
12870.341534	2.6776412812624317e-01
12916.307039	2.6738639834414496e-01
12962.272545	2.6730614410118658e-01
13008.238050	2.6638600848057392e-01
13054.203555	2.6486602618254063e-01
13100.169061	2.6447481059650974e-01
13146.134566	2.6431543244853323e-01
13192.100072	2.6419658562068510e-01
13238.065577	2.6408801627799700e-01
13284.031083	2.6379332963372393e-01
13329.996588	2.6374520056486900e-01
13375.962094	2.6311623217333269e-01
13421.927599	2.6293382545314781e-01
13467.893105	2.6222449104948087e-01
13513.858610	2.6220659736232710e-01
13559.824116	2.6190644981984212e-01
13605.789621	2.6112792625410708e-01
13651.755127	2.6072289326852172e-01
13697.720632	2.6046645500239418e-01
13743.686138	2.6040450252055092e-01
13789.651643	2.5944390372360243e-01
13835.617149	2.5927043810325923e-01
13881.582654	2.5917618994206265e-01
13927.548160	2.5914629623452962e-01
13973.513665	2.5760864522499416e-01
14019.479170	2.5754395133199293e-01
14065.444676	2.5734015249917597e-01
14111.410181	2.5715519303761780e-01
14157.375687	2.5558556950355260e-01
14203.341192	2.5507303072106846e-01
14249.306698	2.5502741898863496e-01
14295.272203	2.5488764808145065e-01
14341.237709	2.5479358548459929e-01
14387.203214	2.5440866184513961e-01
14433.168720	2.5441066167774801e-01
14479.134225	2.5419217442665665e-01
14525.099731	2.5374490631559216e-01
14571.065236	2.5276335466557054e-01
14617.030742	2.5191444426998771e-01
14662.996247	2.5137000884656346e-01
14708.961753	2.5031936497400886e-01
14754.927258	2.4946580602563659e-01
14800.892764	2.4672622226015065e-01
14846.858269	2.4557953222913639e-01
14892.823775	2.4469531588780438e-01
14938.789280	2.4413165432483264e-01
14984.754785	2.4383425911993356e-01
15030.720291	2.4315133081036250e-01
15076.685796	2.4191048863790462e-01
15122.651302	2.4031760761181001e-01
15168.616807	2.3929463088875091e-01
15214.582313	2.3809407729598628e-01
15260.547818	2.3776393997532899e-01
15306.513324	2.3774335965146370e-01
15352.478829	2.3632875368621814e-01
15398.444335	2.3565536752688365e-01
15444.409840	2.3510282776494826e-01
15490.375346	2.3444706958722847e-01
15536.340851	2.3394416286958036e-01
15582.306357	2.3328089248267020e-01
15628.271862	2.3317053507371222e-01
15674.237368	2.2972877572656716e-01
15720.202873	2.2968626673611783e-01
15766.168379	2.2891355095008600e-01
15812.133884	2.2874501752002102e-01
15858.099390	2.2866440955725756e-01
15904.064895	2.2849342766115940e-01
15950.030401	2.2755037195914846e-01
15995.995906	2.2636742081034608e-01
16041.961411	2.2532083578433823e-01
16087.926917	2.2524948900708661e-01
16133.892422	2.2411801756746566e-01
16179.857928	2.2367095851891020e-01
16225.823433	2.2316491397418811e-01
16271.788939	2.2279064519354214e-01
16317.754444	2.2256303381860795e-01
16363.719950	2.2233830305314170e-01
16409.685455	2.1898517662382183e-01
16455.650961	2.1756029432782562e-01
16501.616466	2.1710376847102586e-01
16547.581972	2.1700456030407805e-01
16593.547477	2.1599885856009091e-01
16639.512983	2.1540340344536529e-01
16685.478488	2.1488761363207715e-01
16731.443994	2.1470236192981954e-01
16777.409499	2.1387050161925503e-01
16823.375005	2.1327326606288394e-01
16869.340510	2.1152718515381527e-01
16915.306016	2.1014774932080202e-01
16961.271521	2.0931647004782739e-01
17007.237026	2.0833417479516220e-01
17053.202532	2.0794479423786652e-01
17099.168037	2.0702281751862234e-01
17145.133543	2.0627195036332371e-01
17191.099048	2.0595697335751359e-01
17237.064554	2.0479189990144434e-01
17283.030059	2.0350818747986907e-01
17328.995565	2.0346638527845401e-01
17374.961070	2.0208437005238819e-01
17420.926576	2.0177396237647097e-01
17466.892081	2.0010827532167419e-01
17512.857587	1.9859725487024610e-01
17558.823092	1.9805597696599278e-01
17604.788598	1.9563225775848100e-01
17650.754103	1.9441603060540760e-01
17696.719609	1.9347191984613035e-01
17742.685114	1.8976780228672804e-01
17788.650620	1.8851975918938924e-01
17834.616125	1.8804340483998300e-01
17880.581631	1.8711689226119946e-01
17926.547136	1.8546895831561971e-01
17972.512641	1.8503394915050297e-01
18018.478147	1.8416054441052832e-01
18064.443652	1.8383606270912309e-01
18110.409158	1.8283490830900273e-01
18156.374663	1.8205437076112538e-01
18202.340169	1.8064468054183536e-01
18248.305674	1.7940924885360784e-01
18294.271180	1.7560543333770384e-01
18340.236685	1.7513540947148562e-01
18386.202191	1.7332034927234649e-01
18432.167696	1.7316611031701098e-01
18478.133202	1.7253524768554568e-01
18524.098707	1.7015474405656575e-01
18570.064213	1.6874387842854574e-01
18616.029718	1.6850265080468216e-01
18661.995224	1.6749564948614773e-01
18707.960729	1.6596557559263439e-01
18753.926235	1.6515603592896808e-01
18799.891740	1.6422645725649471e-01
18845.857246	1.6301910733123193e-01
18891.822751	1.6299826089098624e-01
18937.788257	1.6284974668801716e-01
18983.753762	1.6255367902859721e-01
19029.719267	1.6190726201285535e-01
19075.684773	1.6185213113145133e-01
19121.650278	1.6173710301557753e-01
19167.615784	1.6155819253857576e-01
19213.581289	1.6121248550407011e-01
19259.546795	1.6105465931408280e-01
19305.512300	1.6100676877539993e-01
19351.477806	1.6084445506292100e-01
19397.443311	1.6062465863267411e-01
19443.408817	1.6031600621851688e-01
19489.374322	1.6020847274446337e-01
19535.339828	1.6003973514015959e-01
19581.305333	1.5986892391956445e-01
19627.270839	1.5930027720367754e-01
19673.236344	1.5873408065177358e-01
19719.201850	1.5803100803469938e-01
19765.167355	1.5707844406301208e-01
19811.132861	1.5686125402970311e-01
19857.098366	1.5658220600208270e-01
19903.063872	1.5639615540352372e-01
19949.029377	1.5632999031453393e-01
19994.994882	1.5611470735470606e-01
20040.960388	1.5605148743926123e-01
20086.925893	1.5595450463888452e-01
20132.891399	1.5570275600052305e-01
20178.856904	1.5566862304278709e-01
20224.822410	1.5554961303644943e-01
20270.787915	1.5454566614932427e-01
20316.753421	1.5453601752095322e-01
20362.718926	1.5374856014415125e-01
20408.684432	1.5364134711420946e-01
20454.649937	1.5282400593614376e-01
20500.615443	1.5256023855425543e-01
20546.580948	1.5225941109282587e-01
20592.546454	1.5215858900583545e-01
20638.511959	1.5212608813665252e-01
20684.477465	1.5194917817317491e-01
20730.442970	1.5133090356647377e-01
20776.408476	1.5070630236895571e-01
20822.373981	1.5064164108099928e-01
20868.339487	1.5034486026067603e-01
20914.304992	1.4986852892283489e-01
20960.270498	1.4846995993267004e-01
21006.236003	1.4809964829201033e-01
21052.201508	1.4753306397489388e-01
21098.167014	1.4716956883022267e-01
21144.132519	1.4712825466188187e-01
21190.098025	1.4560899391559950e-01
21236.063530	1.4515914194582949e-01
21282.029036	1.4474962036661543e-01
21327.994541	1.4436931662099095e-01
21373.960047	1.4385046660635648e-01
21419.925552	1.4381783237727733e-01
21465.891058	1.4309900565806311e-01
21511.856563	1.4186341723792092e-01
21557.822069	1.4175490048697648e-01
21603.787574	1.4165655478813169e-01
21649.753080	1.4076629094115573e-01
21695.718585	1.3909684260083144e-01
21741.684091	1.3902303176874728e-01
21787.649596	1.3896247898286715e-01
21833.615102	1.3777364183947693e-01
21879.580607	1.3706369796358778e-01
21925.546113	1.3484816960782331e-01
21971.511618	1.3474589512879898e-01
22017.477123	1.3332663922278370e-01
22063.442629	1.3135679351295129e-01
22109.408134	1.3093161636079789e-01
22155.373640	1.3034655563088937e-01
22201.339145	1.2987553286441664e-01
22247.304651	1.2919755707642841e-01
22293.270156	1.2891072849277427e-01
22339.235662	1.2825386911840764e-01
22385.201167	1.2806496000926831e-01
22431.166673	1.2762216042260546e-01
22477.132178	1.2728851321164411e-01
22523.097684	1.2675130820130190e-01
22569.063189	1.2673540445790493e-01
22615.028695	1.2608671467160468e-01
22660.994200	1.2551092485820958e-01
22706.959706	1.2511526363443093e-01
22752.925211	1.2475504355028381e-01
22798.890717	1.2468581438050029e-01
22844.856222	1.2370333796588129e-01
22890.821728	1.2367015857059890e-01
22936.787233	1.2317232524514950e-01
22982.752738	1.2076960912113914e-01
23028.718244	1.2030261115134316e-01
23074.683749	1.1898847119479997e-01
23120.649255	1.1756978721054791e-01
23166.614760	1.1752320003176919e-01
23212.580266	1.1666171594864588e-01
23258.545771	1.1609428645166271e-01
23304.511277	1.1565506392336970e-01
23350.476782	1.1378671722838891e-01
23396.442288	1.1367842948557406e-01
23442.407793	1.1346614491638994e-01
23488.373299	1.1317319886524344e-01
23534.338804	1.1285893131447775e-01
23580.304310	1.1282263735693851e-01
23626.269815	1.1246992195414664e-01
23672.235321	1.1217219697893714e-01
23718.200826	1.1101447948629325e-01
23764.166332	1.1055784566126951e-01
23810.131837	1.1037215288144944e-01
23856.097343	1.0889869049588470e-01
23902.062848	1.0830725501590893e-01
23948.028354	1.0769788097987892e-01
23993.993859	1.0714353566738248e-01
24039.959364	1.0705804049379075e-01
24085.924870	1.0682336128454893e-01
24131.890375	1.0663532709172180e-01
24177.855881	1.0607080345305644e-01
24223.821386	1.0595825306662440e-01
24269.786892	1.0502766316575547e-01
24315.752397	1.0414485098675808e-01
24361.717903	1.0345036061461865e-01
24407.683408	1.0328541081241345e-01
24453.648914	1.0288572279032136e-01
24499.614419	1.0284580948159909e-01
24545.579925	1.0232412193873523e-01
24591.545430	9.9242308208183791e-02
24637.510936	9.9104017733423561e-02
24683.476441	9.8358350687273638e-02
24729.441947	9.8025412670080719e-02
24775.407452	9.7261213837051066e-02
24821.372958	9.6841649914580094e-02
24867.338463	9.6508106900921362e-02
24913.303969	9.6146437887600744e-02
24959.269474	9.5259731499774000e-02
25005.234979	9.5109845708999649e-02
25051.200485	9.4267007211957354e-02
25097.165990	9.4203865691914260e-02
25143.131496	9.4009151538778923e-02
25189.097001	9.3833844735107697e-02
25235.062507	9.3446813747543309e-02
25281.028012	9.3099789750806239e-02
25326.993518	9.0256690976789122e-02
25372.959023	8.9522816339330388e-02
25418.924529	8.9255408865444766e-02
25464.890034	8.9064390149880629e-02
25510.855540	8.8512773570598141e-02
25556.821045	8.8217601359964898e-02
25602.786551	8.7665679882585862e-02
25648.752056	8.7431953270477078e-02
25694.717562	8.6650427480637102e-02
25740.683067	8.6361399829856314e-02
25786.648573	8.5453482777228723e-02
25832.614078	8.5313576634789237e-02
25878.579584	8.5211512251194679e-02
25924.545089	8.4901938062609900e-02
25970.510594	8.4778640478741119e-02
26016.476100	8.3937902805288706e-02
26062.441605	8.3884045767528143e-02
26108.407111	8.3740149047487847e-02
26154.372616	8.3619244834917533e-02
26200.338122	8.3561082761981445e-02
26246.303627	8.3492050891017730e-02
26292.269133	8.3034630064011739e-02
26338.234638	8.2615623326896967e-02
26384.200144	8.2138380640514042e-02
26430.165649	8.1807386859922837e-02
26476.131155	8.1739271344393419e-02
26522.096660	8.1474253505241304e-02
26568.062166	8.0549770783623922e-02
26614.027671	8.0091564250182004e-02
26659.993177	7.9977024261586177e-02
26705.958682	7.9745712893766474e-02
26751.924188	7.9182575692432755e-02
26797.889693	7.8773554370227775e-02
26843.855199	7.8456238265211531e-02
26889.820704	7.8402697563667759e-02
26935.786210	7.8273112604775610e-02
26981.751715	7.8154079166259077e-02
27027.717220	7.7964030367134091e-02
27073.682726	7.7846769918348879e-02
27119.648231	7.7594857615149684e-02
27165.613737	7.7369514539825032e-02
27211.579242	7.7038992221523758e-02
27257.544748	7.6549334703930938e-02
27303.510253	7.6281082545413645e-02
27349.475759	7.6175436302478972e-02
27395.441264	7.5985219992850142e-02
27441.406770	7.5432095405839547e-02
27487.372275	7.4661871050775888e-02
27533.337781	7.4285007297088118e-02
27579.303286	7.3891876668835080e-02
27625.268792	7.3744076915572929e-02
27671.234297	7.3475427579170582e-02
27717.199803	7.3279638087192650e-02
27763.165308	7.3130850517151083e-02
27809.130814	7.2994525311279868e-02
27855.096319	7.2852221636122164e-02
27901.061825	7.2780970805296843e-02
27947.027330	7.2654984101318668e-02
27992.992835	7.2486006013362567e-02
28038.958341	7.2310992222247100e-02
28084.923846	7.2161052371787229e-02
28130.889352	7.2065963326477245e-02
28176.854857	7.1794941059483919e-02
28222.820363	7.1481657635557888e-02
28268.785868	7.1396010806552071e-02
28314.751374	7.1059445403808402e-02
28360.716879	7.0543388173790800e-02
28406.682385	6.9831758386496287e-02
28452.647890	6.9582782593110556e-02
28498.613396	6.9354510204314990e-02
28544.578901	6.9165813352945610e-02
28590.544407	6.8855318591677164e-02
28636.509912	6.8758094264998917e-02
28682.475418	6.8247900080985496e-02
28728.440923	6.8110779875265912e-02
28774.406429	6.8063628715935354e-02
28820.371934	6.7889851627129044e-02
28866.337440	6.7785651813139225e-02
28912.302945	6.7317991596532747e-02
28958.268450	6.6989774143375827e-02
29004.233956	6.6848997435016641e-02
29050.199461	6.6650940801289693e-02
29096.164967	6.6604172271309686e-02
29142.130472	6.6281311940388235e-02
29188.095978	6.6135203517718275e-02
29234.061483	6.5871426604787342e-02
29280.026989	6.5587634709781212e-02
29325.992494	6.5374441427574315e-02
29371.958000	6.4827050729994687e-02
29417.923505	6.4140185355197887e-02
29463.889011	6.3997282010396284e-02
29509.854516	6.3173433005540625e-02
29555.820022	6.2722320679185178e-02
29601.785527	6.1982292236647640e-02
29647.751033	6.1620855181710059e-02
29693.716538	6.1326550244872713e-02
29739.682044	6.1255181686871739e-02
29785.647549	6.1107984032084013e-02
29831.613055	6.0411225284864402e-02
29877.578560	6.0309010822047003e-02
29923.544066	5.9560459261967964e-02
29969.509571	5.9176337011435126e-02
30015.475076	5.8878006307721220e-02
30061.440582	5.8836175071014324e-02
30107.406087	5.8318667978389971e-02
30153.371593	5.8124369437837532e-02
30199.337098	5.8006193312966470e-02
30245.302604	5.7453616376114847e-02
30291.268109	5.7402363017916444e-02
30337.233615	5.6584332694205812e-02
30383.199120	5.5997823896821855e-02
30429.164626	5.5878021130653717e-02
30475.130131	5.5580847504014944e-02
30521.095637	5.5474629464216940e-02
30567.061142	5.3895425704899518e-02
30613.026648	5.3825938223903025e-02
30658.992153	5.3716642099330032e-02
30704.957659	5.3104330742747057e-02
30750.923164	5.2965127246187037e-02
30796.888670	5.2915833409173996e-02
30842.854175	5.1793922404133427e-02
30888.819681	5.1660492556895615e-02
30934.785186	5.1361789981615315e-02
30980.750691	5.1205160332953033e-02
31026.716197	5.0877737506904559e-02
31072.681702	5.0773728027585209e-02
31118.647208	5.0621171222131979e-02
31164.612713	5.0326286643887580e-02
31210.578219	5.0254268201170051e-02
31256.543724	4.9779699158233943e-02
31302.509230	4.9609820134561181e-02
31348.474735	4.9236651681154944e-02
31394.440241	4.9118084055704551e-02
31440.405746	4.8766081316928798e-02
31486.371252	4.8712027599644478e-02
31532.336757	4.8661266476751640e-02
31578.302263	4.7754044644630247e-02
31624.267768	4.6839566608698820e-02
31670.233274	4.6700668279762582e-02
31716.198779	4.6301257709465964e-02
31762.164285	4.6251183199377530e-02
31808.129790	4.6170690947264524e-02
31854.095296	4.5561708744295180e-02
31900.060801	4.5480545658536937e-02
31946.026306	4.5346503742867458e-02
31991.991812	4.5070888162436790e-02
32037.957317	4.4923876286434607e-02
32083.922823	4.4446340716566328e-02
32129.888328	4.4185725923563735e-02
32175.853834	4.3809045375948430e-02
32221.819339	4.3342809228811209e-02
32267.784845	4.3177996477334120e-02
32313.750350	4.2756843660463159e-02
32359.715856	4.2202947535466377e-02
32405.681361	4.1763626305680840e-02
32451.646867	4.1709019123467715e-02
32497.612372	4.1445669524821031e-02
32543.577878	4.1387001693250838e-02
32589.543383	4.0868050446953734e-02
32635.508889	4.0813564310063895e-02
32681.474394	4.0717351549652780e-02
32727.439900	4.0641133781513100e-02
32773.405405	4.0544530268496491e-02
32819.370911	4.0469544876504504e-02
32865.336416	4.0413458799710388e-02
32911.301922	4.0334154420922863e-02
32957.267427	4.0301027715006869e-02
33003.232932	4.0078754580814835e-02
33049.198438	4.0023069716383183e-02
33095.163943	3.9982483694302719e-02
33141.129449	3.9895227465152110e-02
33187.094954	3.9750349780950926e-02
33233.060460	3.9595571128833905e-02
33279.025965	3.9555020339240576e-02
33324.991471	3.9118960951779989e-02
33370.956976	3.9054834320389552e-02
33416.922482	3.8461560952025221e-02
33462.887987	3.7964720752972657e-02
33508.853493	3.7854142458555520e-02
33554.818998	3.7782324829915087e-02
33600.784504	3.7745205329461011e-02
33646.750009	3.7697501297319629e-02
33692.715515	3.7602198553238847e-02
33738.681020	3.7547632782702185e-02
33784.646526	3.7407474799601652e-02
33830.612031	3.7268326943243668e-02
33876.577537	3.7240947098709301e-02
33922.543042	3.7178834555475201e-02
33968.508547	3.7087023607916464e-02
34014.474053	3.7027861891883590e-02
34060.439558	3.6902548270791362e-02
34106.405064	3.6843507054025268e-02
34152.370569	3.6753247119489262e-02
34198.336075	3.6619561137580824e-02
34244.301580	3.6532405448568429e-02
34290.267086	3.6456822465351306e-02
34336.232591	3.6285000998199667e-02
34382.198097	3.6248547890600079e-02
34428.163602	3.6085401873729238e-02
34474.129108	3.6004291500239094e-02
34520.094613	3.5918000226536462e-02
34566.060119	3.5597336983784429e-02
34612.025624	3.5391450372998276e-02
34657.991130	3.5074476688048549e-02
34703.956635	3.4988947083643772e-02
34749.922141	3.4806993680671902e-02
34795.887646	3.4552793671559501e-02
34841.853152	3.4226015759137821e-02
34887.818657	3.3998254045255527e-02
34933.784163	3.3757895903393793e-02
34979.749668	3.3686594754272804e-02
35025.715173	3.3461592263960283e-02
35071.680679	3.3406065393475022e-02
35117.646184	3.3268574862385089e-02
35163.611690	3.3174242810608108e-02
35209.577195	3.2611800810100407e-02
35255.542701	3.2534821734698016e-02
35301.508206	3.2470061938190062e-02
35347.473712	3.1961479724465440e-02
35393.439217	3.1835305705992321e-02
35439.404723	3.1708525988481936e-02
35485.370228	3.1630199672756869e-02
35531.335734	3.1316306832393732e-02
35577.301239	3.1250974760834965e-02
35623.266745	3.1148369455294804e-02
35669.232250	3.1005801069748748e-02
35715.197756	3.0831001382517102e-02
35761.163261	3.0788554213908748e-02
35807.128767	3.0543948101850484e-02
35853.094272	3.0384737275960156e-02
35899.059778	3.0335164025255015e-02
35945.025283	3.0293550905334529e-02
35990.990788	3.0047262812642507e-02
36036.956294	2.9959765875179407e-02
36082.921799	2.9873405830086568e-02
36128.887305	2.9721970160010259e-02
36174.852810	2.9630079360043728e-02
36220.818316	2.9447225487551618e-02
36266.783821	2.9287207818777809e-02
36312.749327	2.9093383951362208e-02
36358.714832	2.9029318500673126e-02
36404.680338	2.8956231071322728e-02
36450.645843	2.8697776003359696e-02
36496.611349	2.8620338170456106e-02
36542.576854	2.8473880243085128e-02
36588.542360	2.8369002065700324e-02
36634.507865	2.8177029261041164e-02
36680.473371	2.8049348335480975e-02
36726.438876	2.7992538175351300e-02
36772.404382	2.7844364656637262e-02
36818.369887	2.7756522767660240e-02
36864.335393	2.7700282475644104e-02
36910.300898	2.7610732687335923e-02
36956.266403	2.7401977073026999e-02
37002.231909	2.7288046890288815e-02
37048.197414	2.7201691724346676e-02
37094.162920	2.7015592149950331e-02
37140.128425	2.6933444820599995e-02
37186.093931	2.6842089020600514e-02
37232.059436	2.6764702774503948e-02
37278.024942	2.6596640843688530e-02
37323.990447	2.6097691732751019e-02
37369.955953	2.5982310216017764e-02
37415.921458	2.5855700537215136e-02
37461.886964	2.5664792604046034e-02
37507.852469	2.5579060965221181e-02
37553.817975	2.5327686853926761e-02
37599.783480	2.5148597792007694e-02
37645.748986	2.5081053482949756e-02
37691.714491	2.5012299698304007e-02
37737.679997	2.4891054121829775e-02
37783.645502	2.4691869873216549e-02
37829.611008	2.4627593620656911e-02
37875.576513	2.4374733668355193e-02
37921.542019	2.4188808417966230e-02
37967.507524	2.3849706001396073e-02
38013.473029	2.3795993684640644e-02
38059.438535	2.3237207131930462e-02
38105.404040	2.3037251216065875e-02
38151.369546	2.2913577254448037e-02
38197.335051	2.2796481391360823e-02
38243.300557	2.2595375217405917e-02
38289.266062	2.2532126948291441e-02
38335.231568	2.2457044863722554e-02
38381.197073	2.2399885329484254e-02
38427.162579	2.2318814266274269e-02
38473.128084	2.2265646033442988e-02
38519.093590	2.2175060910681218e-02
38565.059095	2.1978703469276269e-02
38611.024601	2.1893962257281671e-02
38656.990106	2.1816550290428185e-02
38702.955612	2.1739637125218269e-02
38748.921117	2.1359339434867647e-02
38794.886623	2.1153851803004647e-02
38840.852128	2.1063914566103768e-02
38886.817634	2.1016097146879107e-02
38932.783139	2.0947409155466046e-02
38978.748644	2.0865378275149216e-02
39024.714150	2.0764738541286420e-02
39070.679655	2.0674510283868033e-02
39116.645161	2.0581962251385713e-02
39162.610666	2.0475032774236398e-02
39208.576172	2.0325061182700634e-02
39254.541677	2.0272146576308655e-02
39300.507183	2.0206075421913584e-02
39346.472688	2.0136136686696282e-02
39392.438194	2.0041786763266147e-02
39438.403699	1.9973877210801048e-02
39484.369205	1.9767660418992201e-02
39530.334710	1.9654370067372248e-02
39576.300216	1.9531862849455271e-02
39622.265721	1.9483120081778570e-02
39668.231227	1.9383172501977901e-02
39714.196732	1.9246469853803468e-02
39760.162238	1.9063440639002702e-02
39806.127743	1.8952636795783299e-02
39852.093249	1.8911542228697384e-02
39898.058754	1.8732682537628963e-02
39944.024259	1.8645522030760468e-02
39989.989765	1.8590286669830914e-02
40035.955270	1.8456544951830769e-02
40081.920776	1.8286617071789035e-02
40127.886281	1.8146541884139521e-02
40173.851787	1.8101444875375967e-02
40219.817292	1.8036061073611630e-02
40265.782798	1.7880014000210411e-02
40311.748303	1.7838022499702594e-02
40357.713809	1.7763383918221302e-02
40403.679314	1.7664294535854098e-02
40449.644820	1.7577008721914679e-02
40495.610325	1.7436427489537217e-02
40541.575831	1.7388357522218772e-02
40587.541336	1.7330672329625013e-02
40633.506842	1.7260040786356106e-02
40679.472347	1.7211223348090263e-02
40725.437853	1.7169033735343814e-02
40771.403358	1.7049726956697587e-02
40817.368864	1.6932193481237257e-02
40863.334369	1.6859219456385157e-02
40909.299875	1.6740538223745698e-02
40955.265380	1.6670301941934893e-02
41001.230885	1.6618347911557058e-02
41047.196391	1.6380448218618861e-02
41093.161896	1.6276985728945589e-02
41139.127402	1.6183513258284387e-02
41185.092907	1.6134669582107398e-02
41231.058413	1.6071234799156044e-02
41277.023918	1.6007625995134979e-02
41322.989424	1.5889282216287329e-02
41368.954929	1.5799004907540045e-02
41414.920435	1.5752765717167379e-02
41460.885940	1.5663727926298703e-02
41506.851446	1.5592219659103313e-02
41552.816951	1.5548101699955472e-02
41598.782457	1.5493377238561031e-02
41644.747962	1.5438868742409970e-02
41690.713468	1.5388235262172919e-02
41736.678973	1.5340287606851990e-02
41782.644479	1.5288111676789447e-02
41828.609984	1.5230536752480206e-02
41874.575490	1.5183982744485654e-02
41920.540995	1.5129948963526471e-02
41966.506500	1.5027653380495767e-02
42012.472006	1.4973003627137136e-02
42058.437511	1.4922517733871857e-02
42104.403017	1.4823972101428568e-02
42150.368522	1.4774204857664218e-02
42196.334028	1.4707942144442635e-02
42242.299533	1.4649365556155522e-02
42288.265039	1.4570661451483495e-02
42334.230544	1.4478099623484694e-02
42380.196050	1.4411480218577048e-02
42426.161555	1.4326088819720605e-02
42472.127061	1.4276277410377257e-02
42518.092566	1.4191122246190456e-02
42564.058072	1.4128310802890901e-02
42610.023577	1.4050221016500886e-02
42655.989083	1.4007360559833556e-02
42701.954588	1.3955008313501516e-02
42747.920094	1.3897440424535855e-02
42793.885599	1.3810543489221061e-02
42839.851105	1.3740365158206348e-02
42885.816610	1.3678971013956447e-02
42931.782115	1.3634564447383072e-02
42977.747621	1.3569846434339096e-02
43023.713126	1.3513914008275799e-02
43069.678632	1.3443728313948815e-02
43115.644137	1.3372148521416985e-02
43161.609643	1.3307852978446204e-02
43207.575148	1.3250886810356372e-02
43253.540654	1.3189068832300687e-02
43299.506159	1.3137543757424309e-02
43345.471665	1.3017725433034507e-02
43391.437170	1.2950007966010852e-02
43437.402676	1.2836423773105348e-02
43483.368181	1.2775428380342230e-02
43529.333687	1.2706758676210773e-02
43575.299192	1.2650257286333701e-02
43621.264698	1.2532566674567822e-02
43667.230203	1.2407991341984767e-02
43713.195709	1.2341994603027198e-02
43759.161214	1.2266340689571255e-02
43805.126720	1.2194119471823403e-02
43851.092225	1.2080673106799372e-02
43897.057731	1.2016232046899823e-02
43943.023236	1.1943159260289368e-02
43988.988741	1.1859002915851532e-02
44034.954247	1.1797496809140440e-02
44080.919752	1.1750082161770429e-02
44126.885258	1.1697039729320850e-02
44172.850763	1.1593962836170705e-02
44218.816269	1.1502687904666299e-02
44264.781774	1.1437356007088418e-02
44310.747280	1.1379606730129671e-02
44356.712785	1.1298579552451556e-02
44402.678291	1.1230260403902896e-02
44448.643796	1.1131937315202969e-02
44494.609302	1.1069031714980538e-02
44540.574807	1.1020322322769701e-02
44586.540313	1.0940802898510410e-02
44632.505818	1.0892336982203909e-02
44678.471324	1.0826519896709191e-02
44724.436829	1.0719004071082840e-02
44770.402335	1.0666127203157528e-02
44816.367840	1.0564311267513112e-02
44862.333346	1.0491848985245900e-02
44908.298851	1.0433480202010079e-02
44954.264356	1.0370681231013817e-02
45000.229862	1.0289084058291390e-02
45046.195367	1.0223357844383101e-02
45092.160873	1.0157264371004773e-02
45138.126378	1.0022517277201147e-02
45184.091884	9.8901852578478708e-03
45230.057389	9.8352688852253681e-03
45276.022895	9.7515780369909176e-03
45321.988400	9.6969880802618424e-03
45367.953906	9.6286212350459466e-03
45413.919411	9.4890977635440788e-03
45459.884917	9.4244406419256889e-03
45505.850422	9.3464693998931946e-03
45551.815928	9.2929168854024181e-03
45597.781433	9.2287429662072269e-03
45643.746939	9.1133137236599337e-03
45689.712444	9.0486762983619223e-03
45735.677950	8.9998971594633000e-03
45781.643455	8.9250797369102158e-03
45827.608961	8.8568056082039479e-03
45873.574466	8.7605172717767719e-03
45919.539971	8.6293275386012461e-03
45965.505477	8.5299046813157604e-03
46011.470982	8.4668924975853186e-03
46057.436488	8.4144550517002044e-03
46103.401993	8.3270541075049932e-03
46149.367499	8.2379828330464405e-03
46195.333004	8.1820918621859969e-03
46241.298510	8.1033304814478128e-03
46287.264015	8.0117246221698777e-03
46333.229521	7.9682870625324264e-03
46379.195026	7.8662425037561799e-03
46425.160532	7.8084896080987919e-03
46471.126037	7.7136818515084896e-03
46517.091543	7.6443421590140850e-03
46563.057048	7.5705078902198967e-03
46609.022554	7.4931891578876005e-03
46654.988059	7.4406498300809316e-03
46700.953565	7.3745753616907125e-03
46746.919070	7.2979237584736619e-03
46792.884576	7.2397039500988174e-03
46838.850081	7.1843166248112354e-03
46884.815587	7.1258491977014655e-03
46930.781092	7.0527029522037352e-03
46976.746597	6.9647465630338634e-03
47022.712103	6.8909802002123663e-03
47068.677608	6.8196935684855919e-03
47114.643114	6.7167964066308121e-03
47160.608619	6.6164494289602631e-03
47206.574125	6.5637711331918000e-03
47252.539630	6.4556205562379832e-03
47298.505136	6.3803479062252656e-03
47344.470641	6.2588836441012149e-03
47390.436147	6.1816293086710602e-03
47436.401652	6.1142076178169061e-03
47482.367158	6.0464157143441813e-03
47528.332663	5.9843836565710955e-03
47574.298169	5.9301450716124958e-03
47620.263674	5.8609628217724044e-03
47666.229180	5.7807198855120605e-03
47712.194685	5.7206475138056817e-03
47758.160191	5.6349585564501332e-03
47804.125696	5.5741867184510982e-03
47850.091202	5.4884619571544642e-03
47896.056707	5.4257490057969858e-03
47942.022212	5.2923154579560807e-03
47987.987718	5.2025605422555904e-03
48033.953223	5.0700304944580835e-03
48079.918729	5.0065941121853362e-03
48125.884234	4.9453063081297353e-03
48171.849740	4.8547719427212872e-03
48217.815245	4.7896532132389218e-03
48263.780751	4.7038011842798775e-03
48309.746256	4.6362037121917650e-03
48355.711762	4.5562577980289573e-03
48401.677267	4.4738732669895118e-03
48447.642773	4.3787366835904406e-03
48493.608278	4.2802384650481532e-03
48539.573784	4.2235907711574965e-03
48585.539289	4.1638090570535581e-03
48631.504795	4.1030052942693006e-03
48677.470300	4.0246385994132548e-03
48723.435806	3.9618950397943935e-03
48769.401311	3.9108674323344028e-03
48815.366817	3.8398957342282289e-03
48861.332322	3.7384659320061318e-03
48907.297828	3.6621807545899605e-03
48953.263333	3.5636824690303461e-03
48999.228838	3.4659292843130726e-03
49045.194344	3.3662172598248365e-03
49091.159849	3.2895308742627635e-03
49137.125355	3.2032053787087130e-03
49183.090860	3.0941256497389307e-03
49229.056366	2.9194517604164433e-03
49275.021871	2.8674211325917468e-03
49320.987377	2.7845885079546880e-03
49366.952882	2.7123170977457218e-03
49412.918388	2.6443915472008118e-03
49458.883893	2.5350151264928950e-03
49504.849399	2.4917369049428256e-03
49550.814904	2.4079164316777504e-03
49596.780410	2.3435865827090728e-03
49642.745915	2.2933310480675552e-03
49688.711421	2.2243080752413305e-03
49734.676926	2.1437461538500093e-03
49780.642432	2.0493492944202484e-03
49826.607937	1.9838933654455493e-03
49872.573443	1.9333377675688926e-03
49918.538948	1.8716444292730902e-03
49964.504453	1.8127426905132390e-03
50010.469959	1.7554070121210807e-03
50056.435464	1.6403597334186133e-03
50102.400970	1.5775268291286259e-03
50148.366475	1.4901359405150205e-03
50194.331981	1.4226419415891973e-03
50240.297486	1.3451817974600767e-03
50286.262992	1.2869611010991426e-03
50332.228497	1.2296456516891078e-03
50378.194003	1.1665295416491488e-03
50424.159508	1.1110397578776986e-03
50470.125014	1.0409463347462915e-03
50516.090519	9.8612073588859078e-04
50562.056025	9.1582670868428108e-04
50608.021530	8.4780338472551593e-04
50653.987036	7.9473770731145323e-04
50699.952541	7.2949249689709280e-04
50745.918047	6.1580898873450890e-04
50791.883552	5.2892382466959383e-04
50837.849058	4.7847611469490568e-04
50883.814563	4.1733064466206558e-04
50929.780068	3.6594397276614322e-04
50975.745574	3.1015918300194309e-04
51021.711079	2.5711542031853029e-04
51067.676585	1.6867262462840957e-04
51113.642090	8.4938124532912335e-05
51159.607596	1.1800239588187743e-08
