-33646.750009	4.7815039975092203e-04
-33600.784504	7.2864931004844790e-04
-33554.818998	1.3509329954392696e-03
-33508.853493	1.4472482410125217e-03
-33462.887987	3.2146131793293017e-03
-33416.922482	4.6312003714226490e-03
-33370.956976	5.0711589005842453e-03
-33324.991471	6.0398603828103964e-03
-33279.025965	6.6577841188142257e-03
-33233.060460	7.0291725348729907e-03
-33187.094954	8.0700113615221752e-03
-33141.129449	8.1441305011197979e-03
-33095.163943	8.7263819239482843e-03
-33049.198438	8.9681609354700376e-03
-33003.232932	9.5809320040152017e-03
-32957.267427	1.0245229747146959e-02
-32911.301922	1.1516353173294705e-02
-32865.336416	1.1818378758179208e-02
-32819.370911	1.2724851871867972e-02
-32773.405405	1.3053037153080180e-02
-32727.439900	1.3283321752577872e-02
-32681.474394	1.3296401600742087e-02
-32635.508889	1.3699895098657105e-02
-32589.543383	1.4311873449129389e-02
-32543.577878	1.5921091132366099e-02
-32497.612372	1.6519989634674170e-02
-32451.646867	1.7667845400844984e-02
-32405.681361	1.9221572819142496e-02
-32359.715856	1.9759432030017402e-02
-32313.750350	2.0265186159034655e-02
-32267.784845	2.1890258203682563e-02
-32221.819339	2.2299300728091501e-02
-32175.853834	2.2763040799369073e-02
-32129.888328	2.3720644228605502e-02
-32083.922823	2.4202220456470698e-02
-32037.957317	2.4761086696215465e-02
-31991.991812	2.5457489521202362e-02
-31946.026306	2.6562934870598243e-02
-31900.060801	2.6681049863111678e-02
-31854.095296	2.6809470190542389e-02
-31808.129790	2.7891530356856729e-02
-31762.164285	2.8034615968592778e-02
-31716.198779	2.8699310070757322e-02
-31670.233274	2.9293452264641986e-02
-31624.267768	3.0494816500575624e-02
-31578.302263	3.0953007545359276e-02
-31532.336757	3.1023955812674368e-02
-31486.371252	3.1211433636361821e-02
-31440.405746	3.1475408753858285e-02
-31394.440241	3.2503564091374552e-02
-31348.474735	3.2657351397063182e-02
-31302.509230	3.3427477002612151e-02
-31256.543724	3.3946707338828923e-02
-31210.578219	3.4118330801105178e-02
-31164.612713	3.4220591432207410e-02
-31118.647208	3.4648262831274486e-02
-31072.681702	3.4869827531996016e-02
-31026.716197	3.5243990461300313e-02
-30980.750691	3.5484580395715240e-02
-30934.785186	3.6706158942448129e-02
-30888.819681	3.7301886572473957e-02
-30842.854175	3.7853618349583687e-02
-30796.888670	3.8627311186450207e-02
-30750.923164	3.8655056318919800e-02
-30704.957659	3.9606318003591746e-02
-30658.992153	4.0393090688622478e-02
-30613.026648	4.1380421045504927e-02
-30567.061142	4.1660250524412593e-02
-30521.095637	4.2189786195546641e-02
-30475.130131	4.2310279342271759e-02
-30429.164626	4.4921492666696247e-02
-30383.199120	4.5379683711479907e-02
-30337.233615	4.6000778319763604e-02
-30291.268109	4.6067762996725943e-02
-30245.302604	4.6360672323797827e-02
-30199.337098	4.6893378867214112e-02
-30153.371593	4.6916764050295656e-02
-30107.406087	4.7446696080464965e-02
-30061.440582	4.8026172990044289e-02
-30015.475076	4.9511330295238389e-02
-29969.509571	5.2322704932479251e-02
-29923.544066	5.2441216284027987e-02
-29877.578560	5.2731351097852930e-02
-29831.613055	5.2819739162720342e-02
-29785.647549	5.4227606456034819e-02
-29739.682044	5.5176886345530390e-02
-29693.716538	5.5526871373682590e-02
-29647.751033	5.5687000423935699e-02
-29601.785527	5.6088512126674338e-02
-29555.820022	5.6142416955472417e-02
-29509.854516	5.6214554299893374e-02
-29463.889011	5.7064744430568901e-02
-29417.923505	5.7319603290253950e-02
-29371.958000	5.8013627961029171e-02
-29325.992494	5.8753233920861604e-02
-29280.026989	5.8780582694295952e-02
-29234.061483	5.8962115132454182e-02
-29188.095978	6.1438566384883479e-02
-29142.130472	6.2527761013832853e-02
-29096.164967	6.2640723338887622e-02
-29050.199461	6.3177789831692019e-02
-29004.233956	6.3712874529319993e-02
-28958.268450	6.5243216764535955e-02
-28912.302945	6.5291968925875424e-02
-28866.337440	6.6061301813353832e-02
-28820.371934	6.6564281429124156e-02
-28774.406429	6.6654254930132675e-02
-28728.440923	6.6949542411416291e-02
-28682.475418	6.7742656841011495e-02
-28636.509912	6.8033980731942306e-02
-28590.544407	6.8275759743463088e-02
-28544.578901	6.8948381026333189e-02
-28498.613396	7.0445825461620953e-02
-28452.647890	7.0584551123968942e-02
-28406.682385	7.0599612767309583e-02
-28360.716879	7.0859227935417990e-02
-28314.751374	7.1154515416701550e-02
-28268.785868	7.1588528560333153e-02
-28222.820363	7.2145809363936803e-02
-28176.854857	7.2675345035070851e-02
-28130.889352	7.3739569044797559e-02
-28084.923846	7.5032095858845599e-02
-28038.958341	7.6626648257776916e-02
-27992.992835	7.7429671663254152e-02
-27947.027330	7.8031344678809164e-02
-27901.061825	7.8370231653973568e-02
-27855.096319	7.8883516604661114e-02
-27809.130814	7.9128070129428879e-02
-27763.165308	7.9633031540375571e-02
-27717.199803	8.0847079265438118e-02
-27671.234297	8.1398414683512596e-02
-27625.268792	8.1849471265661208e-02
-27579.303286	8.2424588225852427e-02
-27533.337781	8.2618804153139616e-02
-27487.372275	8.3109892997851542e-02
-27441.406770	8.3587901994399194e-02
-27395.441264	8.3612872613621811e-02
-27349.475759	8.3788856025286115e-02
-27303.510253	8.4589501276551668e-02
-27257.544748	8.5066321195993513e-02
-27211.579242	8.6160668492401504e-02
-27165.613737	8.6406014735239831e-02
-27119.648231	8.6909787069080660e-02
-27073.682726	8.7082203249427476e-02
-27027.717220	8.7439719099250010e-02
-26981.751715	8.9340657032452794e-02
-26935.786210	8.9606217586090373e-02
-26889.820704	8.9858698291563691e-02
-26843.855199	9.0381892218133267e-02
-26797.889693	9.1163115876670128e-02
-26751.924188	9.1499228338587549e-02
-26705.958682	9.1641917591288341e-02
-26659.993177	9.1894398296761659e-02
-26614.027671	9.2438202893165788e-02
-26568.062166	9.2664127543275382e-02
-26522.096660	9.2943164304112480e-02
-26476.131155	9.2980818412464097e-02
-26430.165649	9.3840124800951094e-02
-26384.200144	9.4385911192531605e-02
-26338.234638	9.4440608739400231e-02
-26292.269133	9.4825473362657120e-02
-26246.303627	9.7356622161955050e-02
-26200.338122	9.7928171890828780e-02
-26154.372616	9.8708206472259780e-02
-26108.407111	9.9326922926331801e-02
-26062.441605	9.9644010154555790e-02
-26016.476100	1.0034318749278967e-01
-25970.510594	1.0064640215477887e-01
-25924.545089	1.0216723177314813e-01
-25878.579584	1.0242090155572731e-01
-25832.614078	1.0448831028374767e-01
-25786.648573	1.0507492165596204e-01
-25740.683067	1.0603926318879825e-01
-25694.717562	1.0757356901436702e-01
-25648.752056	1.0941386401517197e-01
-25602.786551	1.1086651987947310e-01
-25556.821045	1.1132748543750370e-01
-25510.855540	1.1155816639603666e-01
-25464.890034	1.1170838647040778e-01
-25418.924529	1.1175357140042969e-01
-25372.959023	1.1222682408855397e-01
-25326.993518	1.1233621918229125e-01
-25281.028012	1.1327241922362256e-01
-25235.062507	1.1407821714234676e-01
-25189.097001	1.1453323731484817e-01
-25143.131496	1.1460973460865720e-01
-25097.165990	1.1489788762730575e-01
-25051.200485	1.1627008260744504e-01
-25005.234979	1.1650591623343662e-01
-24959.269474	1.1653524680204734e-01
-24913.303969	1.1692090414337475e-01
-24867.338463	1.1702633564675922e-01
-24821.372958	1.1758242737325704e-01
-24775.407452	1.1884443454158848e-01
-24729.441947	1.1987893162366922e-01
-24683.476441	1.2020513510970465e-01
-24637.510936	1.2105294708616852e-01
-24591.545430	1.2185953772296328e-01
-24545.579925	1.2204305195629790e-01
-24499.614419	1.2221467541857414e-01
-24453.648914	1.2249173038423485e-01
-24407.683408	1.2293723793988953e-01
-24361.717903	1.2305931652275577e-01
-24315.752397	1.2451633233644496e-01
-24269.786892	1.2509184565567150e-01
-24223.821386	1.2601694764401497e-01
-24177.855881	1.2938917031617700e-01
-24131.890375	1.2994684747881594e-01
-24085.924870	1.3054534962208872e-01
-24039.959364	1.3134123856493091e-01
-23993.993859	1.3165158768955512e-01
-23948.028354	1.3280459612318457e-01
-23902.062848	1.3290130772779291e-01
-23856.097343	1.3292469291087441e-01
-23810.131837	1.3334919343765927e-01
-23764.166332	1.3420215808158178e-01
-23718.200826	1.3436189077279961e-01
-23672.235321	1.3471583939130463e-01
-23626.269815	1.3491956793543855e-01
-23580.304310	1.3504640282672814e-01
-23534.338804	1.3547486694386579e-01
-23488.373299	1.3635319856604622e-01
-23442.407793	1.3654662177526286e-01
-23396.442288	1.3669961636288092e-01
-23350.476782	1.3678998622292476e-01
-23304.511277	1.3848164658549969e-01
-23258.545771	1.3899929148557535e-01
-23212.580266	1.4174011421453639e-01
-23166.614760	1.4214638222569836e-01
-23120.649255	1.4276113508941762e-01
-23074.683749	1.4301203035874985e-01
-23028.718244	1.4312935263319271e-01
-22982.752738	1.4327481639914047e-01
-22936.787233	1.4330890327617454e-01
-22890.821728	1.4404058205530137e-01
-22844.856222	1.4452096920606072e-01
-22798.890717	1.4521539023587124e-01
-22752.925211	1.4538582462104163e-01
-22706.959706	1.4670530384948868e-01
-22660.994200	1.4684244407569555e-01
-22615.028695	1.4707589954747546e-01
-22569.063189	1.4746750227433209e-01
-22523.097684	1.4829589265806722e-01
-22477.132178	1.4848178504561355e-01
-22431.166673	1.4907711631660406e-01
-22385.201167	1.4914370463453111e-01
-22339.235662	1.4943740667967356e-01
-22293.270156	1.4996535691466650e-01
-22247.304651	1.5003907969522856e-01
-22201.339145	1.5038589385109855e-01
-22155.373640	1.5098201784015963e-01
-22109.408134	1.5144219068011969e-01
-22063.442629	1.5156545834009177e-01
-22017.477123	1.5179693201669528e-01
-21971.511618	1.5229911891439502e-01
-21925.546113	1.5231140604448867e-01
-21879.580607	1.5245092442490724e-01
-21833.615102	1.5334151035450347e-01
-21787.649596	1.5405718271611585e-01
-21741.684091	1.5435232274200952e-01
-21695.718585	1.5524386580732388e-01
-21649.753080	1.5634869091119202e-01
-21603.787574	1.5660033153416866e-01
-21557.822069	1.5755995250329491e-01
-21511.856563	1.5763595873156874e-01
-21465.891058	1.5776604122253018e-01
-21419.925552	1.5868687200998793e-01
-21373.960047	1.5888798085293851e-01
-21327.994541	1.5890663266743757e-01
-21282.029036	1.6016153511845718e-01
-21236.063530	1.6090037626079057e-01
-21190.098025	1.6276909574788326e-01
-21144.132519	1.6293605913436299e-01
-21098.167014	1.6296491930878534e-01
-21052.201508	1.6309775029856660e-01
-21006.236003	1.6422713359199478e-01
-20960.270498	1.6498231469074434e-01
-20914.304992	1.6540844309874847e-01
-20868.339487	1.6618160812809940e-01
-20822.373981	1.6696902037271397e-01
-20776.408476	1.6729924356886997e-01
-20730.442970	1.6783717840474990e-01
-20684.477465	1.6853243974961465e-01
-20638.511959	1.6943646576211568e-01
-20592.546454	1.6999504629250875e-01
-20546.580948	1.7101856455779438e-01
-20500.615443	1.7110407799610966e-01
-20454.649937	1.7211376895992506e-01
-20408.684432	1.7306569344031425e-01
-20362.718926	1.7351802502838465e-01
-20316.753421	1.7371266129320767e-01
-20270.787915	1.7385412981500264e-01
-20224.822410	1.7396507175814893e-01
-20178.856904	1.7422180500675549e-01
-20132.891399	1.7521359553144880e-01
-20086.925893	1.7567264860129306e-01
-20040.960388	1.7615532888865787e-01
-19994.994882	1.7751245577999161e-01
-19949.029377	1.7776561045481012e-01
-19903.063872	1.7818799264975774e-01
-19857.098366	1.7945165903448360e-01
-19811.132861	1.7967307683100842e-01
-19765.167355	1.8162328816015144e-01
-19719.201850	1.8192365028794460e-01
-19673.236344	1.8203184078513474e-01
-19627.270839	1.8238460204383569e-01
-19581.305333	1.8255247051537146e-01
-19535.339828	1.8275566843230334e-01
-19489.374322	1.8319458926181825e-01
-19443.408817	1.8362576649307974e-01
-19397.443311	1.8437971460724328e-01
-19351.477806	1.8496372228518296e-01
-19305.512300	1.8533103811478074e-01
-19259.546795	1.8546046043853653e-01
-19213.581289	1.8562615727815368e-01
-19167.615784	1.8611375568266264e-01
-19121.650278	1.8615987709664064e-01
-19075.684773	1.8658347811401738e-01
-19029.719267	1.8659528914682486e-01
-18983.753762	1.8672941846471861e-01
-18937.788257	1.8715793293480129e-01
-18891.822751	1.8812626725212123e-01
-18845.857246	1.9020301353732028e-01
-18799.891740	1.9210299675255682e-01
-18753.926235	1.9227095753464848e-01
-18707.960729	1.9283483352345113e-01
-18661.995224	1.9423422042903454e-01
-18616.029718	1.9533064416339391e-01
-18570.064213	1.9637282293480532e-01
-18524.098707	1.9742114093661636e-01
-18478.133202	1.9911407238304213e-01
-18432.167696	1.9960568570578360e-01
-18386.202191	1.9975478779106567e-01
-18340.236685	1.9998392281139937e-01
-18294.271180	2.0021144608487235e-01
-18248.305674	2.0117108448191665e-01
-18202.340169	2.0126427214777037e-01
-18156.374663	2.0176519678069590e-01
-18110.409158	2.0399001217969426e-01
-18064.443652	2.0400766191181102e-01
-18018.478147	2.0402466517374399e-01
-17972.512641	2.0419235190757931e-01
-17926.547136	2.0613064664241168e-01
-17880.581631	2.0766985934777168e-01
-17834.616125	2.0790637841302889e-01
-17788.650620	2.1007735952005371e-01
-17742.685114	2.1127144864344560e-01
-17696.719609	2.1369265454878605e-01
-17650.754103	2.1379735195492938e-01
-17604.788598	2.1458250012961955e-01
-17558.823092	2.1459931355481032e-01
-17512.857587	2.1464243620903783e-01
-17466.892081	2.1589057939764358e-01
-17420.926576	2.1736146544537580e-01
-17374.961070	2.1763141692357563e-01
-17328.995565	2.1865398931236629e-01
-17283.030059	2.1907696561098411e-01
-17237.064554	2.2038936484306701e-01
-17191.099048	2.2132060069645429e-01
-17145.133543	2.2148866551393234e-01
-17099.168037	2.2245624385522114e-01
-17053.202532	2.2251609381465226e-01
-17007.237026	2.2260623628988688e-01
-16961.271521	2.2263514798336553e-01
-16915.306016	2.2293343704410426e-01
-16869.340510	2.2447857815324432e-01
-16823.375005	2.2472694927539302e-01
-16777.409499	2.2501604405737066e-01
-16731.443994	2.2607306300397736e-01
-16685.478488	2.2651515292477467e-01
-16639.512983	2.2702166866928575e-01
-16593.547477	2.2719151365665291e-01
-16547.581972	2.2737314171253187e-01
-16501.616466	2.2790104256954657e-01
-16455.650961	2.2809708295656456e-01
-16409.685455	2.2820002949190774e-01
-16363.719950	2.3081575320968942e-01
-16317.754444	2.3102669911190657e-01
-16271.788939	2.3159141600282537e-01
-16225.823433	2.3187254731824009e-01
-16179.857928	2.3261868174577235e-01
-16133.892422	2.3385119412972830e-01
-16087.926917	2.3502428836434072e-01
-16041.961411	2.3532254361164365e-01
-15995.995906	2.3568925762703061e-01
-15950.030401	2.3600352568584762e-01
-15904.064895	2.3616750968847353e-01
-15858.099390	2.3634700435621112e-01
-15812.133884	2.3660440877147737e-01
-15766.168379	2.3665454601608543e-01
-15720.202873	2.3676646002922153e-01
-15674.237368	2.3708491785341795e-01
-15628.271862	2.3726802528714766e-01
-15582.306357	2.3800613353403205e-01
-15536.340851	2.3888897095865874e-01
-15490.375346	2.4117382991995936e-01
-15444.409840	2.4122641536493383e-01
-15398.444335	2.4146083775129723e-01
-15352.478829	2.4155798000124362e-01
-15306.513324	2.4159947140074320e-01
-15260.547818	2.4260987152858571e-01
-15214.582313	2.4294948246639753e-01
-15168.616807	2.4321922339338328e-01
-15122.651302	2.4352827868732396e-01
-15076.685796	2.4367264890016102e-01
-15030.720291	2.4401875791117331e-01
-14984.754785	2.4427070586121447e-01
-14938.789280	2.4487528829570035e-01
-14892.823775	2.4608381738380602e-01
-14846.858269	2.4691515096587455e-01
-14800.892764	2.4727731240512324e-01
-14754.927258	2.4751471356469396e-01
-14708.961753	2.4839648568563563e-01
-14662.996247	2.4861441096882256e-01
-14617.030742	2.4890162146489964e-01
-14571.065236	2.4919382462041545e-01
-14525.099731	2.4995391431327629e-01
-14479.134225	2.5022976801033736e-01
-14433.168720	2.5144371808021576e-01
-14387.203214	2.5156006444326895e-01
-14341.237709	2.5159618313814108e-01
-14295.272203	2.5161994607079369e-01
-14249.306698	2.5276388269440908e-01
-14203.341192	2.5294536755807090e-01
-14157.375687	2.5300159412237472e-01
-14111.410181	2.5326567813569373e-01
-14065.444676	2.5395784841889918e-01
-14019.479170	2.5402407141429462e-01
-13973.513665	2.5489795696733386e-01
-13927.548160	2.5494837774415996e-01
-13881.582654	2.5536304951825411e-01
-13835.617149	2.5557363931151472e-01
-13789.651643	2.5682113935632733e-01
-13743.686138	2.5679284853455692e-01
-13697.720632	2.5709558608642002e-01
-13651.755127	2.5852406290321278e-01
-13605.789621	2.5870568050962861e-01
-13559.824116	2.5932743760145610e-01
-13513.858610	2.5972546083656778e-01
-13467.893105	2.6018709240186133e-01
-13421.927599	2.6114492527252775e-01
-13375.962094	2.6120331815968589e-01
-13329.996588	2.6146298142079344e-01
-13284.031083	2.6209475670624188e-01
-13238.065577	2.6217325554680931e-01
-13192.100072	2.6235559048057810e-01
-13146.134566	2.6240698961665920e-01
-13100.169061	2.6262608928668335e-01
-13054.203555	2.6267291851263042e-01
-13008.238050	2.6319204679716507e-01
-12962.272545	2.6366753936450371e-01
-12916.307039	2.6372423899625230e-01
-12870.341534	2.6484168978523731e-01
-12824.376028	2.6635524583917880e-01
-12778.410523	2.6672095589505074e-01
-12732.445017	2.6722627246706532e-01
-12686.479512	2.6733952734317457e-01
-12640.514006	2.6757777928274523e-01
-12594.548501	2.6763312757599478e-01
-12548.582995	2.6797137476755700e-01
-12502.617490	2.6805061996447327e-01
-12456.651984	2.6820420213745033e-01
-12410.686479	2.6838626910927449e-01
-12364.720973	2.6839840398910986e-01
-12318.755468	2.6854833759315483e-01
-12272.789962	2.6895300085343016e-01
-12226.824457	2.6898034119436287e-01
-12180.858951	2.6946467148194936e-01
-12134.893446	2.7080183972445288e-01
-12088.927940	2.7103780887467865e-01
-12042.962435	2.7124104787988851e-01
-11996.996929	2.7129087803444624e-01
-11951.031424	2.7139745077101551e-01
-11905.065919	2.7150129808714840e-01
-11859.100413	2.7198349208136874e-01
-11813.134908	2.7204724324745438e-01
-11767.169402	2.7221799175399414e-01
-11721.203897	2.7295931621572378e-01
-11675.238391	2.7299227616530813e-01
-11629.272886	2.7310199654366557e-01
-11583.307380	2.7401041404587068e-01
-11537.341875	2.7473928658481456e-01
-11491.376369	2.7501011493408073e-01
-11445.410864	2.7525248961080900e-01
-11399.445358	2.7558010380696496e-01
-11353.479853	2.7616189959313792e-01
-11307.514347	2.7638447333184257e-01
-11261.548842	2.7640159952698168e-01
-11215.583336	2.7662432463896547e-01
-11169.617831	2.7674134251063809e-01
-11123.652325	2.7688261132944775e-01
-11077.686820	2.7696632205800586e-01
-11031.721314	2.7719859964439686e-01
-10985.755809	2.7796442382013536e-01
-10939.790304	2.7812713261589073e-01
-10893.824798	2.7844613240758420e-01
-10847.859293	2.7856323224074397e-01
-10801.893787	2.7859170642747660e-01
-10755.928282	2.7861043337691827e-01
-10709.962776	2.7867046614842023e-01
-10663.997271	2.7879053272406895e-01
-10618.031765	2.7910344842221413e-01
-10572.066260	2.7966719861473099e-01
-10526.100754	2.7985995946156111e-01
-10480.135249	2.8031335965993515e-01
-10434.169743	2.8036182280289046e-01
-10388.204238	2.8038854662397017e-01
-10342.238732	2.8056066238966487e-01
-10296.273227	2.8061113623359840e-01
-10250.307721	2.8086885321453670e-01
-10204.342216	2.8119948674198819e-01
-10158.376710	2.8156821872630944e-01
-10112.411205	2.8176251504039190e-01
-10066.445699	2.8180864180190579e-01
-10020.480194	2.8183352888224300e-01
-9974.514689	2.8204736524667851e-01
-9928.549183	2.8226422325263428e-01
-9882.583678	2.8277140031147197e-01
-9836.618172	2.8281367095817844e-01
-9790.652667	2.8287517476810270e-01
-9744.687161	2.8359557211233632e-01
-9698.721656	2.8380211173423714e-01
-9652.756150	2.8388187054512959e-01
-9606.790645	2.8428489824740377e-01
-9560.825139	2.8473509143418124e-01
-9514.859634	2.8522071325289716e-01
-9468.894128	2.8523930828511135e-01
-9422.928623	2.8537007924687768e-01
-9376.963117	2.8547052535847056e-01
-9330.997612	2.8560079880777051e-01
-9285.032106	2.8572643722591701e-01
-9239.066601	2.8577928389283719e-01
-9193.101095	2.8591613628138085e-01
-9147.135590	2.8593934035481566e-01
-9101.170084	2.8595669650651045e-01
-9055.204579	2.8612842040378350e-01
-9009.239073	2.8625199725995459e-01
-8963.273568	2.8641188987752914e-01
-8917.308063	2.8643630524433350e-01
-8871.342557	2.8652592597015331e-01
-8825.377052	2.8672389143427024e-01
-8779.411546	2.8676385779330688e-01
-8733.446041	2.8680372576294511e-01
-8687.480535	2.8679961978657892e-01
-8641.515030	2.8719485906687803e-01
-8595.549524	2.8773173773916355e-01
-8549.584019	2.8801693507110671e-01
-8503.618513	2.8803254651745630e-01
-8457.653008	2.8805101255535065e-01
-8411.687502	2.8812219133247979e-01
-8365.721997	2.8838100148784357e-01
-8319.756491	2.8879938726032539e-01
-8273.790986	2.8885161258008907e-01
-8227.825480	2.8908097957949636e-01
-8181.859975	2.8909154695539957e-01
-8135.894469	2.8916657437828036e-01
-8089.928964	2.8932451513264212e-01
-8043.963458	2.8957340635908030e-01
-7997.997953	2.8962694100544539e-01
-7952.032448	2.8964705807754942e-01
-7906.066942	2.8969596572842859e-01
-7860.101437	2.8973089651024314e-01
-7814.135931	2.9003107367313169e-01
-7768.170426	2.9018550222865191e-01
-7722.204920	2.9035364121863699e-01
-7676.239415	2.9040929663991066e-01
-7630.273909	2.9042842370227423e-01
-7584.308404	2.9065559823186898e-01
-7538.342898	2.9067225966111576e-01
-7492.377393	2.9073975894747761e-01
-7446.411887	2.9098026811160099e-01
-7400.446382	2.9128264306459295e-01
-7354.480876	2.9129370613386740e-01
-7308.515371	2.9130262496887366e-01
-7262.549865	2.9135239599023433e-01
-7216.584360	2.9144194702548892e-01
-7170.618854	2.9148539369967807e-01
-7124.653349	2.9151640838673626e-01
-7078.687843	2.9180898445041681e-01
-7032.722338	2.9243365801625620e-01
-6986.756833	2.9253403943017792e-01
-6940.791327	2.9259839568413443e-01
-6894.825822	2.9274840154037124e-01
-6848.860316	2.9278191852526514e-01
-6802.894811	2.9273239591940919e-01
-6756.929305	2.9287185004326044e-01
-6710.963800	2.9310350413561931e-01
-6664.998294	2.9319857359127405e-01
-6619.032789	2.9338421578532320e-01
-6573.067283	2.9339731082203890e-01
-6527.101778	2.9342060022997507e-01
-6481.136272	2.9337533702047536e-01
-6435.170767	2.9342648021102635e-01
-6389.205261	2.9354541731231526e-01
-6343.239756	2.9375986107900898e-01
-6297.274250	2.9390872413772845e-01
-6251.308745	2.9402611565134318e-01
-6205.343239	2.9410069379924741e-01
-6159.377734	2.9414473541276964e-01
-6113.412228	2.9449073623118316e-01
-6067.446723	2.9456856278181465e-01
-6021.481217	2.9460585844874521e-01
-5975.515712	2.9468270006035302e-01
-5929.550207	2.9469128319508897e-01
-5883.584701	2.9521507173652350e-01
-5837.619196	2.9523800150619922e-01
-5791.653690	2.9568160868946780e-01
-5745.688185	2.9573208699117687e-01
-5699.722679	2.9614517778028054e-01
-5653.757174	2.9618361705358792e-01
-5607.791668	2.9624458585847224e-01
-5561.826163	2.9623609053970673e-01
-5515.860657	2.9624129597901444e-01
-5469.895152	2.9626578807442044e-01
-5423.929646	2.9627485969370110e-01
-5377.964141	2.9631717418822429e-01
-5331.998635	2.9640165108473299e-01
-5286.033130	2.9644988785751974e-01
-5240.067624	2.9647429642895406e-01
-5194.102119	2.9658124330006175e-01
-5148.136613	2.9667718359766071e-01
-5102.171108	2.9676478328562722e-01
-5056.205602	2.9691755384294183e-01
-5010.240097	2.9690651451957667e-01
-4964.274592	2.9701551527550735e-01
-4918.309086	2.9713054980617243e-01
-4872.343581	2.9715118919106370e-01
-4826.378075	2.9717934556241588e-01
-4780.412570	2.9722576344113061e-01
-4734.447064	2.9726428368782309e-01
-4688.481559	2.9760718051403773e-01
-4642.516053	2.9766504152089984e-01
-4596.550548	2.9767509557638921e-01
-4550.585042	2.9772244521229529e-01
-4504.619537	2.9774324067086383e-01
-4458.654031	2.9804284680113485e-01
-4412.688526	2.9805158495802747e-01
-4366.723020	2.9807486741997274e-01
-4320.757515	2.9801684163121073e-01
-4274.792009	2.9808610949843728e-01
-4228.826504	2.9809658478627776e-01
-4182.860998	2.9812983017130923e-01
-4136.895493	2.9817404695188793e-01
-4090.929987	2.9821542977773152e-01
-4044.964482	2.9821937664072046e-01
-3998.998976	2.9832207260500410e-01
-3953.033471	2.9832277841814536e-01
-3907.067966	2.9821614663319923e-01
-3861.102460	2.9833234604881803e-01
-3815.136955	2.9871739720446017e-01
-3769.171449	2.9872044472994508e-01
-3723.205944	2.9885725580775507e-01
-3677.240438	2.9886410335008839e-01
-3631.274933	2.9914951828006858e-01
-3585.309427	2.9918102170889516e-01
-3539.343922	2.9915893964039775e-01
-3493.378416	2.9917089430229293e-01
-3447.412911	2.9920159803940921e-01
-3401.447405	2.9923622691150992e-01
-3355.481900	2.9946370178570259e-01
-3309.516394	2.9953990853352880e-01
-3263.550889	2.9955571796909947e-01
-3217.585383	2.9952138634443848e-01
-3171.619878	2.9974372010900602e-01
-3125.654372	2.9975084422768761e-01
-3079.688867	2.9978404592016455e-01
-3033.723361	2.9980197816741094e-01
-2987.757856	2.9981809812284843e-01
-2941.792351	2.9984121100062594e-01
-2895.826845	2.9991967171712347e-01
-2849.861340	2.9990639684757059e-01
-2803.895834	3.0002006329878395e-01
-2757.930329	3.0003170489753228e-01
-2711.964823	3.0003191586235317e-01
-2665.999318	3.0002985177467406e-01
-2620.033812	3.0008971447649824e-01
-2574.068307	3.0010625069879904e-01
-2528.102801	3.0011313558262198e-01
-2482.137296	3.0010971703918332e-01
-2436.171790	3.0003035331762729e-01
-2390.206285	2.9999456035087291e-01
-2344.240779	2.9992778235701512e-01
-2298.275274	2.9992756023081468e-01
-2252.309768	2.9996567097702803e-01
-2206.344263	3.0001765491994731e-01
-2160.378757	3.0001806629372640e-01
-2114.413252	3.0001134471001806e-01
-2068.447746	3.0001237834121802e-01
-2022.482241	3.0009617033122710e-01
-1976.516736	3.0011067512598982e-01
-1930.551230	3.0008626783458814e-01
-1884.585725	3.0008738400560769e-01
-1838.620219	3.0003581234118554e-01
-1792.654714	3.0001355464828749e-01
-1746.689208	3.0000663345129619e-01
-1700.723703	3.0001476856603559e-01
-1654.758197	3.0007119978946284e-01
-1608.792692	3.0009539412505215e-01
-1562.827186	3.0010743779568955e-01
-1516.861681	3.0019769835473825e-01
-1470.896175	3.0019333112210245e-01
-1424.930670	3.0014871421831313e-01
-1378.965164	3.0017842459519484e-01
-1332.999659	3.0019228320268410e-01
-1287.034153	3.0020955219148321e-01
-1241.068648	3.0023513536065727e-01
-1195.103142	3.0027166551213075e-01
-1149.137637	3.0033292866538319e-01
-1103.172131	3.0039586969234938e-01
-1057.206626	3.0041565439382323e-01
-1011.241120	3.0042362540681028e-01
-965.275615	3.0042793285618663e-01
-919.310110	3.0039760234341334e-01
-873.344604	3.0040468194212688e-01
-827.379099	3.0032340824904535e-01
-781.413593	3.0041256830744051e-01
-735.448088	3.0044092388827792e-01
-689.482582	3.0045351211326865e-01
-643.517077	3.0051167082533742e-01
-597.551571	3.0052383242069974e-01
-551.586066	3.0053860058925552e-01
-505.620560	3.0055695309627245e-01
-459.655055	3.0057869313157587e-01
-413.689549	3.0059773772906589e-01
-367.724044	3.0055009030327123e-01
-321.758538	3.0043245845736538e-01
-275.793033	3.0045328737851834e-01
-229.827527	3.0046128976423964e-01
-183.862022	3.0045276332209331e-01
-137.896516	3.0048628438699204e-01
-91.931011	3.0044852145920087e-01
-45.965505	3.0048044975836757e-01
0.000000	3.0053193634925524e-01
45.965505	3.0058857965516650e-01
91.931011	3.0048467872617446e-01
137.896516	3.0050937301148667e-01
183.862022	3.0053231113401524e-01
229.827527	3.0052316055252082e-01
275.793033	3.0049852196824894e-01
321.758538	3.0051304464044826e-01
367.724044	3.0052322751149180e-01
413.689549	3.0050815464698200e-01
459.655055	3.0050769674395805e-01
505.620560	3.0053759649069417e-01
551.586066	3.0052112380575763e-01
597.551571	3.0045527029734620e-01
643.517077	3.0039138526409609e-01
689.482582	3.0040350488173356e-01
735.448088	3.0037759443514495e-01
781.413593	3.0038067964050541e-01
827.379099	3.0039192835521505e-01
873.344604	3.0040154581621592e-01
919.310110	3.0041622602801116e-01
965.275615	3.0042962437755860e-01
1011.241120	3.0042491991045328e-01
1057.206626	3.0040400445653165e-01
1103.172131	3.0040952124643733e-01
1149.137637	3.0041822982302047e-01
1195.103142	3.0043503764766583e-01
1241.068648	3.0037543778209386e-01
1287.034153	3.0031715979995571e-01
1332.999659	3.0034607601093516e-01
1378.965164	3.0035060426719951e-01
1424.930670	3.0036996575538566e-01
1470.896175	3.0033905255783122e-01
1516.861681	3.0034219302183401e-01
1562.827186	3.0027466548960702e-01
1608.792692	3.0030210869679252e-01
1654.758197	3.0023426331420427e-01
1700.723703	3.0013999441279426e-01
1746.689208	3.0011503241829307e-01
1792.654714	3.0008211607270413e-01
1838.620219	2.9993909062688134e-01
1884.585725	2.9991086300878983e-01
1930.551230	2.9989185315080852e-01
1976.516736	2.9988640823780099e-01
2022.482241	2.9989641493256392e-01
2068.447746	2.9981262593704849e-01
2114.413252	2.9977723132063572e-01
2160.378757	2.9978511484404491e-01
2206.344263	2.9979073333033085e-01
2252.309768	2.9976743054249128e-01
2298.275274	2.9960931683470654e-01
2344.240779	2.9913405593705389e-01
2390.206285	2.9913996120799591e-01
2436.171790	2.9913347181679895e-01
2482.137296	2.9910241103163671e-01
2528.102801	2.9894677674408088e-01
2574.068307	2.9894332162183690e-01
2620.033812	2.9897616903713919e-01
2665.999318	2.9897025589358067e-01
2711.964823	2.9888462861335946e-01
2757.930329	2.9888893836631886e-01
2803.895834	2.9885260389513446e-01
2849.861340	2.9880713543402121e-01
2895.826845	2.9877401349763538e-01
2941.792351	2.9874125399145118e-01
2987.757856	2.9871000634729200e-01
3033.723361	2.9869382254848187e-01
3079.688867	2.9872250510358384e-01
3125.654372	2.9847860335637955e-01
3171.619878	2.9840486605318384e-01
3217.585383	2.9826038625582019e-01
3263.550889	2.9823489005896953e-01
3309.516394	2.9805309571544714e-01
3355.481900	2.9802302008499792e-01
3401.447405	2.9793505766337458e-01
3447.412911	2.9762569752356632e-01
3493.378416	2.9763339261276822e-01
3539.343922	2.9734414628410988e-01
3585.309427	2.9723660836494387e-01
3631.274933	2.9710564251584243e-01
3677.240438	2.9708642011625891e-01
3723.205944	2.9686604699293145e-01
3769.171449	2.9684249282090730e-01
3815.136955	2.9667653766324614e-01
3861.102460	2.9655681119283273e-01
3907.067966	2.9651907885126944e-01
3953.033471	2.9649923142642048e-01
3998.998976	2.9649976803223554e-01
4044.964482	2.9646027363872790e-01
4090.929987	2.9633026447824307e-01
4136.895493	2.9600314225834284e-01
4182.860998	2.9584525163362163e-01
4228.826504	2.9587120453995891e-01
4274.792009	2.9588690594100997e-01
4320.757515	2.9591007973743000e-01
4366.723020	2.9586223431028513e-01
4412.688526	2.9575513469732112e-01
4458.654031	2.9552242139098689e-01
4504.619537	2.9551059777741312e-01
4550.585042	2.9548330175282850e-01
4596.550548	2.9543871536375677e-01
4642.516053	2.9541438616225868e-01
4688.481559	2.9540209864747796e-01
4734.447064	2.9535972689911233e-01
4780.412570	2.9530595159212136e-01
4826.378075	2.9503889303096115e-01
4872.343581	2.9502437857471936e-01
4918.309086	2.9482941951276925e-01
4964.274592	2.9482987588595377e-01
5010.240097	2.9472962362935573e-01
5056.205602	2.9450595371058874e-01
5102.171108	2.9423286470986154e-01
5148.136613	2.9412445528033276e-01
5194.102119	2.9391693628894278e-01
5240.067624	2.9376467602869144e-01
5286.033130	2.9365086476848684e-01
5331.998635	2.9360513096972252e-01
5377.964141	2.9357216026680427e-01
5423.929646	2.9338173959848446e-01
5469.895152	2.9329108245837504e-01
5515.860657	2.9330353135215681e-01
5561.826163	2.9329561823096900e-01
5607.791668	2.9292783848613363e-01
5653.757174	2.9274253302189185e-01
5699.722679	2.9241506503127668e-01
5745.688185	2.9223898938740822e-01
5791.653690	2.9223368028034058e-01
5837.619196	2.9225567586880802e-01
5883.584701	2.9226430301921591e-01
5929.550207	2.9220403043388976e-01
5975.515712	2.9191631425971937e-01
6021.481217	2.9186304514726230e-01
6067.446723	2.9177903447989367e-01
6113.412228	2.9174863470211920e-01
6159.377734	2.9129086811463528e-01
6205.343239	2.9125706939468271e-01
6251.308745	2.9119388791321232e-01
6297.274250	2.9018849002956193e-01
6343.239756	2.9010774429727765e-01
6389.205261	2.8978242027106194e-01
6435.170767	2.8964426006840960e-01
6481.136272	2.8960870255985438e-01
6527.101778	2.8916521944795581e-01
6573.067283	2.8909653464500407e-01
6619.032789	2.8908086971028030e-01
6664.998294	2.8909371333377243e-01
6710.963800	2.8878526649346925e-01
6756.929305	2.8859550795562716e-01
6802.894811	2.8850140890803094e-01
6848.860316	2.8819101550257992e-01
6894.825822	2.8804545965060752e-01
6940.791327	2.8797378047919248e-01
6986.756833	2.8796545826501757e-01
7032.722338	2.8793937897242600e-01
7078.687843	2.8769500851382701e-01
7124.653349	2.8756077717762707e-01
7170.618854	2.8753842474424696e-01
7216.584360	2.8691199833171971e-01
7262.549865	2.8674233687484207e-01
7308.515371	2.8674397911773353e-01
7354.480876	2.8673635339401810e-01
7400.446382	2.8630506741503470e-01
7446.411887	2.8588082634266931e-01
7492.377393	2.8582380733119284e-01
7538.342898	2.8572081639757196e-01
7584.308404	2.8559658756684797e-01
7630.273909	2.8501539206816479e-01
7676.239415	2.8494784436120196e-01
7722.204920	2.8495219854600978e-01
7768.170426	2.8474290250885315e-01
7814.135931	2.8455748982770596e-01
7860.101437	2.8448282783299056e-01
7906.066942	2.8405115555506671e-01
7952.032448	2.8376757297486171e-01
7997.997953	2.8353473380401562e-01
8043.963458	2.8321971002888252e-01
8089.928964	2.8294641936138909e-01
8135.894469	2.8290017493586889e-01
8181.859975	2.8259645166531849e-01
8227.825480	2.8212152629394149e-01
8273.790986	2.8209804769062341e-01
8319.756491	2.8167980558356265e-01
8365.721997	2.8157403600781905e-01
8411.687502	2.8126966484644184e-01
8457.653008	2.8125965339526848e-01
8503.618513	2.8108559226684560e-01
8549.584019	2.8052447340208919e-01
8595.549524	2.8047295350763823e-01
8641.515030	2.8033979307325579e-01
8687.480535	2.8031040239834171e-01
8733.446041	2.7979772371749606e-01
8779.411546	2.7943783938178901e-01
8825.377052	2.7889358674190301e-01
8871.342557	2.7858805394727687e-01
8917.308063	2.7852102802124901e-01
8963.273568	2.7832585943659860e-01
9009.239073	2.7824445927284142e-01
9055.204579	2.7823049230100050e-01
9101.170084	2.7822356537627757e-01
9147.135590	2.7783721014012236e-01
9193.101095	2.7694643263684182e-01
9239.066601	2.7676315041587940e-01
9285.032106	2.7587659016602889e-01
9330.997612	2.7542352905560524e-01
9376.963117	2.7541839691440073e-01
9422.928623	2.7430932911627348e-01
9468.894128	2.7434545674825045e-01
9514.859634	2.7426828549066162e-01
9560.825139	2.7384928339197967e-01
9606.790645	2.7371696305320592e-01
9652.756150	2.7328971218827836e-01
9698.721656	2.7296905590341042e-01
9744.687161	2.7276012913119735e-01
9790.652667	2.7229778159056522e-01
9836.618172	2.7227991653783579e-01
9882.583678	2.7138419386599572e-01
9928.549183	2.7105030533574731e-01
9974.514689	2.7094966720637453e-01
10020.480194	2.7055651732678770e-01
10066.445699	2.7043222837649200e-01
10112.411205	2.7034862933642384e-01
10158.376710	2.6963856487413257e-01
10204.342216	2.6886537680962275e-01
10250.307721	2.6852476385882551e-01
10296.273227	2.6836741493297644e-01
10342.238732	2.6813139862381929e-01
10388.204238	2.6805160440375320e-01
10434.169743	2.6735401201415937e-01
10480.135249	2.6724095860482927e-01
10526.100754	2.6688955633189354e-01
10572.066260	2.6680788694120883e-01
10618.031765	2.6458158041012175e-01
10663.997271	2.6387893579451677e-01
10709.962776	2.6375786790291589e-01
10755.928282	2.6366205024800843e-01
10801.893787	2.6297783703586447e-01
10847.859293	2.6277919083406781e-01
10893.824798	2.6269582138305198e-01
10939.790304	2.6266333349766291e-01
10985.755809	2.6254724768131421e-01
11031.721314	2.6209675775100166e-01
11077.686820	2.6190545589296294e-01
11123.652325	2.6127420389921474e-01
11169.617831	2.6089702144569032e-01
11215.583336	2.6062552963687069e-01
11261.548842	2.5938691889062782e-01
11307.514347	2.5928825673507200e-01
11353.479853	2.5854433801062848e-01
11399.445358	2.5849226960585420e-01
11445.410864	2.5795518875091206e-01
11491.376369	2.5732111143091252e-01
11537.341875	2.5666435359830775e-01
11583.307380	2.5632625703953610e-01
11629.272886	2.5607408992554820e-01
11675.238391	2.5512841972160571e-01
11721.203897	2.5511361300001761e-01
11767.169402	2.5493033072799537e-01
11813.134908	2.5385030932402886e-01
11859.100413	2.5385118591680905e-01
11905.065919	2.5369355189046139e-01
11951.031424	2.5278566039763667e-01
11996.996929	2.5184488411118267e-01
12042.962435	2.5173977902531181e-01
12088.927940	2.5141504081487226e-01
12134.893446	2.5120413875957265e-01
12180.858951	2.5067361781089975e-01
12226.824457	2.5035802141115787e-01
12272.789962	2.4915106477332641e-01
12318.755468	2.4885821885432263e-01
12364.720973	2.4823981719717109e-01
12410.686479	2.4761137139962677e-01
12456.651984	2.4744335025334849e-01
12502.617490	2.4707134952305662e-01
12548.582995	2.4652962770468700e-01
12594.548501	2.4520554119069213e-01
12640.514006	2.4495886309420750e-01
12686.479512	2.4203572665971013e-01
12732.445017	2.4158395604101496e-01
12778.410523	2.4025339102157431e-01
12824.376028	2.3978012859623321e-01
12870.341534	2.3888509150048098e-01
12916.307039	2.3837981361986035e-01
12962.272545	2.3817184792074353e-01
13008.238050	2.3814523911912783e-01
13054.203555	2.3689726611760270e-01
13100.169061	2.3517033433096235e-01
13146.134566	2.3513615163846424e-01
13192.100072	2.3395168506416192e-01
13238.065577	2.3395433378410380e-01
13284.031083	2.3339156934117197e-01
13329.996588	2.3221572765976922e-01
13375.962094	2.3091231398256748e-01
13421.927599	2.3074033466910085e-01
13467.893105	2.3066617793279962e-01
13513.858610	2.3029383844872647e-01
13559.824116	2.3016802310799148e-01
13605.789621	2.2946466712470018e-01
13651.755127	2.2932618277965028e-01
13697.720632	2.2877789375247906e-01
13743.686138	2.2821071753623276e-01
13789.651643	2.2781445702742723e-01
13835.617149	2.2777581468962332e-01
13881.582654	2.2676135342336043e-01
13927.548160	2.2662795102612238e-01
13973.513665	2.2557074231216587e-01
14019.479170	2.2362292432786604e-01
14065.444676	2.2354242183245102e-01
14111.410181	2.2202614917810490e-01
14157.375687	2.2155530327436646e-01
14203.341192	2.2092865065441758e-01
14249.306698	2.2026679080694422e-01
14295.272203	2.1928032912982912e-01
14341.237709	2.1881090278787099e-01
14387.203214	2.1879369440539798e-01
14433.168720	2.1778029864359333e-01
14479.134225	2.1757270374534451e-01
14525.099731	2.1523955537610664e-01
14571.065236	2.1245758622341199e-01
14617.030742	2.1152062925659179e-01
14662.996247	2.1062978587223746e-01
14708.961753	2.1035864976108548e-01
14754.927258	2.1035378148070399e-01
14800.892764	2.1024644448559199e-01
14846.858269	2.0478971318591602e-01
14892.823775	2.0466288769576110e-01
14938.789280	2.0448557378658924e-01
14984.754785	2.0357346541676091e-01
15030.720291	2.0274623754311402e-01
15076.685796	2.0072535048080425e-01
15122.651302	1.9992628320075131e-01
15168.616807	1.9947194262362647e-01
15214.582313	1.9691478685202077e-01
15260.547818	1.9614087739578123e-01
15306.513324	1.9557984594018321e-01
15352.478829	1.8589006223689780e-01
15398.444335	1.8554709979445749e-01
15444.409840	1.8428922258740424e-01
15490.375346	1.8369373343173345e-01
15536.340851	1.8364386974271837e-01
15582.306357	1.8351657737302676e-01
15628.271862	1.8342816659835251e-01
15674.237368	1.8317695792616279e-01
15720.202873	1.8295266948610542e-01
15766.168379	1.8289571885585981e-01
15812.133884	1.8268420271743885e-01
15858.099390	1.8201437522537223e-01
15904.064895	1.8199150614207596e-01
15950.030401	1.8159002319358622e-01
15995.995906	1.8149013898139216e-01
16041.961411	1.8140102539479752e-01
16087.926917	1.8126483343734429e-01
16133.892422	1.8116575683437317e-01
16179.857928	1.8079343103720927e-01
16225.823433	1.8073272119617759e-01
16271.788939	1.8059235452030045e-01
16317.754444	1.8055390932573567e-01
16363.719950	1.8018356032202765e-01
16409.685455	1.8015702354896798e-01
16455.650961	1.8000996685216081e-01
16501.616466	1.7966841465974015e-01
16547.581972	1.7960042883780847e-01
16593.547477	1.7931307525086537e-01
16639.512983	1.7898270433746533e-01
16685.478488	1.7883166187040364e-01
16731.443994	1.7872457044418397e-01
16777.409499	1.7838630448546325e-01
16823.375005	1.7808031852811934e-01
16869.340510	1.7763429919370757e-01
16915.306016	1.7755411599968943e-01
16961.271521	1.7729046785923308e-01
17007.237026	1.7697328124773729e-01
17053.202532	1.7694364294091569e-01
17099.168037	1.7688968590053816e-01
17145.133543	1.7602107027229749e-01
17191.099048	1.7584798647375430e-01
17237.064554	1.7567503581648730e-01
17283.030059	1.7539716643947845e-01
17328.995565	1.7509105463289465e-01
17374.961070	1.7488408224966179e-01
17420.926576	1.7442265826709319e-01
17466.892081	1.7424505903879986e-01
17512.857587	1.7387970104592515e-01
17558.823092	1.7277125734564480e-01
17604.788598	1.7210980144668811e-01
17650.754103	1.7183942373068120e-01
17696.719609	1.7161315461140778e-01
17742.685114	1.7129508155457804e-01
17788.650620	1.7098122377972258e-01
17834.616125	1.7073434968243220e-01
17880.581631	1.7072830656007021e-01
17926.547136	1.7052521108354152e-01
17972.512641	1.7041497423012678e-01
18018.478147	1.7040683097641837e-01
18064.443652	1.6996350459920634e-01
18110.409158	1.6986673997767546e-01
18156.374663	1.6974693405845070e-01
18202.340169	1.6954423251135270e-01
18248.305674	1.6951666761288037e-01
18294.271180	1.6938810084904199e-01
18340.236685	1.6909573109496787e-01
18386.202191	1.6898160748359300e-01
18432.167696	1.6888961855820331e-01
18478.133202	1.6802777888458822e-01
18524.098707	1.6769775211428856e-01
18570.064213	1.6747742587522793e-01
18616.029718	1.6738116013937099e-01
18661.995224	1.6722673248404685e-01
18707.960729	1.6719498549380343e-01
18753.926235	1.6699334562764068e-01
18799.891740	1.6663503831758730e-01
18845.857246	1.6644153243700915e-01
18891.822751	1.6638173147599059e-01
18937.788257	1.6627196973314440e-01
18983.753762	1.6618214468767487e-01
19029.719267	1.6533263512678276e-01
19075.684773	1.6518051697974864e-01
19121.650278	1.6499199945540760e-01
19167.615784	1.6476040440793188e-01
19213.581289	1.6461509904671925e-01
19259.546795	1.6412696358224615e-01
19305.512300	1.6409082630468450e-01
19351.477806	1.6375340942188366e-01
19397.443311	1.6279054034193241e-01
19443.408817	1.6243436295539168e-01
19489.374322	1.6199166504657722e-01
19535.339828	1.6080435473127511e-01
19581.305333	1.6049339461516396e-01
19627.270839	1.6046505767113770e-01
19673.236344	1.6032729717225011e-01
19719.201850	1.5943640855777119e-01
19765.167355	1.5903886831751868e-01
19811.132861	1.5713080254509856e-01
19857.098366	1.5682500648904474e-01
19903.063872	1.5672052179509730e-01
19949.029377	1.5627212493287790e-01
19994.994882	1.5598026944770479e-01
20040.960388	1.5571559340049654e-01
20086.925893	1.5566443103278288e-01
20132.891399	1.5540373434605337e-01
20178.856904	1.5518741537715330e-01
20224.822410	1.5504339942056761e-01
20270.787915	1.5439191771319674e-01
20316.753421	1.5412815658651180e-01
20362.718926	1.5409103254389625e-01
20408.684432	1.5385929853928301e-01
20454.649937	1.5367634350707765e-01
20500.615443	1.5304373835643734e-01
20546.580948	1.5290816330090548e-01
20592.546454	1.5284084466454728e-01
20638.511959	1.5270302872233843e-01
20684.477465	1.5266687351170313e-01
20730.442970	1.5243232380695143e-01
20776.408476	1.5193795329698798e-01
20822.373981	1.5169875582704928e-01
20868.339487	1.5167173028040187e-01
20914.304992	1.5162669689705144e-01
20960.270498	1.5152644516787034e-01
21006.236003	1.5145638452364504e-01
21052.201508	1.5135482801848330e-01
21098.167014	1.5099719232938077e-01
21144.132519	1.5068140247456643e-01
21190.098025	1.5050853919074511e-01
21236.063530	1.4978411324584320e-01
21282.029036	1.4977225163281219e-01
21327.994541	1.4974331583670422e-01
21373.960047	1.4940506993850930e-01
21419.925552	1.4908524798108172e-01
21465.891058	1.4877755245416366e-01
21511.856563	1.4868939834016351e-01
21557.822069	1.4851203807776672e-01
21603.787574	1.4846141405466384e-01
21649.753080	1.4824221061285062e-01
21695.718585	1.4817547103611531e-01
21741.684091	1.4815007710804123e-01
21787.649596	1.4810978577389555e-01
21833.615102	1.4721098840488805e-01
21879.580607	1.4689923018126541e-01
21925.546113	1.4686533386982525e-01
21971.511618	1.4652865182833144e-01
22017.477123	1.4544078678981034e-01
22063.442629	1.4473293673205667e-01
22109.408134	1.4470469012988293e-01
22155.373640	1.4449250619268689e-01
22201.339145	1.4424794644155511e-01
22247.304651	1.4409985206087927e-01
22293.270156	1.4375376253137725e-01
22339.235662	1.4355811355568515e-01
22385.201167	1.4302742352712314e-01
22431.166673	1.4294377167554662e-01
22477.132178	1.4290360036337746e-01
22523.097684	1.4285727118153768e-01
22569.063189	1.4264508105429644e-01
22615.028695	1.4203831865713509e-01
22660.994200	1.4197008294667698e-01
22706.959706	1.4166401221391350e-01
22752.925211	1.4133304579013309e-01
22798.890717	1.4127832150059447e-01
22844.856222	1.4083479574008625e-01
22890.821728	1.4081232565110768e-01
22936.787233	1.4053996053669734e-01
22982.752738	1.4049344968145402e-01
23028.718244	1.4020901749533313e-01
23074.683749	1.4006520370795725e-01
23120.649255	1.3966514693574311e-01
23166.614760	1.3957188085116604e-01
23212.580266	1.3951059147138925e-01
23258.545771	1.3855152165821114e-01
23304.511277	1.3824129591585094e-01
23350.476782	1.3782868392212555e-01
23396.442288	1.3780033619779961e-01
23442.407793	1.3737554241012023e-01
23488.373299	1.3721269181969617e-01
23534.338804	1.3712065576502039e-01
23580.304310	1.3659847043735771e-01
23626.269815	1.3612063149010725e-01
23672.235321	1.3591824940558966e-01
23718.200826	1.3575393907882799e-01
23764.166332	1.3542531643104280e-01
23810.131837	1.3540987993284823e-01
23856.097343	1.3508010885573576e-01
23902.062848	1.3412950040018223e-01
23948.028354	1.3400475623250724e-01
23993.993859	1.3394964604924794e-01
24039.959364	1.3366817514234022e-01
24085.924870	1.3317676384227614e-01
24131.890375	1.3312966000675028e-01
24177.855881	1.3297463887820196e-01
24223.821386	1.3158855045582563e-01
24269.786892	1.3150310142826840e-01
24315.752397	1.3112510161464050e-01
24361.717903	1.3102138519923712e-01
24407.683408	1.3079254755322808e-01
24453.648914	1.3050752191105944e-01
24499.614419	1.2995327748558730e-01
24545.579925	1.2946249745958532e-01
24591.545430	1.2938579359145488e-01
24637.510936	1.2924235967853376e-01
24683.476441	1.2920972739055189e-01
24729.441947	1.2884630583318366e-01
24775.407452	1.2883136954814856e-01
24821.372958	1.2877590716639112e-01
24867.338463	1.2817392614931480e-01
24913.303969	1.2804696405795654e-01
24959.269474	1.2794877890967959e-01
25005.234979	1.2767234247170928e-01
25051.200485	1.2740088982886805e-01
25097.165990	1.2731271247934295e-01
25143.131496	1.2682074191245901e-01
25189.097001	1.2650420464447823e-01
25235.062507	1.2633724630329526e-01
25281.028012	1.2620467406455982e-01
25326.993518	1.2601688239086167e-01
25372.959023	1.2587902863184242e-01
25418.924529	1.2567214781028266e-01
25464.890034	1.2544015938711803e-01
25510.855540	1.2516782369262991e-01
25556.821045	1.2504653714483197e-01
25602.786551	1.2493447745429757e-01
25648.752056	1.2409769779308497e-01
25694.717562	1.2368080062567030e-01
25740.683067	1.2359633579014782e-01
25786.648573	1.2319573122267946e-01
25832.614078	1.2316518910959481e-01
25878.579584	1.2275746136206786e-01
25924.545089	1.2245853705751092e-01
25970.510594	1.2236610486926891e-01
26016.476100	1.2227759159859729e-01
26062.441605	1.2218054454860112e-01
26108.407111	1.2203693968954057e-01
26154.372616	1.2088422117468933e-01
26200.338122	1.2079877317162324e-01
26246.303627	1.2058906868150458e-01
26292.269133	1.2049020584241714e-01
26338.234638	1.2005521931353322e-01
26384.200144	1.1993557185795757e-01
26430.165649	1.1992097413484468e-01
26476.131155	1.1984968894012721e-01
26522.096660	1.1981450896084964e-01
26568.062166	1.1964248613901367e-01
26614.027671	1.1948941815991461e-01
26659.993177	1.1932288759195098e-01
26705.958682	1.1889087932086614e-01
26751.924188	1.1884632121885456e-01
26797.889693	1.1874910730903046e-01
26843.855199	1.1863237828339861e-01
26889.820704	1.1860428211118829e-01
26935.786210	1.1846193459166143e-01
26981.751715	1.1836879817717157e-01
27027.717220	1.1783578629125437e-01
27073.682726	1.1757729854886578e-01
27119.648231	1.1746260996926618e-01
27165.613737	1.1716648959787865e-01
27211.579242	1.1643718515513914e-01
27257.544748	1.1634587678208813e-01
27303.510253	1.1594673111545485e-01
27349.475759	1.1585547770975270e-01
27395.441264	1.1538224093921087e-01
27441.406770	1.1424563785167173e-01
27487.372275	1.1421367324671072e-01
27533.337781	1.1406676851003451e-01
27579.303286	1.1371377215711073e-01
27625.268792	1.1361826157693271e-01
27671.234297	1.1353306330246901e-01
27717.199803	1.1350838355363116e-01
27763.165308	1.1335879528379778e-01
27809.130814	1.1282255506998208e-01
27855.096319	1.1261270412017899e-01
27901.061825	1.1220064348918685e-01
27947.027330	1.1217981095569381e-01
27992.992835	1.1209852873255580e-01
28038.958341	1.1165455597568424e-01
28084.923846	1.1142107955501915e-01
28130.889352	1.1099624411331009e-01
28176.854857	1.1083054860044091e-01
28222.820363	1.1070291282503603e-01
28268.785868	1.1052540604963199e-01
28314.751374	1.1023160255906510e-01
28360.716879	1.0997990942436225e-01
28406.682385	1.0995751637388099e-01
28452.647890	1.0965017008469084e-01
28498.613396	1.0926997111299858e-01
28544.578901	1.0884480489742604e-01
28590.544407	1.0880989806564961e-01
28636.509912	1.0842123407109225e-01
28682.475418	1.0835507355121171e-01
28728.440923	1.0805750307331882e-01
28774.406429	1.0742591452239833e-01
28820.371934	1.0726659475434396e-01
28866.337440	1.0656611661727364e-01
28912.302945	1.0653211821382218e-01
28958.268450	1.0641776637263917e-01
29004.233956	1.0624729660300118e-01
29050.199461	1.0601046816715189e-01
29096.164967	1.0571200816082127e-01
29142.130472	1.0554001722894620e-01
29188.095978	1.0550787959238529e-01
29234.061483	1.0542972411747821e-01
29280.026989	1.0520076734627626e-01
29325.992494	1.0512300707165119e-01
29371.958000	1.0508721365725036e-01
29417.923505	1.0501242151660356e-01
29463.889011	1.0448751844835953e-01
29509.854516	1.0437292850265331e-01
29555.820022	1.0377599196896765e-01
29601.785527	1.0366594360958072e-01
29647.751033	1.0284000761953727e-01
29693.716538	1.0276897090351166e-01
29739.682044	1.0258906039002072e-01
29785.647549	1.0243762060517599e-01
29831.613055	1.0217837640118485e-01
29877.578560	1.0198276731075077e-01
29923.544066	1.0151943822309833e-01
29969.509571	1.0145022084536104e-01
30015.475076	1.0116302425160152e-01
30061.440582	1.0059244538321988e-01
30107.406087	1.0048004179450637e-01
30153.371593	1.0041497813333711e-01
30199.337098	9.9882377383587115e-02
30245.302604	9.9596337671959051e-02
30291.268109	9.8647667991646940e-02
30337.233615	9.8123246145468898e-02
30383.199120	9.7865482553738281e-02
30429.164626	9.7783570233544725e-02
30475.130131	9.7339918620756333e-02
30521.095637	9.6843999923643745e-02
30567.061142	9.6793190069154614e-02
30613.026648	9.6467401634833402e-02
30658.992153	9.6306995717111848e-02
30704.957659	9.6232241107700692e-02
30750.923164	9.5973812742278647e-02
30796.888670	9.5658639126756206e-02
30842.854175	9.5298334498837095e-02
30888.819681	9.4915813175810090e-02
30934.785186	9.4551029375490189e-02
30980.750691	9.4444066738559443e-02
31026.716197	9.3993820328832550e-02
31072.681702	9.3871986839531213e-02
31118.647208	9.3529957235007302e-02
31164.612713	9.2946948155321174e-02
31210.578219	9.2793043791630225e-02
31256.543724	9.2662072790631267e-02
31302.509230	9.2532176791008530e-02
31348.474735	9.2241388918749570e-02
31394.440241	9.1851880086777332e-02
31440.405746	9.1582233908250085e-02
31486.371252	9.1216375106554018e-02
31532.336757	9.1024487360904391e-02
31578.302263	9.1000478996836193e-02
31624.267768	9.0468174148726946e-02
31670.233274	8.9958265162621606e-02
31716.198779	8.9854706696715483e-02
31762.164285	8.9339422703729215e-02
31808.129790	8.9166168315266858e-02
31854.095296	8.8978222241329938e-02
31900.060801	8.8973563902033093e-02
31946.026306	8.8648555152632189e-02
31991.991812	8.8144379507199846e-02
32037.957317	8.7273090891799215e-02
32083.922823	8.7224357496078680e-02
32129.888328	8.6746519384362980e-02
32175.853834	8.6476335705147650e-02
32221.819339	8.6240193736178264e-02
32267.784845	8.5892789124773411e-02
32313.750350	8.5518330312067820e-02
32359.715856	8.5226467438432707e-02
32405.681361	8.4626437503623572e-02
32451.646867	8.4480953984046092e-02
32497.612372	8.4316561287058514e-02
32543.577878	8.4261459300920133e-02
32589.543383	8.4105693257811448e-02
32635.508889	8.4045398220250034e-02
32681.474394	8.3772036297205962e-02
32727.439900	8.3699501295497913e-02
32773.405405	8.3639431531844124e-02
32819.370911	8.3483926993594124e-02
32865.336416	8.3442018720827515e-02
32911.301922	8.3363887940868631e-02
32957.267427	8.3233215258685378e-02
33003.232932	8.3193317206597228e-02
33049.198438	8.2954547917722360e-02
33095.163943	8.2772460412327456e-02
33141.129449	8.2692598090757019e-02
33187.094954	8.2548911037704606e-02
33233.060460	8.2496805501447709e-02
33279.025965	8.2344870877883100e-02
33324.991471	8.2308823414454196e-02
33370.956976	8.2228347498741042e-02
33416.922482	8.2059841380712747e-02
33462.887987	8.2014745908180142e-02
33508.853493	8.1924821132021972e-02
33554.818998	8.1908923689316654e-02
33600.784504	8.1841717411871323e-02
33646.750009	8.1786926001771676e-02
33692.715515	8.1748391450000971e-02
33738.681020	8.1663652939842124e-02
33784.646526	8.1622652007214011e-02
33830.612031	8.1398726998122561e-02
33876.577537	8.1363217014237821e-02
33922.543042	8.1312406611534688e-02
33968.508547	8.1269655614420150e-02
34014.474053	8.1202058565295068e-02
34060.439558	8.1013785738564589e-02
34106.405064	8.0867056346316038e-02
34152.370569	8.0824706341107111e-02
34198.336075	8.0718085095552977e-02
34244.301580	8.0681557905616624e-02
34290.267086	8.0639911250081103e-02
34336.232591	8.0412040523276829e-02
34382.198097	8.0279186243444323e-02
34428.163602	8.0107591981283199e-02
34474.129108	8.0068684330866530e-02
34520.094613	8.0033234186351554e-02
34566.060119	7.9661157028330265e-02
34612.025624	7.9468289880991597e-02
34657.991130	7.9371839480803202e-02
34703.956635	7.9304505060458635e-02
34749.922141	7.9270495436887148e-02
34795.887646	7.9052099468880518e-02
34841.853152	7.8978189910686294e-02
34887.818657	7.8836570466237446e-02
34933.784163	7.8775817112079483e-02
34979.749668	7.8741602858850596e-02
35025.715173	7.8696956641652729e-02
35071.680679	7.8563495665473618e-02
35117.646184	7.8374885458126750e-02
35163.611690	7.8267549350192880e-02
35209.577195	7.8176034345818463e-02
35255.542701	7.8072963656132047e-02
35301.508206	7.7803587460719165e-02
35347.473712	7.7470043091354468e-02
35393.439217	7.7432922003210392e-02
35439.404723	7.7357714635272884e-02
35485.370228	7.7120170181515457e-02
35531.335734	7.7012631656528011e-02
35577.301239	7.6951941998037315e-02
35623.266745	7.6841227202984197e-02
35669.232250	7.6688231647518854e-02
35715.197756	7.6651996054208638e-02
35761.163261	7.6503206316461805e-02
35807.128767	7.6412206363320856e-02
35853.094272	7.6315654807267930e-02
35899.059778	7.6198927648309614e-02
35945.025283	7.6077644233090408e-02
35990.990788	7.6006952444111292e-02
36036.956294	7.5949731944792931e-02
36082.921799	7.5792316761269587e-02
36128.887305	7.5692843205096130e-02
36174.852810	7.5534738123326409e-02
36220.818316	7.5480889476565366e-02
36266.783821	7.5446922574341657e-02
36312.749327	7.5203150000570762e-02
36358.714832	7.5130115590516203e-02
36404.680338	7.5050811856325853e-02
36450.645843	7.4989187737145649e-02
36496.611349	7.4904080539452467e-02
36542.576854	7.4809738066909034e-02
36588.542360	7.4756764217074459e-02
36634.507865	7.4691998597740367e-02
36680.473371	7.4350536115038460e-02
36726.438876	7.4154426571666016e-02
36772.404382	7.4129448042777130e-02
36818.369887	7.4018449532251507e-02
36864.335393	7.3955759177929820e-02
36910.300898	7.3822370656604699e-02
36956.266403	7.3512033896743351e-02
37002.231909	7.3464023427210812e-02
37048.197414	7.3430403051045701e-02
37094.162920	7.3162995050341961e-02
37140.128425	7.3046386558573748e-02
37186.093931	7.2860762054062597e-02
37232.059436	7.2814387814433543e-02
37278.024942	7.2779812298286353e-02
37323.990447	7.2710987442827391e-02
37369.955953	7.2632810569952799e-02
37415.921458	7.2472607029199387e-02
37461.886964	7.2451332043790395e-02
37507.852469	7.2239869814260643e-02
37553.817975	7.2122623670441199e-02
37599.783480	7.1994716151516688e-02
37645.748986	7.1967367255904954e-02
37691.714491	7.1914885860434472e-02
37737.679997	7.1877705108527257e-02
37783.645502	7.1754773065617145e-02
37829.611008	7.1669003019946595e-02
37875.576513	7.1542758317608729e-02
37921.542019	7.1462634786206652e-02
37967.507524	7.1421726770028268e-02
38013.473029	7.1318702180305490e-02
38059.438535	7.1260911215591624e-02
38105.404040	7.1159780033699771e-02
38151.369546	7.1119789472561382e-02
38197.335051	7.0785092729981264e-02
38243.300557	7.0738134699997901e-02
38289.266062	7.0336795528502985e-02
38335.231568	7.0267756089995928e-02
38381.197073	7.0210673553451231e-02
38427.162579	7.0173593219939809e-02
38473.128084	7.0025873854563020e-02
38519.093590	6.9977061703294291e-02
38565.059095	6.9892713662740136e-02
38611.024601	6.9833880829916192e-02
38656.990106	6.9739121174616378e-02
38702.955612	6.9668371407658178e-02
38748.921117	6.9338885824928601e-02
38794.886623	6.9239909506588149e-02
38840.852128	6.9178319497181159e-02
38886.817634	6.8853524221002438e-02
38932.783139	6.8733168249256210e-02
38978.748644	6.8710809496236327e-02
39024.714150	6.8640332353539543e-02
39070.679655	6.8429729966379763e-02
39116.645161	6.8315075080073423e-02
39162.610666	6.8038106835786330e-02
39208.576172	6.7871918908567891e-02
39254.541677	6.7848224590580458e-02
39300.507183	6.7608444171603360e-02
39346.472688	6.7581739025136034e-02
39392.438194	6.7501431290432359e-02
39438.403699	6.7466429235240100e-02
39484.369205	6.7371220963797745e-02
39530.334710	6.7171045440967081e-02
39576.300216	6.7110608057514648e-02
39622.265721	6.6905167787019618e-02
39668.231227	6.6798782681839239e-02
39714.196732	6.6735635233119345e-02
39760.162238	6.6701453333399954e-02
39806.127743	6.6560337371292008e-02
39852.093249	6.6551001720333750e-02
39898.058754	6.6343915821556174e-02
39944.024259	6.6267453632058285e-02
39989.989765	6.6213634725851511e-02
40035.955270	6.6099578984807450e-02
40081.920776	6.6016137933178592e-02
40127.886281	6.5900362992124192e-02
40173.851787	6.5638325390439178e-02
40219.817292	6.5548215427621861e-02
40265.782798	6.5263777468443140e-02
40311.748303	6.4992175759829254e-02
40357.713809	6.4880103125960556e-02
40403.679314	6.4824948668882151e-02
40449.644820	6.4783198223382868e-02
40495.610325	6.4659057079668444e-02
40541.575831	6.4422765916150149e-02
40587.541336	6.4338086845009537e-02
40633.506842	6.4222084052134518e-02
40679.472347	6.3963404451228292e-02
40725.437853	6.3896399481010599e-02
40771.403358	6.3859596519989639e-02
40817.368864	6.3819645287487084e-02
40863.334369	6.3671896525721278e-02
40909.299875	6.3573362276940437e-02
40955.265380	6.3535201659758470e-02
41001.230885	6.3397697905140354e-02
41047.196391	6.3165176678102647e-02
41093.161896	6.3086880400371678e-02
41139.127402	6.2946203143303375e-02
41185.092907	6.2897303385873654e-02
41231.058413	6.2871753871817274e-02
41277.023918	6.2411200747134389e-02
41322.989424	6.2179361010369541e-02
41368.954929	6.1926760693189004e-02
41414.920435	6.1877611702219608e-02
41460.885940	6.1657702624899197e-02
41506.851446	6.1399044995766004e-02
41552.816951	6.1103656979886317e-02
41598.782457	6.1010782317396012e-02
41644.747962	6.0845099762100972e-02
41690.713468	6.0741812803582464e-02
41736.678973	6.0590107949415314e-02
41782.644479	6.0450030055306157e-02
41828.609984	6.0366434807962666e-02
41874.575490	6.0303540041680426e-02
41920.540995	5.9968305524529128e-02
41966.506500	5.9642977243152144e-02
42012.472006	5.9475532337955689e-02
42058.437511	5.8907391532727227e-02
42104.403017	5.8876463281956372e-02
42150.368522	5.8853152303982782e-02
42196.334028	5.8663401482006272e-02
42242.299533	5.8627408575649277e-02
42288.265039	5.8534219291118801e-02
42334.230544	5.8390720922760389e-02
42380.196050	5.8261416250474471e-02
42426.161555	5.7649719015415130e-02
42472.127061	5.7616416127176377e-02
42518.092566	5.7336378795493935e-02
42564.058072	5.7229344462316811e-02
42610.023577	5.7134383338266315e-02
42655.989083	5.7035017997262495e-02
42701.954588	5.6878984387432587e-02
42747.920094	5.6681386670687513e-02
42793.885599	5.6455457853982441e-02
42839.851105	5.6343330171260024e-02
42885.816610	5.6158817018493741e-02
42931.782115	5.6124906970324309e-02
42977.747621	5.5777762907459616e-02
43023.713126	5.5711777818740309e-02
43069.678632	5.5640709456078678e-02
43115.644137	5.5582066552569385e-02
43161.609643	5.5547108454073325e-02
43207.575148	5.5395480787038640e-02
43253.540654	5.5339508403597776e-02
43299.506159	5.5296942109857285e-02
43345.471665	5.5211722419094528e-02
43391.437170	5.5180761162413598e-02
43437.402676	5.5143976826249955e-02
43483.368181	5.5080051994025860e-02
43529.333687	5.5042658560364291e-02
43575.299192	5.4938385696190840e-02
43621.264698	5.4845491782135533e-02
43667.230203	5.4757876586282409e-02
43713.195709	5.4725078399690909e-02
43759.161214	5.4678065455496659e-02
43805.126720	5.4633120777844289e-02
43851.092225	5.4588733694695288e-02
43897.057731	5.4519879100757201e-02
43943.023236	5.4401252634322050e-02
43988.988741	5.4336330987136278e-02
44034.954247	5.4227954628977282e-02
44080.919752	5.4197236817854572e-02
44126.885258	5.4163555233208482e-02
44172.850763	5.4069506167440141e-02
44218.816269	5.3959161486499381e-02
44264.781774	5.3889160934676827e-02
44310.747280	5.3848594368561688e-02
44356.712785	5.3805402218553129e-02
44402.678291	5.3760098891501684e-02
44448.643796	5.3707209116483766e-02
44494.609302	5.3620764194572790e-02
44540.574807	5.3596906057983403e-02
44586.540313	5.3507612178451840e-02
44632.505818	5.3473128011178400e-02
44678.471324	5.3361335339690098e-02
44724.436829	5.3330744261766268e-02
44770.402335	5.3281237137936997e-02
44816.367840	5.3231856449139525e-02
44862.333346	5.3097690727932328e-02
44908.298851	5.2981877008499573e-02
44954.264356	5.2924144437008956e-02
45000.229862	5.2863071384615892e-02
45046.195367	5.2790287918866342e-02
45092.160873	5.2741772269033878e-02
45138.126378	5.2675583820442323e-02
45184.091884	5.2594241060527520e-02
45230.057389	5.2555734911095928e-02
45276.022895	5.2513124458220518e-02
45321.988400	5.2428804658849699e-02
45367.953906	5.2394206469517091e-02
45413.919411	5.2339380288688737e-02
45459.884917	5.2296430918458404e-02
45505.850422	5.2247055884647883e-02
45551.815928	5.2203649993348790e-02
45597.781433	5.2161973379178293e-02
45643.746939	5.1963910436136455e-02
45689.712444	5.1895507894563424e-02
45735.677950	5.1781194073167967e-02
45781.643455	5.1658961248870643e-02
45827.608961	5.1604117801621503e-02
45873.574466	5.1528779799934754e-02
45919.539971	5.1451052094489122e-02
45965.505477	5.1431208177815081e-02
46011.470982	5.1299909038376064e-02
46057.436488	5.1238687808155790e-02
46103.401993	5.1217821483229495e-02
46149.367499	5.1186623429999127e-02
46195.333004	5.1154058258110806e-02
46241.298510	5.1094545673108949e-02
46287.264015	5.1003716171244953e-02
46333.229521	5.0973597283035403e-02
46379.195026	5.0884431099418523e-02
46425.160532	5.0699143249349821e-02
46471.126037	5.0649801369125863e-02
46517.091543	5.0582038165286135e-02
46563.057048	5.0465284926301111e-02
46609.022554	5.0379499251912561e-02
46654.988059	5.0275667941636140e-02
46700.953565	5.0205815919671652e-02
46746.919070	5.0091463164894594e-02
46792.884576	5.0024701344379960e-02
46838.850081	4.9978034524136516e-02
46884.815587	4.9937965916963194e-02
46930.781092	4.9888484634357563e-02
46976.746597	4.9826435831101773e-02
47022.712103	4.9709946381647843e-02
47068.677608	4.9669603876649891e-02
47114.643114	4.9624983872402488e-02
47160.608619	4.9512586098299241e-02
47206.574125	4.9394996318634504e-02
47252.539630	4.9329911768406995e-02
47298.505136	4.9211515916736982e-02
47344.470641	4.9139674484586650e-02
47390.436147	4.9078766467350855e-02
47436.401652	4.9035523994548504e-02
47482.367158	4.8943025385867728e-02
47528.332663	4.8893599308933548e-02
47574.298169	4.8805601603016550e-02
47620.263674	4.8748324630232404e-02
47666.229180	4.8713214362799961e-02
47712.194685	4.8565193919595510e-02
47758.160191	4.8458002615568707e-02
47804.125696	4.8393709920609436e-02
47850.091202	4.8355033295799849e-02
47896.056707	4.8298949218286612e-02
47942.022212	4.8261609868945128e-02
47987.987718	4.8155309010994893e-02
48033.953223	4.8082809455398869e-02
48079.918729	4.8034233313988206e-02
48125.884234	4.7969959012391816e-02
48171.849740	4.7890953940277835e-02
48217.815245	4.7816412772383049e-02
48263.780751	4.7623909113995222e-02
48309.746256	4.7594330631546153e-02
48355.711762	4.7538939904007725e-02
48401.677267	4.7514700244308816e-02
48447.642773	4.7217930887305380e-02
48493.608278	4.7154846777425936e-02
48539.573784	4.7075058116170819e-02
48585.539289	4.6885929242452377e-02
48631.504795	4.6797081898345382e-02
48677.470300	4.6742959049449528e-02
48723.435806	4.6625725624218309e-02
48769.401311	4.6592560147071888e-02
48815.366817	4.6381069153570799e-02
48861.332322	4.6343932784210666e-02
48907.297828	4.6293678876956741e-02
48953.263333	4.6244680072299420e-02
48999.228838	4.6201698511066855e-02
49045.194344	4.6097778655190595e-02
49091.159849	4.6004786467029761e-02
49137.125355	4.5976558499269904e-02
49183.090860	4.5936136798315250e-02
49229.056366	4.5768169742601457e-02
49275.021871	4.5599038144763980e-02
49320.987377	4.5558186907180775e-02
49366.952882	4.5499732424802708e-02
49412.918388	4.5463256807303939e-02
49458.883893	4.5378930618822449e-02
49504.849399	4.5328964077607746e-02
49550.814904	4.5284815863754921e-02
49596.780410	4.5163026704170509e-02
49642.745915	4.5113970183321785e-02
49688.711421	4.4980004755945102e-02
49734.676926	4.4786585502631794e-02
49780.642432	4.4651193594490206e-02
49826.607937	4.4514115890169868e-02
49872.573443	4.4465248212892265e-02
49918.538948	4.4410788942727888e-02
49964.504453	4.4176316486934958e-02
50010.469959	4.4129920539655525e-02
50056.435464	4.4056844216622787e-02
50102.400970	4.4022054185093910e-02
50148.366475	4.3948892843766865e-02
50194.331981	4.3884077978778753e-02
50240.297486	4.3788454826260814e-02
50286.262992	4.3739140536598685e-02
50332.228497	4.3689683377380446e-02
50378.194003	4.3642490451462068e-02
50424.159508	4.3563283693000755e-02
50470.125014	4.3528095899296029e-02
50516.090519	4.3480664872776527e-02
50562.056025	4.3415401062712008e-02
50608.021530	4.3247754280470931e-02
50653.987036	4.3192103789908315e-02
50699.952541	4.2890607915050609e-02
50745.918047	4.2775132131801626e-02
50791.883552	4.2649261653095738e-02
50837.849058	4.2590638960888424e-02
50883.814563	4.2515878870237105e-02
50929.780068	4.2440739108250886e-02
50975.745574	4.2384871243142060e-02
51021.711079	4.2345094679378158e-02
51067.676585	4.2242156764809809e-02
51113.642090	4.2203015933940650e-02
51159.607596	4.1952454596619351e-02
51205.573101	4.1776840595754657e-02
51251.538607	4.1582629914388970e-02
51297.504112	4.1474686245373697e-02
51343.469618	4.1443682358786829e-02
51389.435123	4.1308169500056925e-02
51435.400629	4.1253254635239461e-02
51481.366134	4.1113058628227332e-02
51527.331640	4.1091154052941115e-02
51573.297145	4.1039530366028663e-02
51619.262651	4.0974008985373123e-02
51665.228156	4.0878189268268729e-02
51711.193662	4.0788200828821709e-02
51757.159167	4.0744131985175215e-02
51803.124673	4.0697897671676905e-02
51849.090178	4.0650427001022511e-02
51895.055684	4.0416171302745607e-02
51941.021189	4.0372635190377794e-02
51986.986694	4.0307780532587982e-02
52032.952200	4.0263129174305579e-02
52078.917705	4.0077717086272759e-02
52124.883211	3.9808967477391134e-02
52170.848716	3.9733508190454611e-02
52216.814222	3.9680501255668944e-02
52262.779727	3.9538714850974516e-02
52308.745233	3.9506722558140091e-02
52354.710738	3.9439578126952944e-02
52400.676244	3.9378367300076510e-02
52446.641749	3.9292416434140817e-02
52492.607255	3.9192703809090117e-02
52538.572760	3.9078511729386214e-02
52584.538266	3.9051177770889671e-02
52630.503771	3.8972892991984413e-02
52676.469277	3.8902667656671885e-02
52722.434782	3.8756585415722286e-02
52768.400288	3.8714021049090275e-02
52814.365793	3.8661583420508280e-02
52860.331299	3.8496934930345984e-02
52906.296804	3.8434894282129400e-02
52952.262309	3.8379410253003447e-02
52998.227815	3.8247845167812849e-02
53044.193320	3.8080031115691859e-02
53090.158826	3.7879164660547339e-02
53136.124331	3.7797749310450560e-02
53182.089837	3.7754957421641172e-02
53228.055342	3.7676680543188332e-02
53274.020848	3.7642444611615339e-02
53319.986353	3.7541034701184403e-02
53365.951859	3.7352459110562439e-02
53411.917364	3.7267161237925228e-02
53457.882870	3.7214860892352118e-02
53503.848375	3.7161591672048168e-02
53549.813881	3.7033995932474383e-02
53595.779386	3.6995632294144196e-02
53641.744892	3.6948045146867670e-02
53687.710397	3.6833786795902622e-02
53733.675903	3.6789362303601518e-02
53779.641408	3.6735414915584755e-02
53825.606914	3.6681947399458181e-02
53871.572419	3.6612787593445009e-02
53917.537924	3.6551100490207926e-02
53963.503430	3.6452259466678558e-02
54009.468935	3.6403045061470393e-02
54055.434441	3.6370345839340061e-02
54101.399946	3.6301011408086850e-02
54147.365452	3.6179699886828946e-02
54193.330957	3.6115723196410904e-02
54239.296463	3.6079586794485960e-02
54285.261968	3.6035372705846620e-02
54331.227474	3.5783133973554142e-02
54377.192979	3.5721373267690176e-02
54423.158485	3.5651034566150194e-02
54469.123990	3.5493043483488446e-02
54515.089496	3.5458981633631821e-02
54561.055001	3.5424663932429469e-02
54607.020507	3.5351871256817456e-02
54652.986012	3.5305279358409228e-02
54698.951518	3.5161897384718858e-02
54744.917023	3.5107375295391076e-02
54790.882529	3.4930378046659834e-02
54836.848034	3.4864516403037359e-02
54882.813540	3.4788902702595187e-02
54928.779045	3.4736035190505131e-02
54974.744550	3.4681601354540237e-02
55020.710056	3.4562577719986803e-02
55066.675561	3.4476024349888050e-02
55112.641067	3.4421191717904295e-02
55158.606572	3.4384049117796599e-02
55204.572078	3.4328062028171874e-02
55250.537583	3.4287197853903405e-02
55296.503089	3.4160430940946965e-02
55342.468594	3.4066038410391665e-02
55388.434100	3.3852132803238795e-02
55434.399605	3.3811970226278722e-02
55480.365111	3.3715196951836314e-02
55526.330616	3.3589123382073066e-02
55572.296122	3.3416167869866731e-02
55618.261627	3.3371193534564754e-02
55664.227133	3.3254828920189529e-02
55710.192638	3.3205681615095399e-02
55756.158144	3.3171968930178167e-02
55802.123649	3.3078439569163565e-02
55848.089155	3.2998677126602989e-02
55894.054660	3.2899131480894316e-02
55940.020165	3.2805099184052333e-02
55985.985671	3.2742437612753666e-02
56031.951176	3.2696853033494136e-02
56077.916682	3.2611515820824416e-02
56123.882187	3.2460275235477197e-02
56169.847693	3.2382946351840185e-02
56215.813198	3.2241089220740385e-02
56261.778704	3.2200971255827632e-02
56307.744209	3.2119131622394645e-02
56353.709715	3.2052931758789073e-02
56399.675220	3.2008593567425546e-02
56445.640726	3.1957916431923611e-02
56491.606231	3.1896022027031658e-02
56537.571737	3.1843880128212848e-02
56583.537242	3.1791744637503651e-02
56629.502748	3.1745072764579454e-02
56675.468253	3.1708194050617436e-02
56721.433759	3.1650795038142131e-02
56767.399264	3.1577688701117816e-02
56813.364770	3.1546484115318255e-02
56859.330275	3.1512477885141207e-02
56905.295780	3.1469806908313053e-02
56951.261286	3.1424527858630667e-02
56997.226791	3.1370542163737310e-02
57043.192297	3.1334333051862125e-02
57089.157802	3.1275514144735186e-02
57135.123308	3.1226842170023399e-02
57181.088813	3.1174604662984013e-02
57227.054319	3.1120258684740606e-02
57273.019824	3.1075382172488730e-02
57318.985330	3.0995812933598217e-02
57364.950835	3.0890094520259915e-02
57410.916341	3.0799412990485234e-02
57456.881846	3.0737290052737547e-02
57502.847352	3.0684531983293479e-02
57548.812857	3.0640854077759530e-02
57594.778363	3.0600413370727560e-02
57640.743868	3.0556877678195087e-02
57686.709374	3.0521979129543363e-02
57732.674879	3.0417185538570823e-02
57778.640385	3.0366737089834412e-02
57824.605890	3.0331280632696186e-02
57870.571396	3.0288100205050333e-02
57916.536901	3.0239466901830724e-02
57962.502406	3.0205736199127937e-02
58008.467912	3.0140019429266123e-02
58054.433417	3.0101377866767823e-02
58100.398923	3.0010158196226995e-02
58146.364428	2.9963052664471780e-02
58192.329934	2.9883405234867801e-02
58238.295439	2.9803654710879542e-02
58284.260945	2.9705183512945831e-02
58330.226450	2.9660531729516462e-02
58376.191956	2.9580830830168998e-02
58422.157461	2.9406321125571320e-02
58468.122967	2.9354336887923268e-02
58514.088472	2.9292117467308944e-02
58560.053978	2.9254602248659795e-02
58606.019483	2.9210779949469051e-02
58651.984989	2.9168558411449375e-02
58697.950494	2.9114896016973459e-02
58743.916000	2.9005159822189021e-02
58789.881505	2.8932588441732583e-02
58835.847011	2.8880034315219519e-02
58881.812516	2.8804938101467489e-02
58927.778021	2.8769761975446978e-02
58973.743527	2.8681700293901470e-02
59019.709032	2.8610972897249273e-02
59065.674538	2.8566058328404503e-02
59111.640043	2.8506859026806063e-02
59157.605549	2.8423752939911034e-02
59203.571054	2.8382530553178211e-02
59249.536560	2.8343832647569130e-02
59295.502065	2.8292686616283640e-02
59341.467571	2.8250098262335974e-02
59387.433076	2.8206302849616970e-02
59433.398582	2.8109299268330754e-02
59479.364087	2.8054930580082946e-02
59525.329593	2.8005827778506048e-02
59571.295098	2.7949132570350275e-02
59617.260604	2.7895633619429431e-02
59663.226109	2.7839145452754652e-02
59709.191615	2.7796781411774350e-02
59755.157120	2.7751106373037571e-02
59801.122626	2.7699377720176874e-02
59847.088131	2.7632289326213068e-02
59893.053637	2.7501144331258737e-02
59939.019142	2.7455624378769701e-02
59984.984647	2.7411114827789317e-02
60030.950153	2.7348004106458532e-02
60076.915658	2.7310734439936320e-02
60122.881164	2.7261823161866254e-02
60168.846669	2.7200599349725334e-02
60214.812175	2.7159300422040906e-02
60260.777680	2.7108636699674993e-02
60306.743186	2.7009983512273000e-02
60352.708691	2.6926187488411853e-02
60398.674197	2.6893767580654777e-02
60444.639702	2.6828447510077021e-02
60490.605208	2.6763716311516535e-02
60536.570713	2.6724092256434150e-02
60582.536219	2.6685372055632085e-02
60628.501724	2.6624824324741878e-02
60674.467230	2.6502373300848401e-02
60720.432735	2.6457416755042717e-02
60766.398241	2.6404318038054469e-02
60812.363746	2.6308605149147256e-02
60858.329252	2.6229198688120563e-02
60904.294757	2.6181096730919482e-02
60950.260262	2.6098234444915908e-02
60996.225768	2.6046958919581340e-02
61042.191273	2.5933798386338570e-02
61088.156779	2.5895359263168348e-02
61134.122284	2.5826738750654964e-02
61180.087790	2.5782900725742831e-02
61226.053295	2.5711171065684938e-02
61272.018801	2.5653647394684898e-02
61317.984306	2.5554273062537197e-02
61363.949812	2.5405037164247607e-02
61409.915317	2.5319566779376832e-02
61455.880823	2.5288034969277284e-02
61501.846328	2.5252343087385033e-02
61547.811834	2.5186694847843430e-02
61593.777339	2.5119474252561603e-02
61639.742845	2.5054715181492694e-02
61685.708350	2.4989207239600474e-02
61731.673856	2.4908812140916094e-02
61777.639361	2.4844575736730524e-02
61823.604867	2.4739094152979531e-02
61869.570372	2.4668319160334674e-02
61915.535877	2.4510509918010806e-02
61961.501383	2.4426030920271791e-02
62007.466888	2.4358971536856264e-02
62053.432394	2.4308045684642076e-02
62099.397899	2.4210399511121587e-02
62145.363405	2.4156696147024190e-02
62191.328910	2.4102763819583765e-02
62237.294416	2.4044249921350725e-02
62283.259921	2.3975666522183643e-02
62329.225427	2.3933031369657250e-02
62375.190932	2.3867886361818195e-02
62421.156438	2.3807175375697629e-02
62467.121943	2.3768965024729173e-02
62513.087449	2.3726291000838843e-02
62559.052954	2.3649129677071917e-02
62605.018460	2.3599526038813892e-02
62650.983965	2.3493379559540915e-02
62696.949471	2.3398356929230417e-02
62742.914976	2.3251818450784202e-02
62788.880482	2.3148210570662488e-02
62834.845987	2.2997661134668040e-02
62880.811493	2.2963257717433072e-02
62926.776998	2.2937437610788300e-02
62972.742503	2.2872667741337616e-02
63018.708009	2.2777865713844110e-02
63064.673514	2.2732836495845267e-02
63110.639020	2.2670249643808791e-02
63156.604525	2.2570623625286126e-02
63202.570031	2.2524349148504926e-02
63248.535536	2.2380952664701914e-02
63294.501042	2.2314525356814559e-02
63340.466547	2.2182596858118887e-02
63386.432053	2.2092656162481242e-02
63432.397558	2.2036771644698003e-02
63478.363064	2.1978880847887298e-02
63524.328569	2.1893354025019813e-02
63570.294075	2.1786526512534272e-02
63616.259580	2.1734560607536604e-02
63662.225086	2.1646661612812503e-02
63708.190591	2.1609379911144692e-02
63754.156097	2.1568106585514304e-02
63800.121602	2.1523966851713514e-02
63846.087108	2.1477489904643810e-02
63892.052613	2.1428664340575325e-02
63938.018118	2.1381805154677667e-02
63983.983624	2.1289708827945130e-02
64029.949129	2.1200046559497716e-02
64075.914635	2.1165267103081507e-02
64121.880140	2.1134058578055059e-02
64167.845646	2.1068969759449527e-02
64213.811151	2.0980480279104416e-02
64259.776657	2.0928845604496513e-02
64305.742162	2.0826784629604429e-02
64351.707668	2.0785556586716034e-02
64397.673173	2.0747647711652367e-02
64443.638679	2.0694404820523555e-02
64489.604184	2.0650081504606000e-02
64535.569690	2.0549496947766015e-02
64581.535195	2.0471842105576846e-02
64627.500701	2.0425797711891864e-02
64673.466206	2.0370915928366387e-02
64719.431712	2.0297478371873109e-02
64765.397217	2.0243808184661653e-02
64811.362723	2.0161092390981149e-02
64857.328228	2.0119846112965713e-02
64903.293733	1.9977013543835142e-02
64949.259239	1.9883480105220435e-02
64995.224744	1.9806207730752493e-02
65041.190250	1.9768163300225541e-02
65087.155755	1.9710615422342519e-02
65133.121261	1.9630510367017701e-02
65179.086766	1.9563618437986735e-02
65225.052272	1.9520468950305413e-02
65271.017777	1.9449726216587342e-02
65316.983283	1.9397024526049366e-02
65362.948788	1.9321756306779635e-02
65408.914294	1.9260695354542671e-02
65454.879799	1.9202618659935257e-02
65500.845305	1.9148616196383465e-02
65546.810810	1.9078741217284385e-02
65592.776316	1.9045093363641082e-02
65638.741821	1.8975462447863040e-02
65684.707327	1.8936767160361676e-02
65730.672832	1.8891272235112593e-02
65776.638338	1.8830616109491591e-02
65822.603843	1.8711134224154949e-02
65868.569349	1.8630786290812315e-02
65914.534854	1.8600580668191296e-02
65960.500359	1.8515378087553609e-02
66006.465865	1.8462278962151343e-02
66052.431370	1.8428728666284210e-02
66098.396876	1.8382149227407878e-02
66144.362381	1.8320514572015629e-02
66190.327887	1.8274478058092111e-02
66236.293392	1.8174250179738914e-02
66282.258898	1.8112165330549941e-02
66328.224403	1.8045764120390755e-02
66374.189909	1.7986834121506770e-02
66420.155414	1.7882820724980639e-02
66466.120920	1.7785234469156953e-02
66512.086425	1.7736103123509463e-02
66558.051931	1.7618752864868387e-02
66604.017436	1.7566439527677859e-02
66649.982942	1.7460372854951500e-02
66695.948447	1.7404157218318478e-02
66741.913953	1.7356180756139733e-02
66787.879458	1.7302754241745856e-02
66833.844964	1.7162995178319075e-02
66879.810469	1.7112075187063574e-02
66925.775974	1.6974087995719200e-02
66971.741480	1.6855679911763601e-02
67017.706985	1.6773048414933246e-02
67063.672491	1.6711994068597594e-02
67109.637996	1.6667275299604514e-02
67155.603502	1.6616964916819625e-02
67201.569007	1.6518556148952208e-02
67247.534513	1.6464364606445587e-02
67293.500018	1.6389484702051232e-02
67339.465524	1.6333959897033377e-02
67385.431029	1.6288404982715401e-02
67431.396535	1.6231590088138650e-02
67477.362040	1.6168828659025088e-02
67523.327546	1.6123580070194841e-02
67569.293051	1.6076008044125938e-02
67615.258557	1.5951182981279118e-02
67661.224062	1.5902364692344840e-02
67707.189568	1.5871126507888085e-02
67753.155073	1.5733050426067062e-02
67799.120579	1.5683207777330191e-02
67845.086084	1.5607103310140013e-02
67891.051589	1.5506931210226872e-02
67937.017095	1.5450593512776042e-02
67982.982600	1.5404520129850508e-02
68028.948106	1.5344348461000090e-02
68074.913611	1.5215842418438662e-02
68120.879117	1.5082778588822289e-02
68166.844622	1.5038415943050967e-02
68212.810128	1.5008199267759235e-02
68258.775633	1.4937619853274266e-02
68304.741139	1.4851094238468119e-02
68350.706644	1.4789146722329812e-02
68396.672150	1.4748902218748004e-02
68442.637655	1.4670667345495120e-02
68488.603161	1.4616705837684383e-02
68534.568666	1.4513270560828215e-02
68580.534172	1.4471543505097672e-02
68626.499677	1.4363771829142256e-02
68672.465183	1.4314142628850130e-02
68718.430688	1.4230955818119126e-02
68764.396194	1.4160477668295734e-02
68810.361699	1.4101586334873354e-02
68856.327205	1.4043617775764159e-02
68902.292710	1.4006152028401686e-02
68948.258215	1.3965170319522133e-02
68994.223721	1.3917597301709630e-02
69040.189226	1.3846715415486158e-02
69086.154732	1.3796015553808064e-02
69132.120237	1.3710011355025382e-02
69178.085743	1.3585599627617980e-02
69224.051248	1.3543007866289983e-02
69270.016754	1.3467004442375358e-02
69315.982259	1.3373439009757066e-02
69361.947765	1.3292196307808786e-02
69407.913270	1.3252149117390649e-02
69453.878776	1.3209238685183313e-02
69499.844281	1.3163660713221817e-02
69545.809787	1.3093769301974879e-02
69591.775292	1.3048043934340742e-02
69637.740798	1.3001554312108279e-02
69683.706303	1.2905052603529990e-02
69729.671809	1.2815427103183554e-02
69775.637314	1.2730136198939783e-02
69821.602820	1.2686964322111138e-02
69867.568325	1.2630736794452193e-02
69913.533830	1.2438958255828792e-02
69959.499336	1.2293290204549907e-02
70005.464841	1.2226241352170779e-02
70051.430347	1.2177024505492051e-02
70097.395852	1.2130439029282000e-02
70143.361358	1.2082154658546035e-02
70189.326863	1.1947252214275528e-02
70235.292369	1.1883550056376015e-02
70281.257874	1.1833783943046006e-02
70327.223380	1.1793789666650711e-02
70373.188885	1.1731198815696684e-02
70419.154391	1.1636865461758836e-02
70465.119896	1.1572281922488726e-02
70511.085402	1.1518645395314048e-02
70557.050907	1.1440560115338129e-02
70603.016413	1.1376640805506747e-02
70648.981918	1.1334206763288515e-02
70694.947424	1.1280008195819537e-02
70740.912929	1.1244369731704916e-02
70786.878435	1.1082629863382494e-02
70832.843940	1.1031139308240536e-02
70878.809445	1.0971282016899611e-02
70924.774951	1.0927570610376190e-02
70970.740456	1.0891663899757485e-02
71016.705962	1.0836443440844383e-02
71062.671467	1.0754015122230856e-02
71108.636973	1.0694911475829971e-02
71154.602478	1.0621744048429025e-02
71200.567984	1.0542253667717407e-02
71246.533489	1.0438876574498898e-02
71292.498995	1.0297140231195634e-02
71338.464500	1.0162135597780746e-02
71384.430006	1.0111028251930316e-02
71430.395511	9.9898447002974896e-03
71476.361017	9.9063178483814966e-03
71522.326522	9.8309916753048111e-03
71568.292028	9.7909079834081064e-03
71614.257533	9.7402860359936810e-03
71660.223039	9.6684470674701373e-03
71706.188544	9.5727213864396071e-03
71752.154050	9.5321012015347831e-03
71798.119555	9.4783497115726104e-03
71844.085061	9.4130508482916115e-03
71890.050566	9.3602829288444642e-03
71936.016071	9.3214638276099323e-03
71981.981577	9.2615937626259418e-03
72027.947082	9.2148677763423167e-03
72073.912588	9.0883192946277103e-03
72119.878093	9.0018417311667417e-03
72165.843599	8.9072145834387280e-03
72211.809104	8.8265362539232811e-03
72257.774610	8.7360222192579377e-03
72303.740115	8.6242272952682004e-03
72349.705621	8.5272625708616764e-03
72395.671126	8.4470057715669532e-03
72441.636632	8.2647769797894212e-03
72487.602137	8.1733687901104166e-03
72533.567643	8.0690336736630140e-03
72579.533148	8.0288094716927348e-03
72625.498654	7.9784813180684751e-03
72671.464159	7.8977902149100117e-03
72717.429665	7.8324402570567973e-03
72763.395170	7.7446853292906402e-03
72809.360676	7.6992367073122044e-03
72855.326181	7.6087482199329445e-03
72901.291686	7.4862745303519093e-03
72947.257192	7.4100158813324149e-03
72993.222697	7.3608245819397709e-03
73039.188203	7.3121442282692113e-03
73085.153708	7.2648817489773697e-03
73131.119214	7.1753768321131325e-03
73177.084719	7.1099119114724748e-03
73223.050225	7.0464907737200645e-03
73269.015730	7.0088468476462960e-03
73314.981236	6.9699894254825687e-03
73360.946741	6.8842016387464094e-03
73406.912247	6.7979540008606685e-03
73452.877752	6.7402426815558487e-03
73498.843258	6.6329313062836737e-03
73544.808763	6.5745429838972086e-03
73590.774269	6.5157714522191173e-03
73636.739774	6.4798902888886208e-03
73682.705280	6.2733149334664572e-03
73728.670785	6.1560656639005401e-03
73774.636291	5.9158573063248831e-03
73820.601796	5.8611477931371052e-03
73866.567302	5.7712852142726917e-03
73912.532807	5.6153318062620063e-03
73958.498312	5.5194656151636044e-03
74004.463818	5.4430920033611612e-03
74050.429323	5.3443772898623581e-03
74096.394829	5.2044164829516170e-03
74142.360334	5.0997492517910392e-03
74188.325840	5.0598827118285734e-03
74234.291345	4.7626144907437096e-03
74280.256851	4.7083265077766077e-03
74326.222356	4.6597227959671965e-03
74372.187862	4.4834848427913656e-03
74418.153367	4.4054123364631534e-03
74464.118873	4.2923400481749445e-03
74510.084378	4.2076124738170831e-03
74556.049884	4.1323501689600767e-03
74602.015389	4.0888814616572185e-03
74647.980895	4.0073600717052049e-03
74693.946400	3.9577855630239323e-03
74739.911906	3.8891144579812952e-03
74785.877411	3.7745348798130561e-03
74831.842917	3.6807124716028527e-03
74877.808422	3.6109939278300093e-03
74923.773927	3.5286933456518746e-03
74969.739433	3.4657065117669754e-03
75015.704938	3.4024131104488440e-03
75061.670444	3.2648154274984901e-03
75107.635949	3.1615277497843387e-03
75153.601455	3.1103309884340942e-03
75199.566960	3.0481361204164970e-03
75245.532466	2.9867332182681350e-03
75291.497971	2.9283959904520943e-03
75337.463477	2.8401556642525922e-03
75383.428982	2.7953712717141391e-03
75429.394488	2.6944467179645317e-03
75475.359993	2.6589870848536964e-03
75521.325499	2.6040476460893395e-03
75567.291004	2.5166759276173201e-03
75613.256510	2.3927715900181287e-03
75659.222015	2.3287884119733522e-03
75705.187521	2.2415444299318421e-03
75751.153026	2.1931578700529002e-03
75797.118532	2.1210378813843350e-03
75843.084037	1.9986152863791392e-03
75889.049542	1.7559799366165542e-03
75935.015048	1.7090240247593941e-03
75980.980553	1.6770388225588770e-03
76026.946059	1.6102837639729128e-03
76072.911564	1.4804907769289178e-03
76118.877070	1.3812906649927092e-03
76164.842575	1.3190957969760788e-03
76210.808081	1.2504885601476567e-03
76256.773586	1.2104431891819367e-03
76302.739092	1.1290750829453069e-03
76348.704597	1.0708911388467280e-03
76394.670103	1.0059754848601565e-03
76440.635608	9.3745766353314395e-04
76486.601114	9.0238123971431996e-04
76532.566619	7.1817253327189257e-04
76578.532125	5.9323353058739778e-04
76624.497630	3.8182973808877134e-04
76670.463136	2.9167336543288561e-04
76716.428641	1.3499185976597198e-04
76762.394147	5.7749640234837543e-05
76808.359652	3.8320929147970809e-08
