-53315.817406	3.1947490507942939e-03
-53253.750099	4.0305796695776991e-03
-53191.682791	1.0069392377322604e-02
-53129.615483	1.1504785385263621e-02
-53067.548175	1.2010348586290649e-02
-53005.480867	1.2213590074140707e-02
-52943.413560	1.2447317785168286e-02
-52881.346252	1.2693748089186500e-02
-52819.278944	1.3018934469746595e-02
-52757.211636	1.3463525224418585e-02
-52695.144328	1.4233302359650708e-02
-52633.077021	1.4644866372547074e-02
-52571.009713	1.4751568153668335e-02
-52508.942405	1.5142808017779712e-02
-52446.875097	1.6761118364785804e-02
-52384.807789	1.9746227717585156e-02
-52322.740482	2.6094983694307069e-02
-52260.673174	2.8589772957668753e-02
-52198.605866	2.8620259180846309e-02
-52136.538558	2.8892094670846011e-02
-52074.471250	2.9384955278882834e-02
-52012.403942	2.9527224320378003e-02
-51950.336635	3.0850834510002714e-02
-51888.269327	3.1988986841964065e-02
-51826.202019	3.2118553290468560e-02
-51764.134711	3.2913735611682642e-02
-51702.067403	3.4097617278410292e-02
-51640.000096	3.6356138312146111e-02
-51577.932788	3.7966827103359260e-02
-51515.865480	3.8975412986815026e-02
-51453.798172	3.9829027235784520e-02
-51391.730864	4.0187240358119949e-02
-51329.663557	4.0225348137091783e-02
-51267.596249	4.0423508587745412e-02
-51205.528941	4.0502264664287260e-02
-51143.461633	4.3558508537829790e-02
-51081.394325	4.5100603326890761e-02
-51019.327018	4.6119351284738264e-02
-50957.259710	4.6327673809784385e-02
-50895.192402	4.7359124360622520e-02
-50833.125094	4.7765607336322277e-02
-50771.057786	4.7808796152490396e-02
-50708.990479	4.8403277504451295e-02
-50646.923171	4.8733544922207342e-02
-50584.855863	4.8743706996599842e-02
-50522.788555	4.9305161606785108e-02
-50460.721247	5.0715149428743660e-02
-50398.653940	5.0699906317154923e-02
-50336.586632	5.0618609722014971e-02
-50274.519324	5.1332495448087649e-02
-50212.452016	5.2991454092662302e-02
-50150.384708	5.3570692333034457e-02
-50088.317400	5.5552296839570775e-02
-50026.250093	5.6116291968354187e-02
-49964.182785	5.9208103102270447e-02
-49902.115477	5.9335129032176623e-02
-49840.048169	6.0224310541519839e-02
-49777.980861	6.0216688985725492e-02
-49715.913554	6.6390149179165553e-02
-49653.846246	6.6606093260006036e-02
-49591.778938	6.6900793417388360e-02
-49529.711630	6.7876352559067779e-02
-49467.644322	6.8183755309440736e-02
-49405.577015	6.9372718013362519e-02
-49343.509707	6.9565797426819911e-02
-49281.442399	6.9629310391772975e-02
-49219.375091	7.0833516207283509e-02
-49157.307783	7.2017397874009056e-02
-49095.240476	7.3483277105126324e-02
-49033.173168	7.3795760892695489e-02
-48971.105860	7.7393135227638341e-02
-48909.038552	8.0175003092583574e-02
-48846.971244	8.1211534680617953e-02
-48784.903937	8.1760286697812629e-02
-48722.836629	8.1856826404541325e-02
-48660.769321	8.2555469019025260e-02
-48598.702013	8.4095023289488133e-02
-48536.634705	8.5820035417613960e-02
-48474.567397	8.7854990814710890e-02
-48412.500090	8.8383418683120565e-02
-48350.432782	9.0370104226853099e-02
-48288.365474	9.0413293043021217e-02
-48226.298166	9.1444743593859346e-02
-48164.230858	9.1780092048811643e-02
-48102.163551	9.3868398336469150e-02
-48040.096243	9.3916668189833477e-02
-47978.028935	9.5984650328706025e-02
-47915.961627	9.7077073325899099e-02
-47853.894319	9.7140586290852204e-02
-47791.827012	9.7989119502625441e-02
-47729.759704	9.8067875579167282e-02
-47667.692396	1.0020240224093425e-01
-47605.625088	1.0016089014703593e-01
-47543.557780	1.0034307090638150e-01
-47481.490473	1.0128562148008663e-01
-47419.423165	1.0156207884841593e-01
-47357.355857	1.0461164130871393e-01
-47295.288549	1.0465669705001529e-01
-47233.221241	1.0466322825901485e-01
-47171.153934	1.0439030848015461e-01
-47109.086626	1.0522059890287483e-01
-47047.019318	1.0750795126233202e-01
-46984.952010	1.0796920501072704e-01
-46922.884702	1.0882120311676441e-01
-46860.817394	1.0935192802360352e-01
-46798.750087	1.0932467408629028e-01
-46736.682779	1.0939956668903930e-01
-46674.615471	1.0954225613488039e-01
-46612.548163	1.0946788692135119e-01
-46550.480855	1.1068205249252305e-01
-46488.413548	1.1138743469267162e-01
-46426.346240	1.1328776442888545e-01
-46364.278932	1.1564354116834698e-01
-46302.211624	1.1585063160720467e-01
-46240.144316	1.1705436614798161e-01
-46178.077009	1.1781770900115333e-01
-46116.009701	1.1854278175524081e-01
-46053.942393	1.1966322921015198e-01
-45991.875085	1.1975362176462467e-01
-45929.807777	1.1958149528096340e-01
-45867.740470	1.2122045325415898e-01
-45805.673162	1.2370912565492834e-01
-45743.605854	1.2508212293191354e-01
-45681.538546	1.2514382619607811e-01
-45619.471238	1.2526619408008616e-01
-45557.403931	1.2610280745110308e-01
-45495.336623	1.2735666855083519e-01
-45433.269315	1.2780337592827659e-01
-45371.202007	1.2822271948015310e-01
-45309.134699	1.2848427901318968e-01
-45247.067392	1.2856940615472290e-01
-45185.000084	1.2879069177841299e-01
-45122.932776	1.2879850000990495e-01
-45060.865468	1.2900762247996378e-01
-44998.798160	1.3078830735144409e-01
-44936.730852	1.3083678370098384e-01
-44874.663545	1.3091029216435207e-01
-44812.596237	1.3122028950343334e-01
-44750.528929	1.3132072775059897e-01
-44688.461621	1.3141953686845054e-01
-44626.394313	1.3236531647666855e-01
-44564.327006	1.3257518977374227e-01
-44502.259698	1.3311118436007971e-01
-44440.192390	1.3309226332766627e-01
-44378.125082	1.3319990718462157e-01
-44316.057774	1.3328476534387360e-01
-44253.990467	1.3436457468907703e-01
-44191.923159	1.3512654329397722e-01
-44129.855851	1.3603693975787864e-01
-44067.788543	1.3590760524414000e-01
-44005.721235	1.3620085909159937e-01
-43943.653928	1.3649796776682188e-01
-43881.586620	1.3645872795944386e-01
-43819.519312	1.3644881704122200e-01
-43757.452004	1.3659816627177149e-01
-43695.384696	1.3715752925324728e-01
-43633.317389	1.3806545005175769e-01
-43571.250081	1.3866487711659264e-01
-43509.182773	1.3905402543297810e-01
-43447.115465	1.3959698812572435e-01
-43385.048157	1.4018192915261343e-01
-43322.980849	1.4025765468261908e-01
-43260.913542	1.4069572254113144e-01
-43198.846234	1.4158226167785218e-01
-43136.778926	1.4253176818718302e-01
-43074.711618	1.4300078985759468e-01
-43012.644310	1.4313132172406265e-01
-42950.577003	1.4312051499169481e-01
-42888.509695	1.4322876561592660e-01
-42826.442387	1.4333807703867904e-01
-42764.375079	1.4409000713283349e-01
-42702.307771	1.4425981011653310e-01
-42640.240464	1.4715778950390179e-01
-42578.173156	1.4793681074066678e-01
-42516.105848	1.4796945973210682e-01
-42454.038540	1.4817366775063054e-01
-42391.971232	1.4836907139705238e-01
-42329.903925	1.4899212737713230e-01
-42267.836617	1.4970356649185704e-01
-42205.769309	1.5010908266959258e-01
-42143.702001	1.5016131596421245e-01
-42081.634693	1.5009981032040384e-01
-42019.567386	1.5047847042937174e-01
-41957.500078	1.5067890984317212e-01
-41895.432770	1.5067924215122294e-01
-41833.365462	1.5045159968744848e-01
-41771.298154	1.5223089529096573e-01
-41709.230846	1.5232678947993408e-01
-41647.163539	1.5264772414686903e-01
-41585.096231	1.5364913518396858e-01
-41523.028923	1.5528803046455411e-01
-41460.961615	1.5553944246952947e-01
-41398.894307	1.5600904051347123e-01
-41336.827000	1.5627205729670365e-01
-41274.759692	1.5662085680750767e-01
-41212.692384	1.5700783232537557e-01
-41150.625076	1.5747215235082496e-01
-41088.557768	1.5903082008957461e-01
-41026.490461	1.5929697383529448e-01
-40964.423153	1.5936886813367002e-01
-40902.355845	1.5937161221958790e-01
-40840.288537	1.5999001024008139e-01
-40778.221229	1.6048978294620106e-01
-40716.153922	1.6050766489067211e-01
-40654.086614	1.6067991786236646e-01
-40592.019306	1.6113052213146845e-01
-40529.951998	1.6099118858577996e-01
-40467.884690	1.6137317362083559e-01
-40405.817383	1.6136969194170978e-01
-40343.750075	1.6134973269419356e-01
-40281.682767	1.6132547620100937e-01
-40219.615459	1.6155445256869336e-01
-40157.548151	1.6187822854526757e-01
-40095.480843	1.6221922560674112e-01
-40033.413536	1.6354342482960363e-01
-39971.346228	1.6387005860460349e-01
-39909.278920	1.6394562514889821e-01
-39847.211612	1.6439011418358498e-01
-39785.144304	1.6448194806323194e-01
-39723.076997	1.6510097472220706e-01
-39661.009689	1.6563981175642900e-01
-39598.942381	1.6601181509214200e-01
-39536.875073	1.6591080256093618e-01
-39474.807765	1.6617978248570955e-01
-39412.740458	1.6597520261661211e-01
-39350.673150	1.6621950327871185e-01
-39288.605842	1.6662793581066521e-01
-39226.538534	1.6672695312917107e-01
-39164.471226	1.6695450977246271e-01
-39102.403919	1.6675219642709477e-01
-39040.336611	1.6726198435108691e-01
-38978.269303	1.6780431076187907e-01
-38916.201995	1.6791157635755063e-01
-38854.134687	1.6790396828883761e-01
-38792.067380	1.6787374305511507e-01
-38730.000072	1.6799107182178782e-01
-38667.932764	1.6801124151801758e-01
-38605.865456	1.6888357953993396e-01
-38543.798148	1.7034081162870582e-01
-38481.730841	1.7093894600973092e-01
-38419.663533	1.7098162111354623e-01
-38357.596225	1.7152558666629542e-01
-38295.528917	1.7226118681594815e-01
-38233.461609	1.7238165576004102e-01
-38171.394301	1.7301728348978715e-01
-38109.326994	1.7295722162579455e-01
-38047.259686	1.7433485473423871e-01
-37985.192378	1.7488565522810637e-01
-37923.125070	1.7538572367348695e-01
-37861.057762	1.7609718600934518e-01
-37798.990455	1.7651216841187140e-01
-37736.923147	1.7665500072759979e-01
-37674.855839	1.7684467948727858e-01
-37612.788531	1.7687390801160183e-01
-37550.721223	1.7700834766849008e-01
-37488.653916	1.7837997779801104e-01
-37426.586608	1.7861599010084273e-01
-37364.519300	1.7858830700912773e-01
-37302.451992	1.7863396700106904e-01
-37240.384684	1.7938524599160813e-01
-37178.317377	1.7950163570114389e-01
-37116.250069	1.7987124212149985e-01
-37054.182761	1.8031789452314498e-01
-36992.115453	1.8037517671895578e-01
-36930.048145	1.8041002715886167e-01
-36867.980838	1.8041260815273408e-01
-36805.913530	1.8058183095322838e-01
-36743.846222	1.8073004485805114e-01
-36681.778914	1.8108913064537413e-01
-36619.711606	1.8116271385301563e-01
-36557.644298	1.8134676268563518e-01
-36495.576991	1.8229943591109268e-01
-36433.509683	1.8248669241816154e-01
-36371.442375	1.8248522149045879e-01
-36309.375067	1.8249266587581409e-01
-36247.307759	1.8254739958580943e-01
-36185.240452	1.8256400240241202e-01
-36123.173144	1.8290686358169819e-01
-36061.105836	1.8312213195677809e-01
-35999.038528	1.8325858832572142e-01
-35936.971220	1.8322190892977425e-01
-35874.903913	1.8337162650615021e-01
-35812.836605	1.8353779115312910e-01
-35750.769297	1.8400717396884816e-01
-35688.701989	1.8409514772713229e-01
-35626.634681	1.8450931047298427e-01
-35564.567374	1.8453858445970314e-01
-35502.500066	1.8447349922636638e-01
-35440.432758	1.8442803888554157e-01
-35378.365450	1.8474722643180064e-01
-35316.298142	1.8579094789771261e-01
-35254.230835	1.8581904687427317e-01
-35192.163527	1.8592126441495910e-01
-35130.096219	1.8603116716295309e-01
-35068.028911	1.8646871271995058e-01
-35005.961603	1.8632160986718146e-01
-34943.894295	1.8629994296814420e-01
-34881.826988	1.8664049921880863e-01
-34819.759680	1.8663310610379141e-01
-34757.692372	1.8665375208649507e-01
-34695.625064	1.8665970977452942e-01
-34633.557756	1.8669840753436934e-01
-34571.490449	1.8685511801914953e-01
-34509.423141	1.8687012383228946e-01
-34447.355833	1.8704017144755944e-01
-34385.288525	1.8726543385413696e-01
-34323.221217	1.8735678420046561e-01
-34261.153910	1.8737263321629807e-01
-34199.086602	1.8770310300127907e-01
-34137.019294	1.8776912021197326e-01
-34074.951986	1.8788815708186779e-01
-34012.884678	1.8930398070373214e-01
-33950.817371	1.8945619803001423e-01
-33888.750063	1.8920332318789393e-01
-33826.682755	1.8996761736103143e-01
-33764.615447	1.8998985861160886e-01
-33702.548139	1.9016587206086794e-01
-33640.480832	1.9014430276542069e-01
-33578.413524	1.9033497850461639e-01
-33516.346216	1.9033140076794799e-01
-33454.278908	1.9042041787841391e-01
-33392.211600	1.9035701300204885e-01
-33330.144293	1.9038670318013545e-01
-33268.076985	1.9101033187441555e-01
-33206.009677	1.9104085208401253e-01
-33143.942369	1.9172170182193962e-01
-33081.875061	1.9134984309335898e-01
-33019.807753	1.9189999519887738e-01
-32957.740446	1.9212973094676680e-01
-32895.673138	1.9262751628966568e-01
-32833.605830	1.9257229970907658e-01
-32771.538522	1.9254805405051748e-01
-32709.471214	1.9270242273896879e-01
-32647.403907	1.9312614718509707e-01
-32585.336599	1.9320401659305064e-01
-32523.269291	1.9343702394223231e-01
-32461.201983	1.9367212711709234e-01
-32399.134675	1.9388364343380338e-01
-32337.067368	1.9385527057597854e-01
-32275.000060	1.9398419712276641e-01
-32212.932752	1.9411830209735692e-01
-32150.865444	1.9418347673473271e-01
-32088.798136	1.9502104813092974e-01
-32026.730829	1.9527830624813669e-01
-31964.663521	1.9529627012408174e-01
-31902.596213	1.9569559560817837e-01
-31840.528905	1.9579376987279937e-01
-31778.461597	1.9624651665278744e-01
-31716.394290	1.9644572905271029e-01
-31654.326982	1.9651400173887457e-01
-31592.259674	1.9669878476379749e-01
-31530.192366	1.9649215588072771e-01
-31468.125058	1.9646810635010184e-01
-31406.057750	1.9668818856628600e-01
-31343.990443	1.9672050457841975e-01
-31281.923135	1.9702109134419032e-01
-31219.855827	1.9705891137770212e-01
-31157.788519	1.9733069376023774e-01
-31095.721211	1.9730949317159938e-01
-31033.653904	1.9745200931704582e-01
-30971.586596	1.9765600803259484e-01
-30909.519288	1.9777197986035472e-01
-30847.451980	1.9779254660029233e-01
-30785.384672	1.9819987420193153e-01
-30723.317365	1.9892949303490040e-01
-30661.250057	1.9917498177654080e-01
-30599.182749	1.9915009214360949e-01
-30537.115441	1.9979275090641066e-01
-30475.048133	1.9975298261531399e-01
-30412.980826	1.9969161470379124e-01
-30350.913518	1.9977507767720692e-01
-30288.846210	2.0001228251817102e-01
-30226.778902	2.0063470546923520e-01
-30164.711594	2.0103728848405814e-01
-30102.644287	2.0157840432346474e-01
-30040.576979	2.0182574889067115e-01
-29978.509671	2.0269679845928912e-01
-29916.442363	2.0296581024251770e-01
-29854.375055	2.0299843298285652e-01
-29792.307747	2.0299167687749056e-01
-29730.240440	2.0300387373590081e-01
-29668.173132	2.0296211448034629e-01
-29606.105824	2.0296709918056419e-01
-29544.038516	2.0347692777419796e-01
-29481.971208	2.0519693298088865e-01
-29419.903901	2.0612756785515884e-01
-29357.836593	2.0658055395007163e-01
-29295.769285	2.0692126066340744e-01
-29233.701977	2.0716303574450756e-01
-29171.634669	2.0746058796167247e-01
-29109.567362	2.0821325898166901e-01
-29047.500054	2.0837642571669066e-01
-28985.432746	2.0897565550048811e-01
-28923.365438	2.0953383749790835e-01
-28861.298130	2.0947155194895661e-01
-28799.230823	2.1056123528230386e-01
-28737.163515	2.1111230894972927e-01
-28675.096207	2.1120373392427541e-01
-28613.028899	2.1127723541125557e-01
-28550.961591	2.1135558079818537e-01
-28488.894284	2.1125380419805387e-01
-28426.826976	2.1175042785349243e-01
-28364.759668	2.1203597321596404e-01
-28302.692360	2.1207404707668057e-01
-28240.625052	2.1204446456035345e-01
-28178.557745	2.1257811117275954e-01
-28116.490437	2.1263791516497116e-01
-28054.423129	2.1289254346485592e-01
-27992.355821	2.1297583177678858e-01
-27930.288513	2.1339179354362139e-01
-27868.221205	2.1382136450284200e-01
-27806.153898	2.1386828517574147e-01
-27744.086590	2.1435704103811731e-01
-27682.019282	2.1465118587439883e-01
-27619.951974	2.1535672351981480e-01
-27557.884666	2.1546347112594702e-01
-27495.817359	2.1533771136525806e-01
-27433.750051	2.1575445089317674e-01
-27371.682743	2.1577573508699918e-01
-27309.615435	2.1637596674883827e-01
-27247.548127	2.1641879017813273e-01
-27185.480820	2.1649319939854725e-01
-27123.413512	2.1676630780717737e-01
-27061.346204	2.1692593709234950e-01
-26999.278896	2.1711800086800864e-01
-26937.211588	2.1712880199108645e-01
-26875.144281	2.1756351109558486e-01
-26813.076973	2.1769400127745706e-01
-26751.009665	2.1759686929494679e-01
-26688.942357	2.1777806399317257e-01
-26626.875049	2.1779919653328189e-01
-26564.807742	2.1813562068618422e-01
-26502.740434	2.1841753587891904e-01
-26440.673126	2.1910333356208342e-01
-26378.605818	2.1917796410696533e-01
-26316.538510	2.1938933279083936e-01
-26254.471202	2.1927229716313570e-01
-26192.403895	2.1951079831093473e-01
-26130.336587	2.1934328009755164e-01
-26068.269279	2.1952025337947559e-01
-26006.201971	2.1968151387464122e-01
-25944.134663	2.1989495659440292e-01
-25882.067356	2.2009127096308762e-01
-25820.000048	2.2053294238302037e-01
-25757.932740	2.2140274322064235e-01
-25695.865432	2.2154181343914212e-01
-25633.798124	2.2166747936824710e-01
-25571.730817	2.2181552787523354e-01
-25509.663509	2.2185404512219367e-01
-25447.596201	2.2241322680899767e-01
-25385.528893	2.2310553900702529e-01
-25323.461585	2.2316889214945457e-01
-25261.394278	2.2398255751488197e-01
-25199.326970	2.2414973647290201e-01
-25137.259662	2.2422151943549110e-01
-25075.192354	2.2456631082249751e-01
-25013.125046	2.2457351845877260e-01
-24951.057739	2.2516718634455468e-01
-24888.990431	2.2585730841929363e-01
-24826.923123	2.2587825814735443e-01
-24764.855815	2.2593326568974137e-01
-24702.788507	2.2577142502942876e-01
-24640.721199	2.2577547717573596e-01
-24578.653892	2.2571549552315195e-01
-24516.586584	2.2579381861520481e-01
-24454.519276	2.2573697601301587e-01
-24392.451968	2.2590382181451479e-01
-24330.384660	2.2568081998091905e-01
-24268.317353	2.2586511898985506e-01
-24206.250045	2.2629698356369229e-01
-24144.182737	2.2637058582499026e-01
-24082.115429	2.2637916991159518e-01
-24020.048121	2.2642417408694074e-01
-23957.980814	2.2731200299799126e-01
-23895.913506	2.2787158735796481e-01
-23833.846198	2.2786856180757423e-01
-23771.778890	2.2791305800473227e-01
-23709.711582	2.2788975910985820e-01
-23647.644275	2.2807917019129140e-01
-23585.576967	2.2803212352886429e-01
-23523.509659	2.2828531522042289e-01
-23461.442351	2.2825630354176160e-01
-23399.375043	2.2863917603648898e-01
-23337.307736	2.2949765436441300e-01
-23275.240428	2.2965317127154200e-01
-23213.173120	2.2965287855174477e-01
-23151.105812	2.3000199608334174e-01
-23089.038504	2.3010260687180695e-01
-23026.971196	2.3023267434094399e-01
-22964.903889	2.3054104937655404e-01
-22902.836581	2.3061271117442314e-01
-22840.769273	2.3075019329191263e-01
-22778.701965	2.3069174586220348e-01
-22716.634657	2.3067980966448245e-01
-22654.567350	2.3078737231705551e-01
-22592.500042	2.3088962592052770e-01
-22530.432734	2.3088022236952860e-01
-22468.365426	2.3088620980158592e-01
-22406.298118	2.3089263359440951e-01
-22344.230811	2.3122553029256754e-01
-22282.163503	2.3245232500691537e-01
-22220.096195	2.3262812569877350e-01
-22158.028887	2.3258229424121846e-01
-22095.961579	2.3314544343461974e-01
-22033.894272	2.3382095139969852e-01
-21971.826964	2.3391084765713646e-01
-21909.759656	2.3392656274055351e-01
-21847.692348	2.3449780732185857e-01
-21785.625040	2.3454215811375828e-01
-21723.557733	2.3461931366426445e-01
-21661.490425	2.3465492410956104e-01
-21599.423117	2.3467540385087560e-01
-21537.355809	2.3464215808178712e-01
-21475.288501	2.3460052357643077e-01
-21413.221194	2.3467813400695250e-01
-21351.153886	2.3487067399393516e-01
-21289.086578	2.3512905798420020e-01
-21227.019270	2.3518570265760130e-01
-21164.951962	2.3531958414378629e-01
-21102.884654	2.3582533746139114e-01
-21040.817347	2.3603571448216690e-01
-20978.750039	2.3594548979923066e-01
-20916.682731	2.3598781412346692e-01
-20854.615423	2.3606091717401709e-01
-20792.548115	2.3631869482598722e-01
-20730.480808	2.3646540275915362e-01
-20668.413500	2.3634184667099065e-01
-20606.346192	2.3639667689109889e-01
-20544.278884	2.3683939520130259e-01
-20482.211576	2.3704455687967252e-01
-20420.144269	2.3726535607172136e-01
-20358.076961	2.3740720239752208e-01
-20296.009653	2.3759865416680140e-01
-20233.942345	2.3720116642262587e-01
-20171.875037	2.3727034131111885e-01
-20109.807730	2.3768317546296158e-01
-20047.740422	2.3772723291427503e-01
-19985.673114	2.3781676787823339e-01
-19923.605806	2.3816985194340759e-01
-19861.538498	2.3816677911615997e-01
-19799.471191	2.3816121589673681e-01
-19737.403883	2.3804637100097698e-01
-19675.336575	2.3807845967829253e-01
-19613.269267	2.3840292831044346e-01
-19551.201959	2.3842817071985409e-01
-19489.134651	2.3845214759352157e-01
-19427.067344	2.3856637505686781e-01
-19365.000036	2.3897224089972841e-01
-19302.932728	2.3908713946459795e-01
-19240.865420	2.3915082892138734e-01
-19178.798112	2.3910588499419494e-01
-19116.730805	2.3915680601659703e-01
-19054.663497	2.3929715634507634e-01
-18992.596189	2.3986590151819256e-01
-18930.528881	2.3989305100571612e-01
-18868.461573	2.4074965071473878e-01
-18806.394266	2.4158970622361550e-01
-18744.326958	2.4191298658345065e-01
-18682.259650	2.4195758061468342e-01
-18620.192342	2.4195470116953702e-01
-18558.125034	2.4248125867805576e-01
-18496.057727	2.4291413966868128e-01
-18433.990419	2.4290658871758869e-01
-18371.923111	2.4321087644663442e-01
-18309.855803	2.4317845765939611e-01
-18247.788495	2.4313849212885000e-01
-18185.721188	2.4329500397466311e-01
-18123.653880	2.4363734660463859e-01
-18061.586572	2.4390598863607371e-01
-17999.519264	2.4396034333195463e-01
-17937.451956	2.4406473735481399e-01
-17875.384648	2.4473841563560181e-01
-17813.317341	2.4467070817930944e-01
-17751.250033	2.4478482231650731e-01
-17689.182725	2.4578672257866227e-01
-17627.115417	2.4622505009524037e-01
-17565.048109	2.4636700957543384e-01
-17502.980802	2.4635717393506776e-01
-17440.913494	2.4644587037840410e-01
-17378.846186	2.4647712041554140e-01
-17316.778878	2.4645951655582568e-01
-17254.711570	2.4681251710008612e-01
-17192.644263	2.4685857992588695e-01
-17130.576955	2.4702899484674923e-01
-17068.509647	2.4709329536407507e-01
-17006.442339	2.4751586799252387e-01
-16944.375031	2.4751816316740816e-01
-16882.307724	2.4781094954328878e-01
-16820.240416	2.4804457708896654e-01
-16758.173108	2.4901582226968985e-01
-16696.105800	2.4977810203519804e-01
-16634.038492	2.4985236363690105e-01
-16571.971185	2.5015977374908643e-01
-16509.903877	2.5014173589254618e-01
-16447.836569	2.5027782191461423e-01
-16385.769261	2.5036476599037161e-01
-16323.701953	2.5067766626750482e-01
-16261.634646	2.5101476047029608e-01
-16199.567338	2.5114565804388317e-01
-16137.500030	2.5146086091652170e-01
-16075.432722	2.5200177895958903e-01
-16013.365414	2.5180734094212193e-01
-15951.298106	2.5184808993358326e-01
-15889.230799	2.5183842805390244e-01
-15827.163491	2.5213028962160816e-01
-15765.096183	2.5214720189624396e-01
-15703.028875	2.5281079158231518e-01
-15640.961567	2.5278351329069149e-01
-15578.894260	2.5329716022295518e-01
-15516.826952	2.5355231689499041e-01
-15454.759644	2.5343700685151532e-01
-15392.692336	2.5340235396270694e-01
-15330.625028	2.5353143778895659e-01
-15268.557721	2.5413587852000769e-01
-15206.490413	2.5421670813244446e-01
-15144.423105	2.5443073383471654e-01
-15082.355797	2.5432211130103061e-01
-15020.288489	2.5442595176198868e-01
-14958.221182	2.5444126197585920e-01
-14896.153874	2.5441467921514616e-01
-14834.086566	2.5440358508439831e-01
-14772.019258	2.5480663377397089e-01
-14709.951950	2.5489606588958857e-01
-14647.884643	2.5485706589482543e-01
-14585.817335	2.5491617534816091e-01
-14523.750027	2.5494737243443472e-01
-14461.682719	2.5515577514463644e-01
-14399.615411	2.5510962662215408e-01
-14337.548103	2.5552613294845949e-01
-14275.480796	2.5614668258129247e-01
-14213.413488	2.5606369609419466e-01
-14151.346180	2.5630908802616270e-01
-14089.278872	2.5614467129675794e-01
-14027.211564	2.5628523573898210e-01
-13965.144257	2.5632126393835730e-01
-13903.076949	2.5630460160637425e-01
-13841.009641	2.5625652145295447e-01
-13778.942333	2.5655702136208897e-01
-13716.875025	2.5651842766533461e-01
-13654.807718	2.5643980767571328e-01
-13592.740410	2.5648326162216478e-01
-13530.673102	2.5646512016840767e-01
-13468.605794	2.5642123143965673e-01
-13406.538486	2.5696062796938651e-01
-13344.471179	2.5680820949876404e-01
-13282.403871	2.5682671577210819e-01
-13220.336563	2.5673673611688813e-01
-13158.269255	2.5699682610585428e-01
-13096.201947	2.5708284047310442e-01
-13034.134640	2.5722380436814596e-01
-12972.067332	2.5734543149654948e-01
-12910.000024	2.5741458535232331e-01
-12847.932716	2.5740810553564542e-01
-12785.865408	2.5737265963315947e-01
-12723.798100	2.5805173143812393e-01
-12661.730793	2.5834386523680763e-01
-12599.663485	2.5830839111322190e-01
-12537.596177	2.5823946267728337e-01
-12475.528869	2.5860742996365849e-01
-12413.461561	2.5865974530767549e-01
-12351.394254	2.5887801525116855e-01
-12289.326946	2.5872058356504585e-01
-12227.259638	2.5867648550260841e-01
-12165.192330	2.5871355532580925e-01
-12103.125022	2.5868288912404325e-01
-12041.057715	2.5873253276631575e-01
-11978.990407	2.5909370256965014e-01
-11916.923099	2.5915218430446890e-01
-11854.855791	2.5906389971070232e-01
-11792.788483	2.5931783182033891e-01
-11730.721176	2.5941519970214227e-01
-11668.653868	2.6001736309093737e-01
-11606.586560	2.6027424934559201e-01
-11544.519252	2.6036925504245689e-01
-11482.451944	2.6054450046346361e-01
-11420.384637	2.6066123854476719e-01
-11358.317329	2.6085929885544945e-01
-11296.250021	2.6130785629741660e-01
-11234.182713	2.6142980344892269e-01
-11172.115405	2.6146117152855985e-01
-11110.048098	2.6150896100472781e-01
-11047.980790	2.6137238543815616e-01
-10985.913482	2.6133907620855645e-01
-10923.846174	2.6141352473047430e-01
-10861.778866	2.6145526259080920e-01
-10799.711558	2.6164947174242759e-01
-10737.644251	2.6130948226602363e-01
-10675.576943	2.6115983517426183e-01
-10613.509635	2.6127974292211215e-01
-10551.442327	2.6157368398997383e-01
-10489.375019	2.6188773544191363e-01
-10427.307712	2.6192017880903462e-01
-10365.240404	2.6181555508856214e-01
-10303.173096	2.6194391089057784e-01
-10241.105788	2.6180605585166716e-01
-10179.038480	2.6209192665957576e-01
-10116.971173	2.6262549333167279e-01
-10054.903865	2.6270655195630882e-01
-9992.836557	2.6302517800864722e-01
-9930.769249	2.6292379367536611e-01
-9868.701941	2.6307338216619963e-01
-9806.634634	2.6318098573328097e-01
-9744.567326	2.6371237701457728e-01
-9682.500018	2.6404503858791833e-01
-9620.432710	2.6410668421820699e-01
-9558.365402	2.6439631577010952e-01
-9496.298095	2.6438555436719946e-01
-9434.230787	2.6489690015199491e-01
-9372.163479	2.6544120240881303e-01
-9310.096171	2.6574220770592349e-01
-9248.028863	2.6630440516119869e-01
-9185.961555	2.6643919032595481e-01
-9123.894248	2.6613023477022130e-01
-9061.826940	2.6687605404731496e-01
-8999.759632	2.6697576304849452e-01
-8937.692324	2.6702353179922300e-01
-8875.625016	2.6696645468897362e-01
-8813.557709	2.6697684778637498e-01
-8751.490401	2.6698854091998669e-01
-8689.423093	2.6709840817807301e-01
-8627.355785	2.6707246197787721e-01
-8565.288477	2.6764226689403336e-01
-8503.221170	2.6778146677518055e-01
-8441.153862	2.6813757366656049e-01
-8379.086554	2.6878731787613314e-01
-8317.019246	2.6867930163380355e-01
-8254.951938	2.6861018939042641e-01
-8192.884631	2.6902796637171378e-01
-8130.817323	2.6920429534927742e-01
-8068.750015	2.6937631424351965e-01
-8006.682707	2.6975514897643460e-01
-7944.615399	2.6992943121641011e-01
-7882.548092	2.6988989322861584e-01
-7820.480784	2.7014756550385205e-01
-7758.413476	2.7008019964566826e-01
-7696.346168	2.7022428815888905e-01
-7634.278860	2.7029140515227201e-01
-7572.211552	2.7031214614075688e-01
-7510.144245	2.7054559646218640e-01
-7448.076937	2.7043206906344963e-01
-7386.009629	2.7133157601757979e-01
-7323.942321	2.7142107720463626e-01
-7261.875013	2.7205994744476647e-01
-7199.807706	2.7229306906212214e-01
-7137.740398	2.7242888314920644e-01
-7075.673090	2.7220680289480914e-01
-7013.605782	2.7221706457600914e-01
-6951.538474	2.7226359400628891e-01
-6889.471167	2.7213012736282993e-01
-6827.403859	2.7227668861844789e-01
-6765.336551	2.7225854512155739e-01
-6703.269243	2.7280732908065208e-01
-6641.201935	2.7326647571871809e-01
-6579.134628	2.7341276163658318e-01
-6517.067320	2.7336266744947763e-01
-6455.000012	2.7337609055767742e-01
-6392.932704	2.7345119891616787e-01
-6330.865396	2.7341464130082349e-01
-6268.798089	2.7395243260336882e-01
-6206.730781	2.7398270980055156e-01
-6144.663473	2.7448489042333868e-01
-6082.596165	2.7475300101390948e-01
-6020.528857	2.7546515058635074e-01
-5958.461549	2.7558439805214197e-01
-5896.394242	2.7536165903204401e-01
-5834.326934	2.7571599858374213e-01
-5772.259626	2.7573222216710608e-01
-5710.192318	2.7593840847884038e-01
-5648.125010	2.7602868179345985e-01
-5586.057703	2.7621583877909500e-01
-5523.990395	2.7655572445090787e-01
-5461.923087	2.7751478497981291e-01
-5399.855779	2.7743971316016314e-01
-5337.788471	2.7753631727186534e-01
-5275.721164	2.7744131734788707e-01
-5213.653856	2.7748057186512209e-01
-5151.586548	2.7749770262572360e-01
-5089.519240	2.7782981207168128e-01
-5027.451932	2.7936717867057909e-01
-4965.384625	2.7947926236109205e-01
-4903.317317	2.7923290262359052e-01
-4841.250009	2.7970568668688683e-01
-4779.182701	2.7962896222753997e-01
-4717.115393	2.8030309335611697e-01
-4655.048086	2.8041899763197659e-01
-4592.980778	2.8040198259146970e-01
-4530.913470	2.8039954595116479e-01
-4468.846162	2.8037396659781499e-01
-4406.778854	2.8047828533888264e-01
-4344.711547	2.8065713346114601e-01
-4282.644239	2.8087514935436630e-01
-4220.576931	2.8148555733421032e-01
-4158.509623	2.8142829769795796e-01
-4096.442315	2.8170445227502322e-01
-4034.375007	2.8157625537459324e-01
-3972.307700	2.8168008658864013e-01
-3910.240392	2.8249384055399607e-01
-3848.173084	2.8368086961687006e-01
-3786.105776	2.8368700302762540e-01
-3724.038468	2.8426584284509526e-01
-3661.971161	2.8451170455191693e-01
-3599.903853	2.8459717508475019e-01
-3537.836545	2.8525057358274547e-01
-3475.769237	2.8535739222793355e-01
-3413.701929	2.8541536376307702e-01
-3351.634622	2.8535500022070692e-01
-3289.567314	2.8608670706428135e-01
-3227.500006	2.8606401414172111e-01
-3165.432698	2.8598997619568517e-01
-3103.365390	2.8573333969433279e-01
-3041.298083	2.8673118075327464e-01
-2979.230775	2.8667637149347208e-01
-2917.163467	2.8670404006614375e-01
-2855.096159	2.8837866382867566e-01
-2793.028851	2.8837385901608548e-01
-2730.961544	2.8926247880286454e-01
-2668.894236	2.8937172015168888e-01
-2606.826928	2.8925929625883129e-01
-2544.759620	2.8965653769903826e-01
-2482.692312	2.8970003798022764e-01
-2420.625004	2.8956978436252861e-01
-2358.557697	2.9020397389670183e-01
-2296.490389	2.9013845032766411e-01
-2234.423081	2.9012167755592516e-01
-2172.355773	2.9022103904319968e-01
-2110.288465	2.9059009098958039e-01
-2048.221158	2.9026633866950963e-01
-1986.153850	2.9028351260049268e-01
-1924.086542	2.9019808486459647e-01
-1862.019234	2.9022289501193305e-01
-1799.951926	2.8991244249835535e-01
-1737.884619	2.9004731130215722e-01
-1675.817311	2.9009680823056910e-01
-1613.750003	2.9023637396662916e-01
-1551.682695	2.9045671892790270e-01
-1489.615387	2.9045092583469312e-01
-1427.548080	2.9291432870039086e-01
-1365.480772	2.9304704504286178e-01
-1303.413464	2.9372114551184170e-01
-1241.346156	2.9393419143601313e-01
-1179.278848	2.9302222132978212e-01
-1117.211541	2.9560629215253675e-01
-1055.144233	2.9593670899325236e-01
-993.076925	2.9691044939164546e-01
-931.009617	2.9698981773155192e-01
-868.942309	2.9799073316693753e-01
-806.875001	2.9792076879546725e-01
-744.807694	2.9802424067617267e-01
-682.740386	2.9809009197138575e-01
-620.673078	2.9837437222634555e-01
-558.605770	2.9962322814399139e-01
-496.538462	2.9990076073046901e-01
-434.471155	2.9975063413724035e-01
-372.403847	3.0008138919197447e-01
-310.336539	3.0006059783314604e-01
-248.269231	3.0016136427728340e-01
-186.201923	3.0037876457808982e-01
-124.134616	3.0059954258223665e-01
-62.067308	2.9988772591708934e-01
0.000000	2.9860924165363889e-01
62.067308	2.9749544695217772e-01
124.134616	2.9771771582431555e-01
186.201923	2.9777551809224273e-01
248.269231	2.9979134899789334e-01
310.336539	3.0053276860671019e-01
372.403847	2.9955162558170406e-01
434.471155	2.9925859032739321e-01
496.538462	2.9773353002040243e-01
558.605770	2.9714396092425216e-01
620.673078	2.9623152371010020e-01
682.740386	2.9632214145654356e-01
744.807694	2.9585277766422546e-01
806.875001	2.9561359223581507e-01
868.942309	2.9614795816354011e-01
931.009617	2.9531900937567129e-01
993.076925	2.9493024641497179e-01
1055.144233	2.9582826114708632e-01
1117.211541	2.9539208739606881e-01
1179.278848	2.9486862944126857e-01
1241.346156	2.9533405756404968e-01
1303.413464	2.9506450240879006e-01
1365.480772	2.9543052302055378e-01
1427.548080	2.9414176936847952e-01
1489.615387	2.9347012006969175e-01
1551.682695	2.9332501987600057e-01
1613.750003	2.9218355048965622e-01
1675.817311	2.9207486327824567e-01
1737.884619	2.9211185833160935e-01
1799.951926	2.9210744053563586e-01
1862.019234	2.9194945542537593e-01
1924.086542	2.9184693941455131e-01
1986.153850	2.9186447958803463e-01
2048.221158	2.9157623077190936e-01
2110.288465	2.9153281406051751e-01
2172.355773	2.9127479947828472e-01
2234.423081	2.9127473091559258e-01
2296.490389	2.9178275634801293e-01
2358.557697	2.9159649382890002e-01
2420.625004	2.9157256395933673e-01
2482.692312	2.9081807282728578e-01
2544.759620	2.9048484489789905e-01
2606.826928	2.9033338154162558e-01
2668.894236	2.9046025038534862e-01
2730.961544	2.9073177797092870e-01
2793.028851	2.8966000736112341e-01
2855.096159	2.9000742593861900e-01
2917.163467	2.9029879796798930e-01
2979.230775	2.8895166153756613e-01
3041.298083	2.8850891891690844e-01
3103.365390	2.8786474131275142e-01
3165.432698	2.8821938176730644e-01
3227.500006	2.8858190977897807e-01
3289.567314	2.8826515822912613e-01
3351.634622	2.8827641439706320e-01
3413.701929	2.8826633949487634e-01
3475.769237	2.8825247809827920e-01
3537.836545	2.8701809907990888e-01
3599.903853	2.8646610135492956e-01
3661.971161	2.8634709687056187e-01
3724.038468	2.8536731467600945e-01
3786.105776	2.8512295281154848e-01
3848.173084	2.8492101728677577e-01
3910.240392	2.8420970836088355e-01
3972.307700	2.8411238673913347e-01
4034.375007	2.8378495377822294e-01
4096.442315	2.8390523787335925e-01
4158.509623	2.8398287792557969e-01
4220.576931	2.8355961594875551e-01
4282.644239	2.8308192233077306e-01
4344.711547	2.8172643323337654e-01
4406.778854	2.8189687454957540e-01
4468.846162	2.8198553864228426e-01
4530.913470	2.8210111323577647e-01
4592.980778	2.8161356445108243e-01
4655.048086	2.8116498717960503e-01
4717.115393	2.8073249552368185e-01
4779.182701	2.8095319459365858e-01
4841.250009	2.8065629112342977e-01
4903.317317	2.8034992352589855e-01
4965.384625	2.8017057062031647e-01
5027.451932	2.8019041930241639e-01
5089.519240	2.7931768188911316e-01
5151.586548	2.7888785416803258e-01
5213.653856	2.7855658101928649e-01
5275.721164	2.7866991004373193e-01
5337.788471	2.7841663462708482e-01
5399.855779	2.7818974714086497e-01
5461.923087	2.7780637104432349e-01
5523.990395	2.7788934220207079e-01
5586.057703	2.7777979091211785e-01
5648.125010	2.7799377000087960e-01
5710.192318	2.7775765348436005e-01
5772.259626	2.7731614990551812e-01
5834.326934	2.7669444415304595e-01
5896.394242	2.7675133799241824e-01
5958.461549	2.7674160454099561e-01
6020.528857	2.7625512546897307e-01
6082.596165	2.7612459379110221e-01
6144.663473	2.7574198777946368e-01
6206.730781	2.7497933321110563e-01
6268.798089	2.7446425475413266e-01
6330.865396	2.7445625683675112e-01
6392.932704	2.7254527654296562e-01
6455.000012	2.7262429610690048e-01
6517.067320	2.7178729618900704e-01
6579.134628	2.7113265531649822e-01
6641.201935	2.7128689678585882e-01
6703.269243	2.7030147801889037e-01
6765.336551	2.7002484917727293e-01
6827.403859	2.6925918480937389e-01
6889.471167	2.6881644760676193e-01
6951.538474	2.6917132702832453e-01
7013.605782	2.6900594149363871e-01
7075.673090	2.6866577827326560e-01
7137.740398	2.6819249648973048e-01
7199.807706	2.6795057929551780e-01
7261.875013	2.6713555659288446e-01
7323.942321	2.6719127273046162e-01
7386.009629	2.6674202575016337e-01
7448.076937	2.6665764259621122e-01
7510.144245	2.6624358543230314e-01
7572.211552	2.6558644720343527e-01
7634.278860	2.6552058484723851e-01
7696.346168	2.6465339242784286e-01
7758.413476	2.6491071194613669e-01
7820.480784	2.6418936864119624e-01
7882.548092	2.6399105611077428e-01
7944.615399	2.6284996252189885e-01
8006.682707	2.6299045929795040e-01
8068.750015	2.6257194596835709e-01
8130.817323	2.6182333978806593e-01
8192.884631	2.6173502637772789e-01
8254.951938	2.6120833815573657e-01
8317.019246	2.6045275727209016e-01
8379.086554	2.6025178650784797e-01
8441.153862	2.6020565844818133e-01
8503.221170	2.6019739036957590e-01
8565.288477	2.5997174661884115e-01
8627.355785	2.5980625916426475e-01
8689.423093	2.5950508987228027e-01
8751.490401	2.5930502994695664e-01
8813.557709	2.5844663717492566e-01
8875.625016	2.5841382262348267e-01
8937.692324	2.5840284270055841e-01
8999.759632	2.5816980149334295e-01
9061.826940	2.5818565455548254e-01
9123.894248	2.5809563795555845e-01
9185.961555	2.5793973727365410e-01
9248.028863	2.5772234734379423e-01
9310.096171	2.5771742131187853e-01
9372.163479	2.5760534344698577e-01
9434.230787	2.5727626304992435e-01
9496.298095	2.5709419556000102e-01
9558.365402	2.5712711845072528e-01
9620.432710	2.5708585052437927e-01
9682.500018	2.5715238895179193e-01
9744.567326	2.5626968591956434e-01
9806.634634	2.5623570201322310e-01
9868.701941	2.5530419957923500e-01
9930.769249	2.5443975215371084e-01
9992.836557	2.5468982269674517e-01
10054.903865	2.5447910106887411e-01
10116.971173	2.5442110020864034e-01
10179.038480	2.5424204820364732e-01
10241.105788	2.5429259187374598e-01
10303.173096	2.5369069826771479e-01
10365.240404	2.5343637156718263e-01
10427.307712	2.5323512461169873e-01
10489.375019	2.5308463463159853e-01
10551.442327	2.5296615464005179e-01
10613.509635	2.5260161070234199e-01
10675.576943	2.5242418708662673e-01
10737.644251	2.5224285374818706e-01
10799.711558	2.5222974534923948e-01
10861.778866	2.5202344857722631e-01
10923.846174	2.5197415690063596e-01
10985.913482	2.5157653787182571e-01
11047.980790	2.5158193435826237e-01
11110.048098	2.5168523725579250e-01
11172.115405	2.5145288612569067e-01
11234.182713	2.5145519198247152e-01
11296.250021	2.5095529298481983e-01
11358.317329	2.5096252231405175e-01
11420.384637	2.5103146041809293e-01
11482.451944	2.5081539542860398e-01
11544.519252	2.4940351955552514e-01
11606.586560	2.4894046936794334e-01
11668.653868	2.4887162641635996e-01
11730.721176	2.4885078047441703e-01
11792.788483	2.4882114035307007e-01
11854.855791	2.4883422350739418e-01
11916.923099	2.4882747503707928e-01
11978.990407	2.4847605080685070e-01
12041.057715	2.4834519174423933e-01
12103.125022	2.4811047356696261e-01
12165.192330	2.4802629501883233e-01
12227.259638	2.4803013077235497e-01
12289.326946	2.4805841126841344e-01
12351.394254	2.4791981859913684e-01
12413.461561	2.4797734355488429e-01
12475.528869	2.4760596864726483e-01
12537.596177	2.4718492362555619e-01
12599.663485	2.4633011681160732e-01
12661.730793	2.4601468714308689e-01
12723.798100	2.4594454494337090e-01
12785.865408	2.4591983391201480e-01
12847.932716	2.4577847369669262e-01
12910.000024	2.4570408673810060e-01
12972.067332	2.4541971131488513e-01
13034.134640	2.4512807425335612e-01
13096.201947	2.4494381045149835e-01
13158.269255	2.4494284718538198e-01
13220.336563	2.4484772144061293e-01
13282.403871	2.4502354089838196e-01
13344.471179	2.4469264194778359e-01
13406.538486	2.4445156386530051e-01
13468.605794	2.4416845024596950e-01
13530.673102	2.4421267228690721e-01
13592.740410	2.4426360865067140e-01
13654.807718	2.4399079962841480e-01
13716.875025	2.4386529775875559e-01
13778.942333	2.4394794797712538e-01
13841.009641	2.4367690810607104e-01
13903.076949	2.4382843185753475e-01
13965.144257	2.4351122439673381e-01
14027.211564	2.4351949166338754e-01
14089.278872	2.4335021793966732e-01
14151.346180	2.4312377364142976e-01
14213.413488	2.4288210688886247e-01
14275.480796	2.4272200611125472e-01
14337.548103	2.4232130908319080e-01
14399.615411	2.4226480959321484e-01
14461.682719	2.4258264643631788e-01
14523.750027	2.4191797707099913e-01
14585.817335	2.4222144855367331e-01
14647.884643	2.4193416533371842e-01
14709.951950	2.4181967689341824e-01
14772.019258	2.4187186284713130e-01
14834.086566	2.4178511542730646e-01
14896.153874	2.4171430095565152e-01
14958.221182	2.4173234541799427e-01
15020.288489	2.4183090950253039e-01
15082.355797	2.4143769476740498e-01
15144.423105	2.4134365905375957e-01
15206.490413	2.4020119385429306e-01
15268.557721	2.4006676269257118e-01
15330.625028	2.3990583851957592e-01
15392.692336	2.3988917485741140e-01
15454.759644	2.3926356504224341e-01
15516.826952	2.3910812848173621e-01
15578.894260	2.3865100879823370e-01
15640.961567	2.3878830100238355e-01
15703.028875	2.3831883649807215e-01
15765.096183	2.3826331636668033e-01
15827.163491	2.3835268290274991e-01
15889.230799	2.3828922823560120e-01
15951.298106	2.3826392501246213e-01
16013.365414	2.3781695035888151e-01
16075.432722	2.3784532709088615e-01
16137.500030	2.3746526489726727e-01
16199.567338	2.3730755488129179e-01
16261.634646	2.3543799519742578e-01
16323.701953	2.3526982120164364e-01
16385.769261	2.3534434289827375e-01
16447.836569	2.3496067721123107e-01
16509.903877	2.3479147018562582e-01
16571.971185	2.3404812989523666e-01
16634.038492	2.3382179049943883e-01
16696.105800	2.3315596954611062e-01
16758.173108	2.3287719308750296e-01
16820.240416	2.3292762555873192e-01
16882.307724	2.3298755965496357e-01
16944.375031	2.3289078781137393e-01
17006.442339	2.3177024663792145e-01
17068.509647	2.3174527537797379e-01
17130.576955	2.3161976046222033e-01
17192.644263	2.3161037898543088e-01
17254.711570	2.3139818569874038e-01
17316.778878	2.2965087395653716e-01
17378.846186	2.2953585713306260e-01
17440.913494	2.2936312830137431e-01
17502.980802	2.2918216492857613e-01
17565.048109	2.2890821376046935e-01
17627.115417	2.2855277259452353e-01
17689.182725	2.2844349095814220e-01
17751.250033	2.2842940371858769e-01
17813.317341	2.2828019203847547e-01
17875.384648	2.2819830866342891e-01
17937.451956	2.2810030746322327e-01
17999.519264	2.2809322227097106e-01
18061.586572	2.2796100232524252e-01
18123.653880	2.2780115357576408e-01
18185.721188	2.2780701320206467e-01
18247.788495	2.2781636445238898e-01
18309.855803	2.2780548359246183e-01
18371.923111	2.2742583714889003e-01
18433.990419	2.2733790176485669e-01
18496.057727	2.2734338998585185e-01
18558.125034	2.2649805746193472e-01
18620.192342	2.2636926923641018e-01
18682.259650	2.2636417219896546e-01
18744.326958	2.2584837781920844e-01
18806.394266	2.2546296343775507e-01
18868.461573	2.2520943641008856e-01
18930.528881	2.2485370796536372e-01
18992.596189	2.2451475735724552e-01
19054.663497	2.2439903620088111e-01
19116.730805	2.2435082852212557e-01
19178.798112	2.2435482428747150e-01
19240.865420	2.2427412355949333e-01
19302.932728	2.2417674296353735e-01
19365.000036	2.2404243838778540e-01
19427.067344	2.2402700019766739e-01
19489.134651	2.2356830190716559e-01
19551.201959	2.2343824863925019e-01
19613.269267	2.2329663738446268e-01
19675.336575	2.2324671128509369e-01
19737.403883	2.2328373546885763e-01
19799.471191	2.2309653581802885e-01
19861.538498	2.2264494491850426e-01
19923.605806	2.2098570786754357e-01
19985.673114	2.2014915871095489e-01
20047.740422	2.2005753321674157e-01
20109.807730	2.1982945336139453e-01
20171.875037	2.1899132561170656e-01
20233.942345	2.1882242381229586e-01
20296.009653	2.1902161248422028e-01
20358.076961	2.1879155140508155e-01
20420.144269	2.1769384627548882e-01
20482.211576	2.1770866961386454e-01
20544.278884	2.1776294976204308e-01
20606.346192	2.1786277039955532e-01
20668.413500	2.1774592404024096e-01
20730.480808	2.1781909001118294e-01
20792.548115	2.1764132728614541e-01
20854.615423	2.1773344585127652e-01
20916.682731	2.1777617076052230e-01
20978.750039	2.1745932844854651e-01
21040.817347	2.1706684609767579e-01
21102.884654	2.1696218604160353e-01
21164.951962	2.1684229271221095e-01
21227.019270	2.1685257518987908e-01
21289.086578	2.1686079580738254e-01
21351.153886	2.1682566228980013e-01
21413.221194	2.1683371768210619e-01
21475.288501	2.1662961583011958e-01
21537.355809	2.1630272053906918e-01
21599.423117	2.1575132628156052e-01
21661.490425	2.1554091617449664e-01
21723.557733	2.1547951626703299e-01
21785.625040	2.1541483901068958e-01
21847.692348	2.1515233338418821e-01
21909.759656	2.1473177938248589e-01
21971.826964	2.1462356556625961e-01
22033.894272	2.1404693004854347e-01
22095.961579	2.1376810670689017e-01
22158.028887	2.1349429730673700e-01
22220.096195	2.1373004191978670e-01
22282.163503	2.1346615595240856e-01
22344.230811	2.1335136426939547e-01
22406.298118	2.1327691238885452e-01
22468.365426	2.1281073865396166e-01
22530.432734	2.1192123017165956e-01
22592.500042	2.1162616011895544e-01
22654.567350	2.1164119273318158e-01
22716.634657	2.1156702229557647e-01
22778.701965	2.1160590934659215e-01
22840.769273	2.1162207502935573e-01
22902.836581	2.1158159025479556e-01
22964.903889	2.1159822386914362e-01
23026.971196	2.1145523034327843e-01
23089.038504	2.1102531184531376e-01
23151.105812	2.1099042942967433e-01
23213.173120	2.1088350139121029e-01
23275.240428	2.1065107117263956e-01
23337.307736	2.1066464003408525e-01
23399.375043	2.1041341997875865e-01
23461.442351	2.1050440433544207e-01
23523.509659	2.0973009450271601e-01
23585.576967	2.0970410024585309e-01
23647.644275	2.0934835620308453e-01
23709.711582	2.0922689021515489e-01
23771.778890	2.0868018600908020e-01
23833.846198	2.0841264512142996e-01
23895.913506	2.0737477508826557e-01
23957.980814	2.0697815128790950e-01
24020.048121	2.0690873890598666e-01
24082.115429	2.0686192422662789e-01
24144.182737	2.0676045473376423e-01
24206.250045	2.0672621786336037e-01
24268.317353	2.0657914243120626e-01
24330.384660	2.0656724571759724e-01
24392.451968	2.0649238629107183e-01
24454.519276	2.0646429196494803e-01
24516.586584	2.0649314104422578e-01
24578.653892	2.0652729451544813e-01
24640.721199	2.0623471189723275e-01
24702.788507	2.0621685891212993e-01
24764.855815	2.0619011673869456e-01
24826.923123	2.0402007614583581e-01
24888.990431	2.0399584646037081e-01
24951.057739	2.0346813604006614e-01
25013.125046	2.0346445019336576e-01
25075.192354	2.0287551810913484e-01
25137.259662	2.0276935011857256e-01
25199.326970	2.0139985707428143e-01
25261.394278	1.9959930500024675e-01
25323.461585	1.9843993205532320e-01
25385.528893	1.9858119750766501e-01
25447.596201	1.9851290985432735e-01
25509.663509	1.9649066603807136e-01
25571.730817	1.9641233165922906e-01
25633.798124	1.9635677777714458e-01
25695.865432	1.9626615941838735e-01
25757.932740	1.9643200694732310e-01
25820.000048	1.9637371200883630e-01
25882.067356	1.9583629920745302e-01
25944.134663	1.9587077002595771e-01
26006.201971	1.9589589717032230e-01
26068.269279	1.9566415716769425e-01
26130.336587	1.9516815489769282e-01
26192.403895	1.9480334851366418e-01
26254.471202	1.9410533660352897e-01
26316.538510	1.9383136062407924e-01
26378.605818	1.9365247523878032e-01
26440.673126	1.9262333919764166e-01
26502.740434	1.9248978975944991e-01
26564.807742	1.9229688300090056e-01
26626.875049	1.9230838596027000e-01
26688.942357	1.9234679164307511e-01
26751.009665	1.9234097511850468e-01
26813.076973	1.9158848773954321e-01
26875.144281	1.9159999829686750e-01
26937.211588	1.9132543483231923e-01
26999.278896	1.9119226947142257e-01
27061.346204	1.9107845719885860e-01
27123.413512	1.8965843472013211e-01
27185.480820	1.8962501556006542e-01
27247.548127	1.8914734331380958e-01
27309.615435	1.8844747617539603e-01
27371.682743	1.8825059350316761e-01
27433.750051	1.8809217777598006e-01
27495.817359	1.8744057346853704e-01
27557.884666	1.8702364276117175e-01
27619.951974	1.8700652225069639e-01
27682.019282	1.8695114841186883e-01
27744.086590	1.8672889344569216e-01
27806.153898	1.8648188742862690e-01
27868.221205	1.8622716538949519e-01
27930.288513	1.8498815756222448e-01
27992.355821	1.8482318701200323e-01
28054.423129	1.8469187233487985e-01
28116.490437	1.8419188529115046e-01
28178.557745	1.8275603999946285e-01
28240.625052	1.8210181030314207e-01
28302.692360	1.8172222335165980e-01
28364.759668	1.8134361292461104e-01
28426.826976	1.8128432971880915e-01
28488.894284	1.8090498854146075e-01
28550.961591	1.8066155727687247e-01
28613.028899	1.8078121404502587e-01
28675.096207	1.8060708460887290e-01
28737.163515	1.7917678967220291e-01
28799.230823	1.7916882591119376e-01
28861.298130	1.7811327951462924e-01
28923.365438	1.7792413757929451e-01
28985.432746	1.7709104746648094e-01
29047.500054	1.7696566526765112e-01
29109.567362	1.7695591697146651e-01
29171.634669	1.7575905020900603e-01
29233.701977	1.7531501421447038e-01
29295.769285	1.7543006346952525e-01
29357.836593	1.7408065312343324e-01
29419.903901	1.7398331476758502e-01
29481.971208	1.7275850997106409e-01
29544.038516	1.7274647920431932e-01
29606.105824	1.7270568249188778e-01
29668.173132	1.7229029999163370e-01
29730.240440	1.7233568771685789e-01
29792.307747	1.7231958794673974e-01
29854.375055	1.7220450004316143e-01
29916.442363	1.7215135716528870e-01
29978.509671	1.7213547145037930e-01
30040.576979	1.7209261008182161e-01
30102.644287	1.7209362515533408e-01
30164.711594	1.7206267476565046e-01
30226.778902	1.7182502779432107e-01
30288.846210	1.7142729814185970e-01
30350.913518	1.7140103485526703e-01
30412.980826	1.7128079610917243e-01
30475.048133	1.7095081152965544e-01
30537.115441	1.7093079847635104e-01
30599.182749	1.7083966848403137e-01
30661.250057	1.7085683874839064e-01
30723.317365	1.7056330866811159e-01
30785.384672	1.7057888562092260e-01
30847.451980	1.7031148092121673e-01
30909.519288	1.7029130702607079e-01
30971.586596	1.6986378971599420e-01
31033.653904	1.6969294005433266e-01
31095.721211	1.6955162721901085e-01
31157.788519	1.6948877169832649e-01
31219.855827	1.6940229076155938e-01
31281.923135	1.6934232168733993e-01
31343.990443	1.6933119601345833e-01
31406.057750	1.6878771127077236e-01
31468.125058	1.6835106799484609e-01
31530.192366	1.6826392132771348e-01
31592.259674	1.6801859535603342e-01
31654.326982	1.6789916728262452e-01
31716.394290	1.6760306048107992e-01
31778.461597	1.6721900332425527e-01
31840.528905	1.6719011713594017e-01
31902.596213	1.6706764140261543e-01
31964.663521	1.6691241937547924e-01
32026.730829	1.6686675763011308e-01
32088.798136	1.6658237037710177e-01
32150.865444	1.6643105590873028e-01
32212.932752	1.6605948396435830e-01
32275.000060	1.6590972323537043e-01
32337.067368	1.6581754266482601e-01
32399.134675	1.6573722140719491e-01
32461.201983	1.6565853716826914e-01
32523.269291	1.6563809131561413e-01
32585.336599	1.6546696358126836e-01
32647.403907	1.6534587494565961e-01
32709.471214	1.6528696206515034e-01
32771.538522	1.6523259785870847e-01
32833.605830	1.6523103172297005e-01
32895.673138	1.6517998430468728e-01
32957.740446	1.6515053678444433e-01
33019.807753	1.6509055506389356e-01
33081.875061	1.6509058471910115e-01
33143.942369	1.6505422960183536e-01
33206.009677	1.6499453849841852e-01
33268.076985	1.6506121476041180e-01
33330.144293	1.6499756661548473e-01
33392.211600	1.6490691737469620e-01
33454.278908	1.6492255630751876e-01
33516.346216	1.6491500360225306e-01
33578.413524	1.6491235775847551e-01
33640.480832	1.6490917154088860e-01
33702.548139	1.6464387390249552e-01
33764.615447	1.6444242684761956e-01
33826.682755	1.6434157623792661e-01
33888.750063	1.6352627079074747e-01
33950.817371	1.6351128544834881e-01
34012.884678	1.6338438924507082e-01
34074.951986	1.6323544792504638e-01
34137.019294	1.6210154855409073e-01
34199.086602	1.6209373759279588e-01
34261.153910	1.6204287972208342e-01
34323.221217	1.6204313545778351e-01
34385.288525	1.6194775945364689e-01
34447.355833	1.6175773064572593e-01
34509.423141	1.6170172535872568e-01
34571.490449	1.6165338074262639e-01
34633.557756	1.6166715881648963e-01
34695.625064	1.6162422637347665e-01
34757.692372	1.6166034617710059e-01
34819.759680	1.6157523343929114e-01
34881.826988	1.6134348091356907e-01
34943.894295	1.6131144696606525e-01
35005.961603	1.6091433267482991e-01
35068.028911	1.6079750972008383e-01
35130.096219	1.6075796606057322e-01
35192.163527	1.6068783242808435e-01
35254.230835	1.6049580200858266e-01
35316.298142	1.6047741644981767e-01
35378.365450	1.6038507987808445e-01
35440.432758	1.6037918020946887e-01
35502.500066	1.6032141457180218e-01
35564.567374	1.6023919791941596e-01
35626.634681	1.6022921620741881e-01
35688.701989	1.6020154204074938e-01
35750.769297	1.6021279522103629e-01
35812.836605	1.6000805115706701e-01
35874.903913	1.6002002999784892e-01
35936.971220	1.5983392042706882e-01
35999.038528	1.5977582343727301e-01
36061.105836	1.5966546378433188e-01
36123.173144	1.5965753235617761e-01
36185.240452	1.5964779368993107e-01
36247.307759	1.5962809589416929e-01
36309.375067	1.5952844653488438e-01
36371.442375	1.5946927112234729e-01
36433.509683	1.5943693313247165e-01
36495.576991	1.5942978694703194e-01
36557.644298	1.5926883502335523e-01
36619.711606	1.5924871374594707e-01
36681.778914	1.5921418145059696e-01
36743.846222	1.5918085186986883e-01
36805.913530	1.5908773387376768e-01
36867.980838	1.5894407816306666e-01
36930.048145	1.5892137711703211e-01
36992.115453	1.5879828811253799e-01
37054.182761	1.5868600271603936e-01
37116.250069	1.5867897892508653e-01
37178.317377	1.5865634182617211e-01
37240.384684	1.5858461769881657e-01
37302.451992	1.5856823054833730e-01
37364.519300	1.5835433126979159e-01
37426.586608	1.5832715578191700e-01
37488.653916	1.5827587475450175e-01
37550.721223	1.5828312013122148e-01
37612.788531	1.5804366733358499e-01
37674.855839	1.5802150360923650e-01
37736.923147	1.5800396508987821e-01
37798.990455	1.5791442801525640e-01
37861.057762	1.5758932961444513e-01
37923.125070	1.5758504913932300e-01
37985.192378	1.5754540257609073e-01
38047.259686	1.5755714957137701e-01
38109.326994	1.5732742962983690e-01
38171.394301	1.5722653887945651e-01
38233.461609	1.5722131870061348e-01
38295.528917	1.5715496962714071e-01
38357.596225	1.5702693969475714e-01
38419.663533	1.5680739280347747e-01
38481.730841	1.5680883027919945e-01
38543.798148	1.5654600095602966e-01
38605.865456	1.5650083482513186e-01
38667.932764	1.5639444698848262e-01
38730.000072	1.5627285375972522e-01
38792.067380	1.5621491959187125e-01
38854.134687	1.5599086875325979e-01
38916.201995	1.5597399927060279e-01
38978.269303	1.5597130214590105e-01
39040.336611	1.5586707948670872e-01
39102.403919	1.5558303110980273e-01
39164.471226	1.5547451525076939e-01
39226.538534	1.5533607461217699e-01
39288.605842	1.5506235127786350e-01
39350.673150	1.5470152181364266e-01
39412.740458	1.5451244792856755e-01
39474.807765	1.5446130559400159e-01
39536.875073	1.5443220104566652e-01
39598.942381	1.5441645294188699e-01
39661.009689	1.5439219828459322e-01
39723.076997	1.5431316064953368e-01
39785.144304	1.5424469166887583e-01
39847.211612	1.5417062502879569e-01
39909.278920	1.5405231497445337e-01
39971.346228	1.5391794431638245e-01
40033.413536	1.5390443794452138e-01
40095.480843	1.5391312439652238e-01
40157.548151	1.5387755620345872e-01
40219.615459	1.5377648495454838e-01
40281.682767	1.5376788194179244e-01
40343.750075	1.5376962101202862e-01
40405.817383	1.5369157677017684e-01
40467.884690	1.5367862591447798e-01
40529.951998	1.5368650559193039e-01
40592.019306	1.5361741423949751e-01
40654.086614	1.5337279353628561e-01
40716.153922	1.5328211049471555e-01
40778.221229	1.5302725463114042e-01
40840.288537	1.5300867638737578e-01
40902.355845	1.5280945073348029e-01
40964.423153	1.5258551138907561e-01
41026.490461	1.5248219628743417e-01
41088.557768	1.5247051396768574e-01
41150.625076	1.5244739490305964e-01
41212.692384	1.5238538555019732e-01
41274.759692	1.5222356906511203e-01
41336.827000	1.5216548733147345e-01
41398.894307	1.5192956519168829e-01
41460.961615	1.5180932660900870e-01
41523.028923	1.5137802415424664e-01
41585.096231	1.5135923442721974e-01
41647.163539	1.5115975711953208e-01
41709.230846	1.5112377426974963e-01
41771.298154	1.5112583800146900e-01
41833.365462	1.5113027329034678e-01
41895.432770	1.5109531792260605e-01
41957.500078	1.5102875297102664e-01
42019.567386	1.5097296426978782e-01
42081.634693	1.5079140912849498e-01
42143.702001	1.5078146113672294e-01
42205.769309	1.5058794025851432e-01
42267.836617	1.5050790945934051e-01
42329.903925	1.5048331291983058e-01
42391.971232	1.5035971937257964e-01
42454.038540	1.5020691572521849e-01
42516.105848	1.4996265083123317e-01
42578.173156	1.4982900753651859e-01
42640.240464	1.4982038018935909e-01
42702.307771	1.4974753275275729e-01
42764.375079	1.4962618205070949e-01
42826.442387	1.4946858741750133e-01
42888.509695	1.4938839752957192e-01
42950.577003	1.4935896746417771e-01
43012.644310	1.4894694298467315e-01
43074.711618	1.4876287459668452e-01
43136.778926	1.4855038953676034e-01
43198.846234	1.4844071666286671e-01
43260.913542	1.4845709064914744e-01
43322.980849	1.4839131924186075e-01
43385.048157	1.4839237473577477e-01
43447.115465	1.4810281528147926e-01
43509.182773	1.4792776956520703e-01
43571.250081	1.4736011786241093e-01
43633.317389	1.4731852186258038e-01
43695.384696	1.4732380823676289e-01
43757.452004	1.4725266660530742e-01
43819.519312	1.4722913740691979e-01
43881.586620	1.4719184039588509e-01
43943.653928	1.4714300142027961e-01
44005.721235	1.4704405340471891e-01
44067.788543	1.4699712742504570e-01
44129.855851	1.4694723223441955e-01
44191.923159	1.4665483466008533e-01
44253.990467	1.4654125230365644e-01
44316.057774	1.4647546741659687e-01
44378.125082	1.4640947683259276e-01
44440.192390	1.4639727706489017e-01
44502.259698	1.4633223195313372e-01
44564.327006	1.4625656841279380e-01
44626.394313	1.4623088890830874e-01
44688.461621	1.4581212366611754e-01
44750.528929	1.4577394334987975e-01
44812.596237	1.4572868798443089e-01
44874.663545	1.4562990388470429e-01
44936.730852	1.4546522645958257e-01
44998.798160	1.4547377651254867e-01
45060.865468	1.4540164807290598e-01
45122.932776	1.4531795290601293e-01
45185.000084	1.4524461138170675e-01
45247.067392	1.4519549954811370e-01
45309.134699	1.4511662725742092e-01
45371.202007	1.4502337526321790e-01
45433.269315	1.4486240308177917e-01
45495.336623	1.4428855055106626e-01
45557.403931	1.4423763713556487e-01
45619.471238	1.4415775228326666e-01
45681.538546	1.4402351501461644e-01
45743.605854	1.4387477268973439e-01
45805.673162	1.4383630242706602e-01
45867.740470	1.4372959684881406e-01
45929.807777	1.4371367615347383e-01
45991.875085	1.4365828379294909e-01
46053.942393	1.4365054239647901e-01
46116.009701	1.4361487564435485e-01
46178.077009	1.4348350979689620e-01
46240.144316	1.4335481904441708e-01
46302.211624	1.4313958502004134e-01
46364.278932	1.4307217165717787e-01
46426.346240	1.4302213904857022e-01
46488.413548	1.4299334829130683e-01
46550.480855	1.4281496265137109e-01
46612.548163	1.4281046494794578e-01
46674.615471	1.4277454988731347e-01
46736.682779	1.4276206514689554e-01
46798.750087	1.4246104131867185e-01
46860.817394	1.4232072960621939e-01
46922.884702	1.4156685942771763e-01
46984.952010	1.4139757772935671e-01
47047.019318	1.4123345497975770e-01
47109.086626	1.4110708251087967e-01
47171.153934	1.4086671989916608e-01
47233.221241	1.4082851237295566e-01
47295.288549	1.4075745216779381e-01
47357.355857	1.4078793543640911e-01
47419.423165	1.4066479991903397e-01
47481.490473	1.4050128591031893e-01
47543.557780	1.4032903003890498e-01
47605.625088	1.4024948725228395e-01
47667.692396	1.4021200712951531e-01
47729.759704	1.4008565483278990e-01
47791.827012	1.4005739949321774e-01
47853.894319	1.3989808884915048e-01
47915.961627	1.3988070207552727e-01
47978.028935	1.3980210300295876e-01
48040.096243	1.3980175492354438e-01
48102.163551	1.3975318331192765e-01
48164.230858	1.3957486051750628e-01
48226.298166	1.3931089203068375e-01
48288.365474	1.3813985622699068e-01
48350.432782	1.3805125656614445e-01
48412.500090	1.3761371974541226e-01
48474.567397	1.3594085701470238e-01
48536.634705	1.3566798699989843e-01
48598.702013	1.3549147732441727e-01
48660.769321	1.3551173036024647e-01
48722.836629	1.3518429454342401e-01
48784.903937	1.3499454385601967e-01
48846.971244	1.3460625402741586e-01
48909.038552	1.3455176486403744e-01
48971.105860	1.3439353597929224e-01
49033.173168	1.3430459214360344e-01
49095.240476	1.3428783498538788e-01
49157.307783	1.3414085234072043e-01
49219.375091	1.3405653208039156e-01
49281.442399	1.3392072905116639e-01
49343.509707	1.3383346768589563e-01
49405.577015	1.3361519172807945e-01
49467.644322	1.3357237208335754e-01
49529.711630	1.3346077677169960e-01
49591.778938	1.3344370504465980e-01
49653.846246	1.3336243524742195e-01
49715.913554	1.3327449226926960e-01
49777.980861	1.3266127982298045e-01
49840.048169	1.3255687872070773e-01
49902.115477	1.3248259653475225e-01
49964.182785	1.3235156356959268e-01
50026.250093	1.3222859335165837e-01
50088.317400	1.3164073375731833e-01
50150.384708	1.3139860406403622e-01
50212.452016	1.3138048901630581e-01
50274.519324	1.3128376367325589e-01
50336.586632	1.3027413081459249e-01
50398.653940	1.2977781113869327e-01
50460.721247	1.2965039647948695e-01
50522.788555	1.2953664599128334e-01
50584.855863	1.2945308983705067e-01
50646.923171	1.2921806227067842e-01
50708.990479	1.2908891517794935e-01
50771.057786	1.2847972493409177e-01
50833.125094	1.2703945640788347e-01
50895.192402	1.2660831306918682e-01
50957.259710	1.2626150900448757e-01
51019.327018	1.2619228832533352e-01
51081.394325	1.2610861977324606e-01
51143.461633	1.2567139126186269e-01
51205.528941	1.2566056330274913e-01
51267.596249	1.2556660941984862e-01
51329.663557	1.2542374622310831e-01
51391.730864	1.2516851263309958e-01
51453.798172	1.2426492663842724e-01
51515.865480	1.2415386694378401e-01
51577.932788	1.2413034065964422e-01
51640.000096	1.2412276062401818e-01
51702.067403	1.2352935006782009e-01
51764.134711	1.2343076891307704e-01
51826.202019	1.2298793606237758e-01
51888.269327	1.2293383226309733e-01
51950.336635	1.2284546701766179e-01
52012.403942	1.2212817880783712e-01
52074.471250	1.2193785221935194e-01
52136.538558	1.2172748926670050e-01
52198.605866	1.2170451030347385e-01
52260.673174	1.2093378712783895e-01
52322.740482	1.2090315144968351e-01
52384.807789	1.2089624604091020e-01
52446.875097	1.2024747168903994e-01
52508.942405	1.2015735288132101e-01
52571.009713	1.1984823983177419e-01
52633.077021	1.1961262411667012e-01
52695.144328	1.1930147057067220e-01
52757.211636	1.1809936077217238e-01
52819.278944	1.1806253742608075e-01
52881.346252	1.1724959732562834e-01
52943.413560	1.1689913448073405e-01
53005.480867	1.1632528989248271e-01
53067.548175	1.1612822464491630e-01
53129.615483	1.1600956588410111e-01
53191.682791	1.1488860863596097e-01
53253.750099	1.1445669983786648e-01
53315.817406	1.1440234987960897e-01
53377.884714	1.1421706100485825e-01
53439.952022	1.1296808769646129e-01
53502.019330	1.1285471464273231e-01
53564.086638	1.1250904701120225e-01
53626.153945	1.1236665432474434e-01
53688.221253	1.1175820021770395e-01
53750.288561	1.0994504071011159e-01
53812.355869	1.0982480710779385e-01
53874.423177	1.0978557213808486e-01
53936.490485	1.0950610297379659e-01
53998.557792	1.0924749690452651e-01
54060.625100	1.0924270670718231e-01
54122.692408	1.0918528912277581e-01
54184.759716	1.0810568297922812e-01
54246.827024	1.0754580374458740e-01
54308.894331	1.0711556233848718e-01
54370.961639	1.0686694401062150e-01
54433.028947	1.0662299619878372e-01
54495.096255	1.0555112562771687e-01
54557.163563	1.0527342646103037e-01
54619.230870	1.0519354917866580e-01
54681.298178	1.0427607509367826e-01
54743.365486	1.0368557855715473e-01
54805.432794	1.0323966441213707e-01
54867.500102	1.0309444616302717e-01
54929.567409	1.0238769534129447e-01
54991.634717	1.0175580269327031e-01
55053.702025	1.0164466842214814e-01
55115.769333	1.0145565540952130e-01
55177.836641	1.0136042382753951e-01
55239.903948	1.0098313137595298e-01
55301.971256	1.0003960816456027e-01
55364.038564	9.9274166050823842e-02
55426.105872	9.9256371438075558e-02
55488.173180	9.9156194685462343e-02
55550.240488	9.9094660449067409e-02
55612.307795	9.8216745737693553e-02
55674.375103	9.6379837928996431e-02
55736.442411	9.1659774408943073e-02
55798.509719	9.1640421391140411e-02
55860.577027	9.1514983321374463e-02
55922.644334	9.0997537157268063e-02
55984.711642	9.0661909627384185e-02
56046.778950	9.0127806004291461e-02
56108.846258	8.9704218031378846e-02
56170.913566	8.8214785748147354e-02
56232.980873	8.7262940996894273e-02
56295.048181	8.7090861107378056e-02
56357.115489	8.6670498019218986e-02
56419.182797	8.5610644024437937e-02
56481.250105	8.5284277697764560e-02
56543.317412	8.4985529245687433e-02
56605.384720	8.4808665505304345e-02
56667.452028	8.4769276815966993e-02
56729.519336	8.4776205873600866e-02
56791.586644	8.4715192188522775e-02
56853.653951	8.4678334759316173e-02
56915.721259	8.4563522660751067e-02
56977.788567	8.4240216828682324e-02
57039.855875	8.4134764120066943e-02
57101.923183	8.4059890540698706e-02
57163.990490	8.3843621470313254e-02
57226.057798	8.3739814709488838e-02
57288.125106	8.3629952444995062e-02
57350.192414	8.3467337920886675e-02
57412.259722	8.2756711529684487e-02
57474.327030	8.2381619217375565e-02
57536.394337	8.1908942846498592e-02
57598.461645	8.1548885767281518e-02
57660.528953	8.1249564036953784e-02
57722.596261	8.0466890699941951e-02
57784.663569	8.0049601644360938e-02
57846.730876	7.9864430680580273e-02
57908.798184	7.9393770110874631e-02
57970.865492	7.9255248654531846e-02
58032.932800	7.8654121647822095e-02
58095.000108	7.8501785128576126e-02
58157.067415	7.8254999187683874e-02
58219.134723	7.8269513815382122e-02
58281.202031	7.8104328569265816e-02
58343.269339	7.7513670895032055e-02
58405.336647	7.7424805143026562e-02
58467.403954	7.7019168661714668e-02
58529.471262	7.6599611630069522e-02
58591.538570	7.6522280355152530e-02
58653.605878	7.6305798627784804e-02
58715.673186	7.5992203694863689e-02
58777.740493	7.4930332175408759e-02
58839.807801	7.4548589846932758e-02
58901.875109	7.4444677673917548e-02
58963.942417	7.3967639386313511e-02
59026.009725	7.3877003359600846e-02
59088.077033	7.3705137878816857e-02
59150.144340	7.3650802604611973e-02
59212.211648	7.3366909157616317e-02
59274.278956	7.2376559243004665e-02
59336.346264	7.1966815500223880e-02
59398.413572	7.1680202155136402e-02
59460.480879	7.1394303178197463e-02
59522.548187	7.1033747714216139e-02
59584.615495	7.0909973564854969e-02
59646.682803	7.0694699868638092e-02
59708.750111	7.0661425124907473e-02
59770.817418	7.0599578073081606e-02
59832.884726	7.0455467620766987e-02
59894.952034	7.0374256119526565e-02
59957.019342	6.9573854959322959e-02
60019.086650	6.9432882395303624e-02
60081.153957	6.9203825852341846e-02
60143.221265	6.9017563649865332e-02
60205.288573	6.8745965209785778e-02
60267.355881	6.8730981407385469e-02
60329.423189	6.8438025936617367e-02
60391.490496	6.8361315145832977e-02
60453.557804	6.8226642372936658e-02
60515.625112	6.8063268012530181e-02
60577.692420	6.7836122556077585e-02
60639.759728	6.7500554990192529e-02
60701.827036	6.7328357041223780e-02
60763.894343	6.7129429984405950e-02
60825.961651	6.6891281176911302e-02
60888.028959	6.6728413779658116e-02
60950.096267	6.6682391013525869e-02
61012.163575	6.6462415532608246e-02
61074.230882	6.6094232279034229e-02
61136.298190	6.5941263172361542e-02
61198.365498	6.5861616928998640e-02
61260.432806	6.5570543275238063e-02
61322.500114	6.5326288064930543e-02
61384.567421	6.4951599431796500e-02
61446.634729	6.4631733273323749e-02
61508.702037	6.4530613801868794e-02
61570.769345	6.4482666201921057e-02
61632.836653	6.4121121873844375e-02
61694.903960	6.4079661879208993e-02
61756.971268	6.3976666011408279e-02
61819.038576	6.3833732287718686e-02
61881.105884	6.3655654624652308e-02
61943.173192	6.3581276352489682e-02
62005.240499	6.3300849314629315e-02
62067.307807	6.3297492542537276e-02
62129.375115	6.3125474346630309e-02
62191.442423	6.2946750739008323e-02
62253.509731	6.2784328008835585e-02
62315.577039	6.2718341566201888e-02
62377.644346	6.2396379253300042e-02
62439.711654	6.2138472287757679e-02
62501.778962	6.1830449992462906e-02
62563.846270	6.1550249724746750e-02
62625.913578	6.1499545939928110e-02
62687.980885	6.0971230685476531e-02
62750.048193	6.0895206461383140e-02
62812.115501	6.0839228540268547e-02
62874.182809	6.0352014153779714e-02
62936.250117	6.0277345962761145e-02
62998.317424	5.9818203550448951e-02
63060.384732	5.9198615815105701e-02
63122.452040	5.8669710765313174e-02
63184.519348	5.8204474888589687e-02
63246.586656	5.7890893894301680e-02
63308.653963	5.7545684434197136e-02
63370.721271	5.7538560016212194e-02
63432.788579	5.5699308731927348e-02
63494.855887	5.5687985595507306e-02
63556.923195	5.5199767420422430e-02
63618.990502	5.4902028567498526e-02
63681.057810	5.4885428042326781e-02
63743.125118	5.4858113130303407e-02
63805.192426	5.4507220695404257e-02
63867.259734	5.4287771640752186e-02
63929.327041	5.4047661755969284e-02
63991.394349	5.3953497368538036e-02
64053.461657	5.3853641658760741e-02
64115.528965	5.3750046122055167e-02
64177.596273	5.3474687349055507e-02
64239.663581	5.2867824157604291e-02
64301.730888	5.2668497572065313e-02
64363.798196	5.2638276848390016e-02
64425.865504	5.2471356433407071e-02
64487.932812	5.2420485994722828e-02
64550.000120	5.1994785920957479e-02
64612.067427	5.0734635729101710e-02
64674.134735	5.0716302785091996e-02
64736.202043	5.0482340383832286e-02
64798.269351	5.0239537767511631e-02
64860.336659	5.0119175335251766e-02
64922.403966	4.9950342825202595e-02
64984.471274	4.9336421054809461e-02
65046.538582	4.9049498126448765e-02
65108.605890	4.8758128250451449e-02
65170.673198	4.8570270034184543e-02
65232.740505	4.8259788361665300e-02
65294.807813	4.7855942256668067e-02
65356.875121	4.7311246501600561e-02
65418.942429	4.7236602512820858e-02
65481.009737	4.6981095293403816e-02
65543.077044	4.5752126830070419e-02
65605.144352	4.4502510729999459e-02
65667.211660	4.4147724429158715e-02
65729.278968	4.4094868517300739e-02
65791.346276	4.3941858989169802e-02
65853.413584	4.3845818684716577e-02
65915.480891	4.3768605881102089e-02
65977.548199	4.3711974502767842e-02
66039.615507	4.3398889400203415e-02
66101.682815	4.3216731281822629e-02
66163.750123	4.2815220167750037e-02
66225.817430	4.0904693064595252e-02
66287.884738	4.0725961976087230e-02
66349.952046	4.0596260844672244e-02
66412.019354	3.9785503972974083e-02
66474.086662	3.9321559078387469e-02
66536.153969	3.8889563437202644e-02
66598.221277	3.8838965832329278e-02
66660.288585	3.7748206005185317e-02
66722.355893	3.7690623201640273e-02
66784.423201	3.7166673383908971e-02
66846.490508	3.6737399313914169e-02
66908.557816	3.6128674717758970e-02
66970.625124	3.5553871188794745e-02
67032.692432	3.5460882823351858e-02
67094.759740	3.5218885995027677e-02
67156.827047	3.5105553787479302e-02
67218.894355	3.4461945369546533e-02
67280.961663	3.3917629627522386e-02
67343.028971	3.3678872167160832e-02
67405.096279	3.3568783343493350e-02
67467.163587	3.3284664994902083e-02
67529.230894	3.2895239090489165e-02
67591.298202	3.2642203800315878e-02
67653.365510	3.2401368342825865e-02
67715.432818	3.2357483384310097e-02
67777.500126	3.2329732445040955e-02
67839.567433	3.2218178634953736e-02
67901.634741	3.1824481582978417e-02
67963.702049	3.1542777386683020e-02
68025.769357	3.1449984992944817e-02
68087.836665	3.1300322298709833e-02
68149.903972	3.1223427756632016e-02
68211.971280	3.0914279122408721e-02
68274.038588	3.0816400092301334e-02
68336.105896	3.0721669565473064e-02
68398.173204	3.0557368147227770e-02
68460.240511	3.0465292150432092e-02
68522.307819	2.9839493476292177e-02
68584.375127	2.9649132436863346e-02
68646.442435	2.9637487778831757e-02
68708.509743	2.9563822841465130e-02
68770.577050	2.9395353895488703e-02
68832.644358	2.9304262881736071e-02
68894.711666	2.9115137103116327e-02
68956.778974	2.9013411649573540e-02
69018.846282	2.8558654074151736e-02
69080.913589	2.8509389544867873e-02
69142.980897	2.8170946791018062e-02
69205.048205	2.8097070051299199e-02
69267.115513	2.7966885491262965e-02
69329.182821	2.7810457186706862e-02
69391.250129	2.7399562418205257e-02
69453.317436	2.7254444592039649e-02
69515.384744	2.6997596141529072e-02
69577.452052	2.6947618966370237e-02
69639.519360	2.6913375961181145e-02
69701.586668	2.6895365089028355e-02
69763.653975	2.6707052491072060e-02
69825.721283	2.6658200939123355e-02
69887.788591	2.6631442110040333e-02
69949.855899	2.6612125801590541e-02
70011.923207	2.6566501977434851e-02
70073.990514	2.6528025451019552e-02
70136.057822	2.6404208252253654e-02
70198.125130	2.6345713771069649e-02
70260.192438	2.6072789162160097e-02
70322.259746	2.5638581441874374e-02
70384.327053	2.5597677232855269e-02
70446.394361	2.5546007658589918e-02
70508.461669	2.5520804424752505e-02
70570.528977	2.5409244410127811e-02
70632.596285	2.5205098684936096e-02
70694.663592	2.5193442145832599e-02
70756.730900	2.5028596820123400e-02
70818.798208	2.4933927327797062e-02
70880.865516	2.4740365858710523e-02
70942.932824	2.4646238371328368e-02
71005.000132	2.4282803093910298e-02
71067.067439	2.3989543349607744e-02
71129.134747	2.3813442719019886e-02
71191.202055	2.3703702229623619e-02
71253.269363	2.3241760215518912e-02
71315.336671	2.3228122365683897e-02
71377.403978	2.2618505056168043e-02
71439.471286	2.2249580236703065e-02
71501.538594	2.2150481220929844e-02
71563.605902	2.2095411660380322e-02
71625.673210	2.1986377869380510e-02
71687.740517	2.1847533625846360e-02
71749.807825	2.1689218853393494e-02
71811.875133	2.1569061640861135e-02
71873.942441	2.1538395774780363e-02
71936.009749	2.1325963847578677e-02
71998.077056	2.1185952594065770e-02
72060.144364	2.1067647574720370e-02
72122.211672	2.0736265651550716e-02
72184.278980	2.0632568520439834e-02
72246.346288	2.0480710994727074e-02
72308.413595	2.0436576202544049e-02
72370.480903	2.0390255362871094e-02
72432.548211	1.9851402230528621e-02
72494.615519	1.9828057327298757e-02
72556.682827	1.9502546577635581e-02
72618.750135	1.9202416293513019e-02
72680.817442	1.9034427478031697e-02
72742.884750	1.8749293404134955e-02
72804.952058	1.8539393421855514e-02
72867.019366	1.8380776414579358e-02
72929.086674	1.8311795101513352e-02
72991.153981	1.8275336878913469e-02
73053.221289	1.8160448308955048e-02
73115.288597	1.8089430506360880e-02
73177.355905	1.8041295140836158e-02
73239.423213	1.7888123196595999e-02
73301.490520	1.7537263743142014e-02
73363.557828	1.7351572685874957e-02
73425.625136	1.7050295010507917e-02
73487.692444	1.6677216055764596e-02
73549.759752	1.6615930983602270e-02
73611.827059	1.6303626652406488e-02
73673.894367	1.5754783787310423e-02
73735.961675	1.5711033408114212e-02
73798.028983	1.5596187120444806e-02
73860.096291	1.5537612173256511e-02
73922.163598	1.5378817981700266e-02
73984.230906	1.5221395858279101e-02
74046.298214	1.5199332215774726e-02
74108.365522	1.5181301804003179e-02
74170.432830	1.5083008291173722e-02
74232.500137	1.4815369931018530e-02
74294.567445	1.4694150987600393e-02
74356.634753	1.4647308441130345e-02
74418.702061	1.4557473420502840e-02
74480.769369	1.4435087788505090e-02
74542.836677	1.4271401380790314e-02
74604.903984	1.3814642801885508e-02
74666.971292	1.3678490244648775e-02
74729.038600	1.3619266451821856e-02
74791.105908	1.3580579204132803e-02
74853.173216	1.3528453720480001e-02
74915.240523	1.3364147419234579e-02
74977.307831	1.3245293461176245e-02
75039.375139	1.3168967374493074e-02
75101.442447	1.3133467422184027e-02
75163.509755	1.2970543737784251e-02
75225.577062	1.2924037240124208e-02
75287.644370	1.2898665656103770e-02
75349.711678	1.2833027117839832e-02
75411.778986	1.2816169511231929e-02
75473.846294	1.2749544725952905e-02
75535.913601	1.2732743222286434e-02
75597.980909	1.2664693145668961e-02
75660.048217	1.2602684051398298e-02
75722.115525	1.2539081083900058e-02
75784.182833	1.2492969457719636e-02
75846.250140	1.2336049370789109e-02
75908.317448	1.2307684175573836e-02
75970.384756	1.2261455202557857e-02
76032.452064	1.2230477767577422e-02
76094.519372	1.2181123183975054e-02
76156.586680	1.2140753680205460e-02
76218.653987	1.2065316831788946e-02
76280.721295	1.1995895905676603e-02
76342.788603	1.1946821662680039e-02
76404.855911	1.1871541508308331e-02
76466.923219	1.1797909543426492e-02
76528.990526	1.1718740782088559e-02
76591.057834	1.1682701821080360e-02
76653.125142	1.1607127619501570e-02
76715.192450	1.1595125806502902e-02
76777.259758	1.1575727408868209e-02
76839.327065	1.1535468893513047e-02
76901.394373	1.1465490091975283e-02
76963.461681	1.0941012471070519e-02
77025.528989	1.0895696758084678e-02
77087.596297	1.0738199289369321e-02
77149.663604	1.0703473858625016e-02
77211.730912	1.0682442245641422e-02
77273.798220	1.0623287552301814e-02
77335.865528	1.0603411193858450e-02
77397.932836	1.0546346391455722e-02
77460.000143	1.0450861339206769e-02
77522.067451	1.0266173692426129e-02
77584.134759	1.0207379533640643e-02
77646.202067	1.0187008873744791e-02
77708.269375	1.0121309904142299e-02
77770.336683	9.6947766020487099e-03
77832.403990	9.6515737673928525e-03
77894.471298	9.6210337911480683e-03
77956.538606	9.5804290413084477e-03
78018.605914	9.5254812480778748e-03
78080.673222	9.5032685208600535e-03
78142.740529	9.4110701016364810e-03
78204.807837	9.3720888478138129e-03
78266.875145	9.3351427700180140e-03
78328.942453	9.1865330097259546e-03
78391.009761	9.0370786761602463e-03
78453.077068	8.9762859688230744e-03
78515.144376	8.8947496471496416e-03
78577.211684	8.8544589402972298e-03
78639.278992	8.6572665120945129e-03
78701.346300	8.6085078464168182e-03
78763.413607	8.5782161397750401e-03
78825.480915	8.5358802519604291e-03
78887.548223	8.4644550890385171e-03
78949.615531	8.4116012420742455e-03
79011.682839	8.3866990097786042e-03
79073.750146	8.3453464184417032e-03
79135.817454	8.3043257795083255e-03
79197.884762	8.0590032434032493e-03
79259.952070	8.0387533499503751e-03
79322.019378	8.0163186666268142e-03
79384.086686	7.9429587368600261e-03
79446.153993	7.8719419266655658e-03
79508.221301	7.8295719953436378e-03
79570.288609	7.7188319842719667e-03
79632.355917	7.6786992929832164e-03
79694.423225	7.5946284811872116e-03
79756.490532	7.5646463291171601e-03
79818.557840	7.4830651245452046e-03
79880.625148	7.4369396110232572e-03
79942.692456	7.3901600067108183e-03
80004.759764	7.3284816677261005e-03
80066.827071	7.2846322043612789e-03
80128.894379	7.2593825214585760e-03
80190.961687	7.2294574556514618e-03
80253.028995	7.2067060514504214e-03
80315.096303	7.1859125349788026e-03
80377.163610	7.1657050343936664e-03
80439.230918	7.1252438855184909e-03
80501.298226	7.1030596954868895e-03
80563.365534	7.0487180020031067e-03
80625.432842	7.0051156812303552e-03
80687.500149	6.9730908656743633e-03
80749.567457	6.9402649982559603e-03
80811.634765	6.9082280197338974e-03
80873.702073	6.8927839543598797e-03
80935.769381	6.8656619795956731e-03
80997.836688	6.8457917207887693e-03
81059.903996	6.8123039314496262e-03
81121.971304	6.7846262435123086e-03
81184.038612	6.7576438987970132e-03
81246.105920	6.6521588089128751e-03
81308.173228	6.6041978232328829e-03
81370.240535	6.5705311458520909e-03
81432.307843	6.5253695290878920e-03
81494.375151	6.4777901464063521e-03
81556.442459	6.4357023894977845e-03
81618.509767	6.3946336501150697e-03
81680.577074	6.3660119727772177e-03
81742.644382	6.3298800287965489e-03
81804.711690	6.2152159763622641e-03
81866.778998	6.1869716298869129e-03
81928.846306	6.1542350354608462e-03
81990.913613	6.0905111883161767e-03
82052.980921	6.0646722263067660e-03
82115.048229	5.9954346048067273e-03
82177.115537	5.9544853513047212e-03
82239.182845	5.9387016201942963e-03
82301.250152	5.9136617205139330e-03
82363.317460	5.8890397624830398e-03
82425.384768	5.8620592314671573e-03
82487.452076	5.8172695229654035e-03
82549.519384	5.7872085700996952e-03
82611.586691	5.6575524643265231e-03
82673.653999	5.6343242590669836e-03
82735.721307	5.6012507728989847e-03
82797.788615	5.5209810278739214e-03
82859.855923	5.4821215729822124e-03
82921.923231	5.4470538166989631e-03
82983.990538	5.3776522392169641e-03
83046.057846	5.3468980909056121e-03
83108.125154	5.2665428817530186e-03
83170.192462	5.1917069316111362e-03
83232.259770	5.1426829462549433e-03
83294.327077	5.1182315916653018e-03
83356.394385	5.0165642618204432e-03
83418.461693	4.9740942775064476e-03
83480.529001	4.9325468636648960e-03
83542.596309	4.8805291006331249e-03
83604.663616	4.8347887380358100e-03
83666.730924	4.7634027728112845e-03
83728.798232	4.7061624234923062e-03
83790.865540	4.6833022401483303e-03
83852.932848	4.6343081570231776e-03
83915.000155	4.6058356611150203e-03
83977.067463	4.5553754400727278e-03
84039.134771	4.5050321265352094e-03
84101.202079	4.4498552652568772e-03
84163.269387	4.4227304223213738e-03
84225.336694	4.3951521849803490e-03
84287.404002	4.3720181652278766e-03
84349.471310	4.3478759564520185e-03
84411.538618	4.3236044815899259e-03
84473.605926	4.3024783485991992e-03
84535.673234	4.2853791596877818e-03
84597.740541	4.2318592325643551e-03
84659.807849	4.1945175296289787e-03
84721.875157	4.1630074257757973e-03
84783.942465	4.1342298974128711e-03
84846.009773	4.0945863559933206e-03
84908.077080	4.0267278468151665e-03
84970.144388	3.9750106853216867e-03
85032.211696	3.9471960957819709e-03
85094.279004	3.9098074089694507e-03
85156.346312	3.8726855708664828e-03
85218.413619	3.8283278347610492e-03
85280.480927	3.8018363840870702e-03
85342.548235	3.7799202552831418e-03
85404.615543	3.7584567433292990e-03
85466.682851	3.7322348298911702e-03
85528.750158	3.7017791409739787e-03
85590.817466	3.6616723886522306e-03
85652.884774	3.6239544124066210e-03
85714.952082	3.5724054463647215e-03
85777.019390	3.5095264942348469e-03
85839.086697	3.4431929658705375e-03
85901.154005	3.3837284640569807e-03
85963.221313	3.2918157154828843e-03
86025.288621	3.2433972214977649e-03
86087.355929	3.2061301178961913e-03
86149.423236	3.1488978102058181e-03
86211.490544	3.1020696347805331e-03
86273.557852	2.9989959155905556e-03
86335.625160	2.9568716342188240e-03
86397.692468	2.9219708479925124e-03
86459.759776	2.8017101920773135e-03
86521.827083	2.7649412605547483e-03
86583.894391	2.7361718229929576e-03
86645.961699	2.6998148414587812e-03
86708.029007	2.6755576933047806e-03
86770.096315	2.6543757997153031e-03
86832.163622	2.6141579845689856e-03
86894.230930	2.5646090231738077e-03
86956.298238	2.5409362691890718e-03
87018.365546	2.5106723153894227e-03
87080.432854	2.4722364234475431e-03
87142.500161	2.4365596384048247e-03
87204.567469	2.4160483610749413e-03
87266.634777	2.3526751244858628e-03
87328.702085	2.2812257520775079e-03
87390.769393	2.1902901871941110e-03
87452.836700	2.1543547358796079e-03
87514.904008	2.0977355630539831e-03
87576.971316	2.0679602011010067e-03
87639.038624	2.0216589384502129e-03
87701.105932	2.0004770448601556e-03
87763.173239	1.9738248386332708e-03
87825.240547	1.9153087798144952e-03
87887.307855	1.8269790381136195e-03
87949.375163	1.7499443902810295e-03
88011.442471	1.7208300643559648e-03
88073.509779	1.6835917014502008e-03
88135.577086	1.6300765238861053e-03
88197.644394	1.6052445617940512e-03
88259.711702	1.5641166245791037e-03
88321.779010	1.4896015778383795e-03
88383.846318	1.3969224106784720e-03
88445.913625	1.3536293409663256e-03
88507.980933	1.3173490012893818e-03
88570.048241	1.2389443802400541e-03
88632.115549	1.1187507859491000e-03
88694.182857	1.0828344950996661e-03
88756.250164	1.0420993474091619e-03
88818.317472	1.0113947029246617e-03
88880.384780	9.6515092166827871e-04
88942.452088	9.3836459218975070e-04
89004.519396	9.0652948029519196e-04
89066.586703	8.5916481186108589e-04
89128.654011	8.3105641032673531e-04
89190.721319	7.7751249206657635e-04
89252.788627	7.2058675180857725e-04
89314.855935	6.8378907958860705e-04
89376.923242	6.6090190465148922e-04
89438.990550	6.2864526253624247e-04
89501.057858	5.4489487187055522e-04
89563.125166	5.1590508896570458e-04
89625.192474	4.6622200431775955e-04
89687.259782	3.6172083051529223e-04
89749.327089	3.1621472714514064e-04
89811.394397	2.5650113929119166e-04
89873.461705	1.8924790862620726e-04
89935.529013	1.5740321649938572e-04
89997.596321	1.2666983131802450e-04
90059.663628	8.3855773220904570e-05
90121.730936	4.8408913753581651e-05
