-10705.160204	2.6141144522990386e-04
-10694.123956	6.2103596678688951e-04
-10683.087709	9.6682877597631389e-04
-10672.051461	2.4329902869394283e-03
-10661.015213	2.9309319321721736e-03
-10649.978966	4.3141031689298221e-03
-10638.942718	4.6460642657516855e-03
-10627.906470	4.8397082388977391e-03
-10616.870223	5.7387695427902029e-03
-10605.833975	6.6654942714178388e-03
-10594.797728	8.1731509194837362e-03
-10583.761480	9.6254807180792389e-03
-10572.725232	9.6116490057116775e-03
-10561.688985	9.7084709922847044e-03
-10550.652737	1.0828839694058444e-02
-10539.616489	1.2032198670037599e-02
-10528.580242	1.2212010930816093e-02
-10517.543994	1.2488645178167612e-02
-10506.507746	1.4618728882774403e-02
-10495.471499	1.5102838815639587e-02
-10484.435251	1.6250870942148450e-02
-10473.399004	1.6264702654516010e-02
-10462.362756	1.6693485737910900e-02
-10451.326508	1.7329744506819407e-02
-10440.290261	1.7385071356289750e-02
-10429.254013	1.8892728004355597e-02
-10418.217765	1.9764125883512888e-02
-10407.181518	1.9833284445350794e-02
-10396.145270	2.0289730953480807e-02
-10385.109023	2.0732345749243208e-02
-10374.072775	2.3042241714627949e-02
-10363.036527	2.3858312744314800e-02
-10352.000280	2.5642603639731771e-02
-10340.964032	2.6182040422067152e-02
-10329.927784	2.6320357545742912e-02
-10318.891537	2.6431011244683500e-02
-10307.855289	2.6735308916770093e-02
-10296.819041	2.6832130903343118e-02
-10285.782794	2.7758855631970558e-02
-10274.746546	2.9805949062371440e-02
-10263.710299	3.0248563858133792e-02
-10252.674051	3.0967812901247616e-02
-10241.637803	3.1092298312555763e-02
-10230.601556	3.1216783723863915e-02
-10219.565308	3.2641450097723998e-02
-10208.529060	3.2765935509032146e-02
-10197.492813	3.3056401468751183e-02
-10186.456565	3.3277708866632359e-02
-10175.420317	3.3844809073702908e-02
-10164.384070	3.4079948183951644e-02
-10153.347822	3.6403675861703996e-02
-10142.311575	3.7607034837682907e-02
-10131.275327	3.7773015386093789e-02
-10120.239079	3.8077313058180379e-02
-10109.202832	3.9363662308364709e-02
-10098.166584	3.9792445391759496e-02
-10087.130336	3.9958425940170378e-02
-10076.094089	4.1867202246895552e-02
-10065.057841	4.1894865671630671e-02
-10054.021594	4.2171499918982142e-02
-10042.985346	4.2143836494247022e-02
-10031.949098	4.2531124440539081e-02
-10020.912851	4.3015234373404120e-02
-10009.876603	4.3388690607328612e-02
-9998.840355	4.3886632252561258e-02
-9987.804108	4.4384573897793905e-02
-9976.767860	4.5850735408756726e-02
-9965.731612	4.8949038979093196e-02
-9954.695365	4.9405485487223108e-02
-9943.659117	4.9490360031661358e-02
-9932.622870	5.2000199105662420e-02
-9921.586622	5.2386253610527463e-02
-9910.550374	5.3972098695425665e-02
-9899.514127	5.5152859940712652e-02
-9888.477879	5.5764054096075148e-02
-9877.441631	5.6610354379602552e-02
-9866.405384	5.6922382521089311e-02
-9855.369136	5.7079728979511205e-02
-9844.332889	5.7254574492497788e-02
-9833.296641	5.7702222000219607e-02
-9822.260393	5.7869567918392678e-02
-9811.224146	5.8049004271922486e-02
-9800.187898	5.8360867502990153e-02
-9789.151650	6.0562708580623514e-02
-9778.115403	6.0643231971974840e-02
-9767.079155	6.0624895260988097e-02
-9756.042907	6.2585232128734847e-02
-9745.006660	6.4349425158397755e-02
-9733.970412	6.5000946973603327e-02
-9722.934165	6.6120181180201049e-02
-9711.897917	6.7430559495006939e-02
-9700.861669	6.7977561836323391e-02
-9689.825422	6.8699739511463978e-02
-9678.789174	7.2878216052065792e-02
-9667.752926	7.3366422094217121e-02
-9656.716679	7.3737444427371346e-02
-9645.680431	7.6333037497185813e-02
-9634.644183	7.6672795027574986e-02
-9623.607936	7.7785927991205428e-02
-9612.571688	7.8690022007057159e-02
-9601.535441	7.9691003973649560e-02
-9590.499193	8.0233006585090375e-02
-9579.462945	8.1904143916628938e-02
-9568.426698	8.2576931074848162e-02
-9557.390450	8.3937537562997475e-02
-9546.354202	8.4660750787062797e-02
-9535.317955	8.5425294237811811e-02
-9524.281707	8.8182870693002249e-02
-9513.245460	8.9258208843810999e-02
-9502.209212	8.9796478148887013e-02
-9491.172964	9.1821006830679786e-02
-9480.136717	9.1945558206155562e-02
-9469.100469	9.2453565275307195e-02
-9458.064221	9.2498892665026158e-02
-9447.027974	9.2750594227167332e-02
-9435.991726	9.3652353288500689e-02
-9424.955478	9.3740873143405901e-02
-9413.919231	9.4365265473063981e-02
-9402.882983	9.6027369481037822e-02
-9391.846736	9.6740742675863328e-02
-9380.810488	9.7572071271939523e-02
-9369.774240	9.7663945755712411e-02
-9358.737993	9.8323046885652632e-02
-9347.701745	9.8439228736426243e-02
-9336.665497	9.8988606562913500e-02
-9325.629250	9.9436774244739193e-02
-9314.593002	1.0002619662940740e-01
-9303.556754	1.0046897634491941e-01
-9292.520507	1.0060159146853451e-01
-9281.484259	1.0204663056195762e-01
-9270.448012	1.0283436064028494e-01
-9259.411764	1.0351659891068213e-01
-9248.375516	1.0367391723295588e-01
-9237.339269	1.0404994479455526e-01
-9226.303021	1.0416456267444785e-01
-9215.266773	1.0439771385533958e-01
-9204.230526	1.0442228784695644e-01
-9193.194278	1.0446159373228972e-01
-9182.158031	1.0509428960382235e-01
-9171.121783	1.0690482288789892e-01
-9160.085535	1.0761967209516220e-01
-9149.049288	1.0896519694314155e-01
-9138.013040	1.1106806318509715e-01
-9126.976792	1.1122118091594180e-01
-9115.940545	1.1164243417172420e-01
-9104.904297	1.1362191583483854e-01
-9093.868049	1.1451655531793496e-01
-9082.831802	1.1502208110517757e-01
-9071.795554	1.1646227093343832e-01
-9060.759307	1.1832753393157557e-01
-9049.723059	1.1867480480320196e-01
-9038.686811	1.1943739879591712e-01
-9027.650564	1.1982565562768051e-01
-9016.614316	1.2074576444713728e-01
-9005.578068	1.2273974985067472e-01
-8994.541821	1.2316114533264577e-01
-8983.505573	1.2327899009122190e-01
-8972.469326	1.2333409912257312e-01
-8961.433078	1.2407792213864383e-01
-8950.396830	1.2531024944352273e-01
-8939.360583	1.2595213531984684e-01
-8928.324335	1.2604416097694707e-01
-8917.288087	1.2691485933520452e-01
-8906.251840	1.2767180078187082e-01
-8895.215592	1.2801865054031658e-01
-8884.179344	1.2824945757779121e-01
-8873.143097	1.2851031873778573e-01
-8862.106849	1.2959002448132467e-01
-8851.070602	1.2977050058726194e-01
-8840.034354	1.3019228037379779e-01
-8828.998106	1.3041215469399839e-01
-8817.961859	1.3061965089720348e-01
-8806.925611	1.3099490829463098e-01
-8795.889363	1.3104253981259378e-01
-8784.853116	1.3117065440541639e-01
-8773.816868	1.3127855879266392e-01
-8762.780620	1.3162996709811786e-01
-8751.744373	1.3172997453840679e-01
-8740.708125	1.3185861180205893e-01
-8729.671878	1.3200036128932202e-01
-8718.635630	1.3231511079562819e-01
-8707.599382	1.3253822615814329e-01
-8696.563135	1.3265211378874472e-01
-8685.526887	1.3288911500649325e-01
-8674.490639	1.3470818617780408e-01
-8663.454392	1.3519622542766360e-01
-8652.418144	1.3552011031622613e-01
-8641.381897	1.3585464943305628e-01
-8630.345649	1.3629042808588365e-01
-8619.309401	1.3646199802149728e-01
-8608.273154	1.3663609917302483e-01
-8597.236906	1.3675361229667038e-01
-8586.200658	1.3766088136352295e-01
-8575.164411	1.3787104273618533e-01
-8564.128163	1.4033607727775171e-01
-8553.091915	1.4043215623916525e-01
-8542.055668	1.4051390834434357e-01
-8531.019420	1.4082210036542644e-01
-8519.983173	1.4106581980215688e-01
-8508.946925	1.4125434417417546e-01
-8497.910677	1.4131366535288181e-01
-8486.874430	1.4163984981393862e-01
-8475.838182	1.4203666346448648e-01
-8464.801934	1.4238693075080375e-01
-8453.765687	1.4272011291326106e-01
-8442.729439	1.4276346688498073e-01
-8431.693191	1.4320182896682673e-01
-8420.656944	1.4354848880538246e-01
-8409.620696	1.4391698758769250e-01
-8398.584449	1.4460896352810559e-01
-8387.548201	1.4489470521322845e-01
-8376.511953	1.4514879919854248e-01
-8365.475706	1.4532470860718102e-01
-8354.439458	1.4637008256899295e-01
-8343.403210	1.4657274189044955e-01
-8332.366963	1.4682463044789665e-01
-8321.330715	1.4694331508501091e-01
-8310.294468	1.4700118909769774e-01
-8299.258220	1.4711639121799752e-01
-8288.221972	1.4792415154207048e-01
-8277.185725	1.4810947069606384e-01
-8266.149477	1.4812686200617853e-01
-8255.113229	1.4816825634442246e-01
-8244.076982	1.4844203027537275e-01
-8233.040734	1.4944097580200463e-01
-8222.004486	1.5019940235303378e-01
-8210.968239	1.5030000870231205e-01
-8199.931991	1.5053105361967187e-01
-8188.895744	1.5158321680219153e-01
-8177.859496	1.5171265284725444e-01
-8166.823248	1.5171182752499887e-01
-8155.787001	1.5190780893217576e-01
-8144.750753	1.5211810688626759e-01
-8133.714505	1.5221930285902624e-01
-8122.678258	1.5221157972717264e-01
-8111.642010	1.5239143620619566e-01
-8100.605763	1.5264563230250261e-01
-8089.569515	1.5334920989972811e-01
-8078.533267	1.5345031687865571e-01
-8067.497020	1.5414685976605985e-01
-8056.460772	1.5441971415300004e-01
-8045.424524	1.5471905100298927e-01
-8034.388277	1.5539477865369233e-01
-8023.352029	1.5647608817216441e-01
-8012.315781	1.5685858978399411e-01
-8001.279534	1.5688975542728542e-01
-7990.243286	1.5695083044624292e-01
-7979.207039	1.5724769971710600e-01
-7968.170791	1.5745466187400811e-01
-7957.134543	1.5797321315690049e-01
-7946.098296	1.5804890651806494e-01
-7935.062048	1.5808850310629130e-01
-7924.025800	1.5906031533609127e-01
-7912.989553	1.5910150405536450e-01
-7901.953305	1.5968291213309935e-01
-7890.917057	1.6018494361105254e-01
-7879.880810	1.6031526597705067e-01
-7868.844562	1.6066021814384848e-01
-7857.808315	1.6081223162919536e-01
-7846.772067	1.6084800754946216e-01
-7835.735819	1.6113865628713059e-01
-7824.699572	1.6164239891829682e-01
-7813.663324	1.6183614131097426e-01
-7802.627076	1.6214735416515164e-01
-7791.590829	1.6219606369130013e-01
-7780.554581	1.6353320738338953e-01
-7769.518334	1.6395119165116440e-01
-7758.482086	1.6499172597225298e-01
-7747.445838	1.6537444547718702e-01
-7736.409591	1.6545745282859994e-01
-7725.373343	1.6549514228424353e-01
-7714.337095	1.6653698346775619e-01
-7703.300848	1.6706555407530366e-01
-7692.264600	1.6718017555853895e-01
-7681.228352	1.6811412609941517e-01
-7670.192105	1.6824235938635745e-01
-7659.155857	1.6822938492396688e-01
-7648.119610	1.6834519827768205e-01
-7637.083362	1.6842283969750504e-01
-7626.047114	1.6959036929634289e-01
-7615.010867	1.7243983074070027e-01
-7603.974619	1.7293917729864633e-01
-7592.938371	1.7339526584282919e-01
-7581.902124	1.7370342544712492e-01
-7570.865876	1.7506970474812433e-01
-7559.829629	1.7559423128824717e-01
-7548.793381	1.7617943311588491e-01
-7537.757133	1.7643639106608508e-01
-7526.720886	1.7660755470766065e-01
-7515.684638	1.7677942503600896e-01
-7504.648390	1.7697429992505914e-01
-7493.612143	1.7723650554360268e-01
-7482.575895	1.7730985489921822e-01
-7471.539647	1.7751709835399843e-01
-7460.503400	1.7754305834695638e-01
-7449.467152	1.7795545690259582e-01
-7438.430905	1.7877709381405837e-01
-7427.394657	1.7924348435521117e-01
-7416.358409	1.7965359481640197e-01
-7405.322162	1.8029102678310022e-01
-7394.285914	1.8093824678011888e-01
-7383.249666	1.8111159585475051e-01
-7372.213419	1.8129214247485895e-01
-7361.177171	1.8137010590764169e-01
-7350.140923	1.8151554721110225e-01
-7339.104676	1.8176161424445536e-01
-7328.068428	1.8202962526641681e-01
-7317.032181	1.8218469740114526e-01
-7305.995933	1.8227539622453859e-01
-7294.959685	1.8231835420985157e-01
-7283.923438	1.8252164230862081e-01
-7272.887190	1.8283393949687818e-01
-7261.850942	1.8368223104042836e-01
-7250.814695	1.8429559028208581e-01
-7239.778447	1.8454420060766846e-01
-7228.742200	1.8537657352453860e-01
-7217.705952	1.8555890343715087e-01
-7206.669704	1.8593701334668211e-01
-7195.633457	1.8616832099761937e-01
-7184.597209	1.8738739193479514e-01
-7173.560961	1.8749648314718884e-01
-7162.524714	1.8764781521700671e-01
-7151.488466	1.8828665913417442e-01
-7140.452218	1.8843151418274429e-01
-7129.415971	1.8852255361431308e-01
-7118.379723	1.8883543174921813e-01
-7107.343476	1.8906031174278459e-01
-7096.307228	1.8977374471929270e-01
-7085.270980	1.8982747683315163e-01
-7074.234733	1.9007945198822329e-01
-7063.198485	1.9023359040527599e-01
-7052.162237	1.9064307086320775e-01
-7041.125990	1.9092524063070881e-01
-7030.089742	1.9106136209728575e-01
-7019.053494	1.9251528509242236e-01
-7008.017247	1.9309144686124663e-01
-6996.980999	1.9357741052826696e-01
-6985.944752	1.9365991618503975e-01
-6974.908504	1.9686696097396009e-01
-6963.872256	1.9746653418709220e-01
-6952.836009	1.9772329000359681e-01
-6941.799761	1.9793928935741495e-01
-6930.763513	1.9813583040259944e-01
-6919.727266	1.9843719381630312e-01
-6908.691018	1.9841216572183451e-01
-6897.654771	1.9848959580461234e-01
-6886.618523	1.9924500145348698e-01
-6875.582275	1.9941528070472031e-01
-6864.546028	1.9942530723197560e-01
-6853.509780	1.9951486422863152e-01
-6842.473532	1.9957602724033471e-01
-6831.437285	2.0092518317398300e-01
-6820.401037	2.0099461437339119e-01
-6809.364789	2.0102650873363201e-01
-6798.328542	2.0107650585714804e-01
-6787.292294	2.0138342187594066e-01
-6776.256047	2.0147926513290201e-01
-6765.219799	2.0202349441755332e-01
-6754.183551	2.0334430367960066e-01
-6743.147304	2.0386504796370031e-01
-6732.111056	2.0466481198679240e-01
-6721.074808	2.0473654228305552e-01
-6710.038561	2.0470560226684154e-01
-6699.002313	2.0479764707958253e-01
-6687.966066	2.0500526316482073e-01
-6676.929818	2.0529867866782159e-01
-6665.893570	2.0556775010590567e-01
-6654.857323	2.0599402004063963e-01
-6643.821075	2.0602444308865600e-01
-6632.784827	2.0654058637766959e-01
-6621.748580	2.0716406137366591e-01
-6610.712332	2.0726887374000569e-01
-6599.676084	2.0737564596860544e-01
-6588.639837	2.0742373752437165e-01
-6577.603589	2.0763621410509273e-01
-6566.567342	2.0773567856133623e-01
-6555.531094	2.0804492686451170e-01
-6544.494846	2.0811444782287722e-01
-6533.458599	2.0853624823243885e-01
-6522.422351	2.0889658679261425e-01
-6511.386103	2.0896999304647501e-01
-6500.349856	2.0910297538891218e-01
-6489.313608	2.0944327470846641e-01
-6478.277360	2.0979498459773807e-01
-6467.241113	2.0989194704623734e-01
-6456.204865	2.0999710990576445e-01
-6445.168618	2.1003757671439183e-01
-6434.132370	2.1012440499277413e-01
-6423.096122	2.1028828263515920e-01
-6412.059875	2.1067008285597683e-01
-6401.023627	2.1142223110623615e-01
-6389.987379	2.1322383210234175e-01
-6378.951132	2.1347964221422761e-01
-6367.914884	2.1353562854177699e-01
-6356.878637	2.1361127945201649e-01
-6345.842389	2.1364800021614613e-01
-6334.806141	2.1365524510982759e-01
-6323.769894	2.1379774137559074e-01
-6312.733646	2.1386102677037119e-01
-6301.697398	2.1409492706962510e-01
-6290.661151	2.1472269742243097e-01
-6279.624903	2.1507729873194462e-01
-6268.588655	2.1528897082180271e-01
-6257.552408	2.1611135785117869e-01
-6246.516160	2.1631466088137349e-01
-6235.479913	2.1640004548862754e-01
-6224.443665	2.1682211835902299e-01
-6213.407417	2.1703739122299406e-01
-6202.371170	2.1752378307863887e-01
-6191.334922	2.1830910988847693e-01
-6180.298674	2.1862949565598302e-01
-6169.262427	2.1886637458365557e-01
-6158.226179	2.1890924449180293e-01
-6147.189931	2.1923229194505078e-01
-6136.153684	2.1957213687004007e-01
-6125.117436	2.2008109781665791e-01
-6114.081189	2.2036028746973335e-01
-6103.044941	2.2044926308881310e-01
-6092.008693	2.2059592257935418e-01
-6080.972446	2.2074026642570457e-01
-6069.936198	2.2097166585911751e-01
-6058.899950	2.2139621334829351e-01
-6047.863703	2.2146655325003536e-01
-6036.827455	2.2146661850384705e-01
-6025.791208	2.2164621657698161e-01
-6014.754960	2.2182034307013820e-01
-6003.718712	2.2265532638658136e-01
-5992.682465	2.2306184211719560e-01
-5981.646217	2.2323823577041757e-01
-5970.609969	2.2337879235036726e-01
-5959.573722	2.2378264779391965e-01
-5948.537474	2.2390311462218224e-01
-5937.501226	2.2406201818839866e-01
-5926.464979	2.2437990843266459e-01
-5915.428731	2.2442942941073729e-01
-5904.392484	2.2470090872407308e-01
-5893.356236	2.2479841333438960e-01
-5882.319988	2.2541241064101125e-01
-5871.283741	2.2551899574027809e-01
-5860.247493	2.2581782509067697e-01
-5849.211245	2.2586070461235563e-01
-5838.174998	2.2589960930552358e-01
-5827.138750	2.2585506098486535e-01
-5816.102503	2.2622298593244031e-01
-5805.066255	2.2628819748786430e-01
-5794.030007	2.2708523352944240e-01
-5782.993760	2.2712761110421370e-01
-5771.957512	2.2705886128226005e-01
-5760.921264	2.2711085534213471e-01
-5749.885017	2.2705187914640768e-01
-5738.848769	2.2729800099817382e-01
-5727.812521	2.2729397224534109e-01
-5716.776274	2.2733465320393215e-01
-5705.740026	2.2770846991049420e-01
-5694.703779	2.2795097088278407e-01
-5683.667531	2.2812246409980888e-01
-5672.631283	2.2829504816142443e-01
-5661.595036	2.2837836887372320e-01
-5650.558788	2.2874733799547300e-01
-5639.522540	2.2900571423391516e-01
-5628.486293	2.2917869994425663e-01
-5617.450045	2.3011801472732149e-01
-5606.413797	2.3011832723061060e-01
-5595.377550	2.3028674387100784e-01
-5584.341302	2.3037248702468022e-01
-5573.305055	2.3042194468142740e-01
-5562.268807	2.3080314949700703e-01
-5551.232559	2.3082936632748396e-01
-5540.196312	2.3101135441214415e-01
-5529.160064	2.3109308950153931e-01
-5518.123816	2.3188614239557503e-01
-5507.087569	2.3192546674648751e-01
-5496.051321	2.3201234789467509e-01
-5485.015074	2.3208299077913008e-01
-5473.978826	2.3229138297274116e-01
-5462.942578	2.3269585292015049e-01
-5451.906331	2.3271133184568946e-01
-5440.870083	2.3272675240217178e-01
-5429.833835	2.3288190995800795e-01
-5418.797588	2.3325273366923926e-01
-5407.761340	2.3330233752348717e-01
-5396.725092	2.3327311168759668e-01
-5385.688845	2.3321589498425402e-01
-5374.652597	2.3378603023840183e-01
-5363.616350	2.3461728377156266e-01
-5352.580102	2.3478455897976655e-01
-5341.543854	2.3563578522565265e-01
-5330.507607	2.3610934807470704e-01
-5319.471359	2.3625701150580777e-01
-5308.435111	2.3626036261819439e-01
-5297.398864	2.3631598885020466e-01
-5286.362616	2.3644928175653371e-01
-5275.326369	2.3692913903674459e-01
-5264.290121	2.3736400389105505e-01
-5253.253873	2.3744586012630758e-01
-5242.217626	2.3761716680704892e-01
-5231.181378	2.3794484057364773e-01
-5220.145130	2.3820697029684526e-01
-5209.108883	2.3833269156946293e-01
-5198.072635	2.3827895222831172e-01
-5187.036387	2.3879265580503800e-01
-5176.000140	2.3876594801707526e-01
-5164.963892	2.3884188690552208e-01
-5153.927645	2.3911779241601280e-01
-5142.891397	2.3930459966424625e-01
-5131.855149	2.3954882778803505e-01
-5120.818902	2.3968814301277350e-01
-5109.782654	2.3979365452846460e-01
-5098.746406	2.4060217437581471e-01
-5087.710159	2.4070313042775812e-01
-5076.673911	2.4134780450750670e-01
-5065.637663	2.4179259893981017e-01
-5054.601416	2.4184166101848248e-01
-5043.565168	2.4198676132439628e-01
-5032.528921	2.4252230242707443e-01
-5021.492673	2.4271253930586723e-01
-5010.456425	2.4284290077277493e-01
-4999.420178	2.4320020141532428e-01
-4988.383930	2.4337019442442007e-01
-4977.347682	2.4347450294393497e-01
-4966.311435	2.4422195396429844e-01
-4955.275187	2.4451208249810577e-01
-4944.238940	2.4458660497446122e-01
-4933.202692	2.4488046788514117e-01
-4922.166444	2.4524391508913312e-01
-4911.130197	2.4534510730478271e-01
-4900.093949	2.4556008552147127e-01
-4889.057701	2.4562853632498319e-01
-4878.021454	2.4571128946429399e-01
-4866.985206	2.4601299599032617e-01
-4855.948958	2.4587587100401601e-01
-4844.912711	2.4607533625723788e-01
-4833.876463	2.4617568027142489e-01
-4822.840216	2.4629334530096950e-01
-4811.803968	2.4630630100492010e-01
-4800.767720	2.4632987383148755e-01
-4789.731473	2.4638817495645954e-01
-4778.695225	2.4640211149703953e-01
-4767.658977	2.4650301169552924e-01
-4756.622730	2.4665510802941279e-01
-4745.586482	2.4686554964023788e-01
-4734.550234	2.4694554885070741e-01
-4723.513987	2.4708093346681345e-01
-4712.477739	2.4722967663562340e-01
-4701.441492	2.4731059874374889e-01
-4690.405244	2.4743870526707643e-01
-4679.368996	2.4774690633509022e-01
-4668.332749	2.4781704491273596e-01
-4657.296501	2.4817489347218277e-01
-4646.260253	2.4830334738222515e-01
-4635.224006	2.4894880994338001e-01
-4624.187758	2.4904252143757230e-01
-4613.151511	2.4916261692708291e-01
-4602.115263	2.4922347997732150e-01
-4591.079015	2.4921992845884564e-01
-4580.042768	2.4948407759868893e-01
-4569.006520	2.4955146992291238e-01
-4557.970272	2.4954909283566026e-01
-4546.934025	2.4954275550549784e-01
-4535.897777	2.4979947089283946e-01
-4524.861529	2.5020188515276859e-01
-4513.825282	2.5029200901737425e-01
-4502.789034	2.5045478192785958e-01
-4491.752787	2.5075071024591716e-01
-4480.716539	2.5085923226958540e-01
-4469.680291	2.5088817238550115e-01
-4458.644044	2.5094297109241387e-01
-4447.607796	2.5100663528962880e-01
-4436.571548	2.5142188506435242e-01
-4425.535301	2.5165210753670453e-01
-4414.499053	2.5170079529282252e-01
-4403.462806	2.5213631056699842e-01
-4392.426558	2.5217090711410389e-01
-4381.390310	2.5252931183364341e-01
-4370.354063	2.5279774307888792e-01
-4359.317815	2.5299748554379364e-01
-4348.281567	2.5314222265590275e-01
-4337.245320	2.5348007319388866e-01
-4326.209072	2.5331462465159560e-01
-4315.172824	2.5318489918955689e-01
-4304.136577	2.5328176714175771e-01
-4293.100329	2.5337572463098712e-01
-4282.064082	2.5342451155457202e-01
-4271.027834	2.5340241824103715e-01
-4259.991586	2.5355284534073108e-01
-4248.955339	2.5379236702730273e-01
-4237.919091	2.5383332859153190e-01
-4226.882843	2.5397223951243203e-01
-4215.846596	2.5404492186251781e-01
-4204.810348	2.5475142445987664e-01
-4193.774100	2.5492881011998564e-01
-4182.737853	2.5538189977809478e-01
-4171.701605	2.5537462806155320e-01
-4160.665358	2.5548410029590018e-01
-4149.629110	2.5549198646801741e-01
-4138.592862	2.5560096893319595e-01
-4127.556615	2.5567005452892588e-01
-4116.520367	2.5584413236921377e-01
-4105.484119	2.5583063749627089e-01
-4094.447872	2.5599526613439283e-01
-4083.411624	2.5623979199050878e-01
-4072.375377	2.5632825697597167e-01
-4061.339129	2.5644650971622174e-01
-4050.302881	2.5663383102082238e-01
-4039.266634	2.5702341664739214e-01
-4028.230386	2.5809442878171773e-01
-4017.194138	2.5831590827684325e-01
-4006.157891	2.5841463407089932e-01
-3995.121643	2.5851313353388389e-01
-3984.085395	2.5848116544818484e-01
-3973.049148	2.5851771236022619e-01
-3962.012900	2.5860269975103112e-01
-3950.976653	2.5865303170526055e-01
-3939.940405	2.5874693405378096e-01
-3928.904157	2.5864314537811595e-01
-3917.867910	2.5863479225111391e-01
-3906.831662	2.5862243721794942e-01
-3895.795414	2.5898593750597931e-01
-3884.759167	2.5906927162721061e-01
-3873.722919	2.6004919108529007e-01
-3862.686671	2.6022870805832654e-01
-3851.650424	2.6070485323279652e-01
-3840.614176	2.6133971455253185e-01
-3829.577929	2.6149783125506026e-01
-3818.541681	2.6150094596844004e-01
-3807.505433	2.6189533852625047e-01
-3796.469186	2.6195405747725159e-01
-3785.432938	2.6247025036211519e-01
-3774.396690	2.6267094044282902e-01
-3763.360443	2.6277457281014543e-01
-3752.324195	2.6284783215487484e-01
-3741.287948	2.6366515264561619e-01
-3730.251700	2.6390062069913328e-01
-3719.215452	2.6392751019332034e-01
-3708.179205	2.6436511905931287e-01
-3697.142957	2.6464465565177758e-01
-3686.106709	2.6476700281650278e-01
-3675.070462	2.6510795806821486e-01
-3664.034214	2.6510500110201335e-01
-3652.997966	2.6504567648001215e-01
-3641.961719	2.6504571147779254e-01
-3630.925471	2.6502108490581733e-01
-3619.889224	2.6491241958885642e-01
-3608.852976	2.6498679295131206e-01
-3597.816728	2.6581221068423955e-01
-3586.780481	2.6601490619770884e-01
-3575.744233	2.6656705994925656e-01
-3564.707985	2.6749386566470523e-01
-3553.671738	2.6753450259400663e-01
-3542.635490	2.6776912099868744e-01
-3531.599243	2.6775209446440384e-01
-3520.562995	2.6805134662802177e-01
-3509.526747	2.6799560655033305e-01
-3498.490500	2.6805740633419783e-01
-3487.454252	2.6823309541389906e-01
-3476.418004	2.6839993328110290e-01
-3465.381757	2.6852028184350668e-01
-3454.345509	2.6855534097737233e-01
-3443.309261	2.6881764902794603e-01
-3432.273014	2.6881057778401929e-01
-3421.236766	2.6871051349792091e-01
-3410.200519	2.6863876441995327e-01
-3399.164271	2.6879403292902448e-01
-3388.128023	2.6887811679751877e-01
-3377.091776	2.6899501712656709e-01
-3366.055528	2.6904769815654106e-01
-3355.019280	2.6888879299757040e-01
-3343.983033	2.6887306582854853e-01
-3332.946785	2.6903272691561431e-01
-3321.910537	2.6911684739347197e-01
-3310.874290	2.6931709520593139e-01
-3299.838042	2.6929153115528737e-01
-3288.801795	2.6955760522734179e-01
-3277.765547	2.6966268272502047e-01
-3266.729299	2.6968797800229771e-01
-3255.693052	2.6987214203963050e-01
-3244.656804	2.7017925995805281e-01
-3233.620556	2.7013577916862408e-01
-3222.584309	2.7014122417715797e-01
-3211.548061	2.7009254334413901e-01
-3200.511814	2.7012665267963520e-01
-3189.475566	2.7027620790385043e-01
-3178.439318	2.7027249605528075e-01
-3167.403071	2.7030810477686223e-01
-3156.366823	2.7033919438721205e-01
-3145.330575	2.7097283121623306e-01
-3134.294328	2.7091720210881870e-01
-3123.258080	2.7088824847555970e-01
-3112.221832	2.7083456077235313e-01
-3101.185585	2.7087011439954239e-01
-3090.149337	2.7093942993422437e-01
-3079.113090	2.7105938182123379e-01
-3068.076842	2.7102711536347029e-01
-3057.040594	2.7170372544399196e-01
-3046.004347	2.7202231611007993e-01
-3034.968099	2.7204545968051136e-01
-3023.931851	2.7199431310238675e-01
-3012.895604	2.7217635124118167e-01
-3001.859356	2.7229682894219054e-01
-2990.823109	2.7213503881589973e-01
-2979.786861	2.7214371427260420e-01
-2968.750613	2.7229207127787486e-01
-2957.714366	2.7226657807421784e-01
-2946.678118	2.7236009309771808e-01
-2935.641870	2.7259944460092117e-01
-2924.605623	2.7264853333277239e-01
-2913.569375	2.7286427493341964e-01
-2902.533127	2.7287476336702193e-01
-2891.496880	2.7279031805540327e-01
-2880.460632	2.7266233283344710e-01
-2869.424385	2.7252746837046576e-01
-2858.388137	2.7250181031216669e-01
-2847.351889	2.7234300992612320e-01
-2836.315642	2.7248510446999191e-01
-2825.279394	2.7248767506243532e-01
-2814.243146	2.7267154026972035e-01
-2803.206899	2.7277921281190531e-01
-2792.170651	2.7317459086232737e-01
-2781.134403	2.7313623956703387e-01
-2770.098156	2.7319222708716762e-01
-2759.061908	2.7317258090550450e-01
-2748.025661	2.7343400847589217e-01
-2736.989413	2.7381212918086095e-01
-2725.953165	2.7383580537923230e-01
-2714.916918	2.7393908418311469e-01
-2703.880670	2.7432516281815311e-01
-2692.844422	2.7435719559691402e-01
-2681.808175	2.7467040384921559e-01
-2670.771927	2.7505896588610235e-01
-2659.735680	2.7513677435817313e-01
-2648.699432	2.7556868677985968e-01
-2637.663184	2.7558833865847043e-01
-2626.626937	2.7616417543773547e-01
-2615.590689	2.7618969172058638e-01
-2604.554441	2.7646529508068673e-01
-2593.518194	2.7665348113049704e-01
-2582.481946	2.7661927313755319e-01
-2571.445698	2.7657231251831904e-01
-2560.409451	2.7683513739078580e-01
-2549.373203	2.7706820751432754e-01
-2538.336956	2.7730625093421540e-01
-2527.300708	2.7752895526994686e-01
-2516.264460	2.7754015379620051e-01
-2505.228213	2.7771242668549700e-01
-2494.191965	2.7775953833733186e-01
-2483.155717	2.7763751184697810e-01
-2472.119470	2.7761667769461562e-01
-2461.083222	2.7778502980847819e-01
-2450.046974	2.7788656342867868e-01
-2439.010727	2.7831965069865977e-01
-2427.974479	2.7855426545430917e-01
-2416.938232	2.7864785141603776e-01
-2405.901984	2.7867831415549049e-01
-2394.865736	2.7868833883576705e-01
-2383.829489	2.7879871583841054e-01
-2372.793241	2.7887274682497376e-01
-2361.756993	2.7895859615142399e-01
-2350.720746	2.7907147481820299e-01
-2339.684498	2.7921722678408156e-01
-2328.648251	2.7938033883281022e-01
-2317.612003	2.7904167465303126e-01
-2306.575755	2.7897673394442468e-01
-2295.539508	2.7913330039868495e-01
-2284.503260	2.7928115852119684e-01
-2273.467012	2.7927029754201510e-01
-2262.430765	2.7915582626304664e-01
-2251.394517	2.7904648451705688e-01
-2240.358269	2.7904467740864114e-01
-2229.322022	2.7910790920585721e-01
-2218.285774	2.7917469129012051e-01
-2207.249527	2.7903975386558932e-01
-2196.213279	2.7889008757215072e-01
-2185.177031	2.7902191926051689e-01
-2174.140784	2.7941853299732439e-01
-2163.104536	2.7954189263286655e-01
-2152.068288	2.7966233130568635e-01
-2141.032041	2.7951765077379342e-01
-2129.995793	2.7952714707727283e-01
-2118.959546	2.7981062553201352e-01
-2107.923298	2.7990066339736258e-01
-2096.887050	2.7987737626141579e-01
-2085.850803	2.7983765189549564e-01
-2074.814555	2.7996652586662341e-01
-2063.778307	2.7984277824741133e-01
-2052.742060	2.8022153199465821e-01
-2041.705812	2.8016580248279044e-01
-2030.669564	2.8025715455271349e-01
-2019.633317	2.8037765464504533e-01
-2008.597069	2.8087609268858266e-01
-1997.560822	2.8118186069917117e-01
-1986.524574	2.8125658267455050e-01
-1975.488326	2.8115737721181472e-01
-1964.452079	2.8144705495711714e-01
-1953.415831	2.8153975454774871e-01
-1942.379583	2.8154455313873983e-01
-1931.343336	2.8152970421686219e-01
-1920.307088	2.8171141914405479e-01
-1909.270840	2.8172568987897634e-01
-1898.234593	2.8179760076353855e-01
-1887.198345	2.8152232119258769e-01
-1876.162098	2.8153483341643520e-01
-1865.125850	2.8154417293855438e-01
-1854.089602	2.8185255135735904e-01
-1843.053355	2.8216989795753861e-01
-1832.017107	2.8221369891984749e-01
-1820.980859	2.8232405305245289e-01
-1809.944612	2.8251025428918419e-01
-1798.908364	2.8248231408776597e-01
-1787.872117	2.8269390267910838e-01
-1776.835869	2.8279607007954305e-01
-1765.799621	2.8314240161217030e-01
-1754.763374	2.8361411521148960e-01
-1743.727126	2.8345746573377784e-01
-1732.690878	2.8345039062726768e-01
-1721.654631	2.8345683918780629e-01
-1710.618383	2.8353509534854660e-01
-1699.582135	2.8340346597201038e-01
-1688.545888	2.8317154779703241e-01
-1677.509640	2.8344132549308387e-01
-1666.473393	2.8349762699802955e-01
-1655.437145	2.8339981077039317e-01
-1644.400897	2.8372946711535718e-01
-1633.364650	2.8385205524061818e-01
-1622.328402	2.8396868516841373e-01
-1611.292154	2.8425700660237563e-01
-1600.255907	2.8425158702866193e-01
-1589.219659	2.8440441156078844e-01
-1578.183411	2.8441730281563293e-01
-1567.147164	2.8439088881889585e-01
-1556.110916	2.8465016685711475e-01
-1545.074669	2.8501515353296525e-01
-1534.038421	2.8513529400334620e-01
-1523.002173	2.8517970200277237e-01
-1511.965926	2.8511208069780858e-01
-1500.929678	2.8508359547748446e-01
-1489.893430	2.8509315163495974e-01
-1478.857183	2.8504904279127841e-01
-1467.820935	2.8479243246998681e-01
-1456.784688	2.8483417616469892e-01
-1445.748440	2.8487311539406962e-01
-1434.712192	2.8477153139788763e-01
-1423.675945	2.8479464605684546e-01
-1412.639697	2.8504964035703040e-01
-1401.603449	2.8489395827776687e-01
-1390.567202	2.8505512654862419e-01
-1379.530954	2.8507010884817946e-01
-1368.494706	2.8486476353848283e-01
-1357.458459	2.8481709170695757e-01
-1346.422211	2.8478876816211740e-01
-1335.385964	2.8472431369538670e-01
-1324.349716	2.8478951135972397e-01
-1313.313468	2.8508565753370818e-01
-1302.277221	2.8508224571883028e-01
-1291.240973	2.8494955710231623e-01
-1280.204725	2.8510159150634573e-01
-1269.168478	2.8504884635571348e-01
-1258.132230	2.8504787214693322e-01
-1247.095983	2.8508694697799208e-01
-1236.059735	2.8522308885127601e-01
-1225.023487	2.8516249245125092e-01
-1213.987240	2.8497053320118582e-01
-1202.950992	2.8502718194988164e-01
-1191.914744	2.8518268707104871e-01
-1180.878497	2.8516787607993588e-01
-1169.842249	2.8528723981737825e-01
-1158.806001	2.8534578385650655e-01
-1147.769754	2.8541346807863588e-01
-1136.733506	2.8548879937964616e-01
-1125.697259	2.8570634255418548e-01
-1114.661011	2.8578524704946240e-01
-1103.624763	2.8591804656964431e-01
-1092.588516	2.8608260469121205e-01
-1081.552268	2.8633390558071453e-01
-1070.516020	2.8635433906270857e-01
-1059.479773	2.8650441641010693e-01
-1048.443525	2.8670832008228281e-01
-1037.407277	2.8669729067062588e-01
-1026.371030	2.8677649180899678e-01
-1015.334782	2.8671004213364931e-01
-1004.298535	2.8675106968836350e-01
-993.262287	2.8657861072997304e-01
-982.226039	2.8662443599777476e-01
-971.189792	2.8680415977777779e-01
-960.153544	2.8690449285022063e-01
-949.117296	2.8684882848523879e-01
-938.081049	2.8679600275843120e-01
-927.044801	2.8710297858506234e-01
-916.008554	2.8721891401920840e-01
-904.972306	2.8728938914345653e-01
-893.936058	2.8735612132575072e-01
-882.899811	2.8721957930094821e-01
-871.863563	2.8714578272970681e-01
-860.827315	2.8727153922901921e-01
-849.791068	2.8727544994124643e-01
-838.754820	2.8753813689801877e-01
-827.718572	2.8768675740172500e-01
-816.682325	2.8769921626299466e-01
-805.646077	2.8745030437251501e-01
-794.609830	2.8773020616221889e-01
-783.573582	2.8776943730888543e-01
-772.537334	2.8772578227085299e-01
-761.501087	2.8753952341793942e-01
-750.464839	2.8774428776780359e-01
-739.428591	2.8771609311537660e-01
-728.392344	2.8805363765484632e-01
-717.356096	2.8805015830023917e-01
-706.319849	2.8796384835127881e-01
-695.283601	2.8794667751380670e-01
-684.247353	2.8793818344617755e-01
-673.211106	2.8793801781231199e-01
-662.174858	2.8795794343983150e-01
-651.138610	2.8804498787952776e-01
-640.102363	2.8816858882031920e-01
-629.066115	2.8801038245687438e-01
-618.029867	2.8806205660378414e-01
-606.993620	2.8812777002444823e-01
-595.957372	2.8837943510438652e-01
-584.921125	2.8849401423813709e-01
-573.884877	2.8837798351468558e-01
-562.848629	2.8830539122925891e-01
-551.812382	2.8843060681668681e-01
-540.776134	2.8845915583866993e-01
-529.739886	2.8849866919342060e-01
-518.703639	2.8847870100967599e-01
-507.667391	2.8865752148980939e-01
-496.631143	2.8869545877078168e-01
-485.594896	2.8857181338132776e-01
-474.558648	2.8872586014279089e-01
-463.522401	2.8880949682816254e-01
-452.486153	2.8866583155181869e-01
-441.449905	2.8839832077480115e-01
-430.413658	2.8838814276949942e-01
-419.377410	2.8832917535909169e-01
-408.341162	2.8844531899617526e-01
-397.304915	2.8852578820680647e-01
-386.268667	2.8854498079511370e-01
-375.232420	2.8836758117236816e-01
-364.196172	2.8844610010987348e-01
-353.159924	2.8829266790825769e-01
-342.123677	2.8833353296103015e-01
-331.087429	2.8831661682727927e-01
-320.051181	2.8825867220175894e-01
-309.014934	2.8819449753036214e-01
-297.978686	2.8814383138354621e-01
-286.942438	2.8810756958365907e-01
-275.906191	2.8812211010324057e-01
-264.869943	2.8799689432711512e-01
-253.833696	2.8762081921906035e-01
-242.797448	2.8755786421470791e-01
-231.761200	2.8751521371195760e-01
-220.724953	2.8764084658584615e-01
-209.688705	2.8769323081551862e-01
-198.652457	2.8790709173642814e-01
-187.616210	2.8800379455141900e-01
-176.579962	2.8790146122604882e-01
-165.543714	2.8778109364327908e-01
-154.507467	2.8782484830064953e-01
-143.471219	2.8761426753216773e-01
-132.434972	2.8748359969708437e-01
-121.398724	2.8746453046590753e-01
-110.362476	2.8708784299407886e-01
-99.326229	2.8704163674007765e-01
-88.289981	2.8689837534395379e-01
-77.253733	2.8698047171411784e-01
-66.217486	2.8680091575437566e-01
-55.181238	2.8686031828680014e-01
-44.144991	2.8688301772131442e-01
-33.108743	2.8694888446244904e-01
-22.072495	2.8704926185210256e-01
-11.036248	2.8717202706672701e-01
0.000000	2.8718193132994968e-01
11.036248	2.8718567211019119e-01
22.072495	2.8717262614508904e-01
33.108743	2.8698391557351999e-01
44.144991	2.8683979004928006e-01
55.181238	2.8681472916996159e-01
66.217486	2.8659217160719375e-01
77.253733	2.8648780311783628e-01
88.289981	2.8649423308339117e-01
99.326229	2.8592969563919646e-01
110.362476	2.8580787580231248e-01
121.398724	2.8568999593394978e-01
132.434972	2.8568680063959928e-01
143.471219	2.8588253510154893e-01
154.507467	2.8583054495891169e-01
165.543714	2.8592380931682471e-01
176.579962	2.8585496034485935e-01
187.616210	2.8596054265894033e-01
198.652457	2.8599401769406413e-01
209.688705	2.8588977772483326e-01
220.724953	2.8606032933987097e-01
231.761200	2.8570767728373520e-01
242.797448	2.8558238131190949e-01
253.833696	2.8541040112640637e-01
264.869943	2.8534472868720662e-01
275.906191	2.8522751689215248e-01
286.942438	2.8527718962200577e-01
297.978686	2.8521882656105313e-01
309.014934	2.8519393314523367e-01
320.051181	2.8468582093684408e-01
331.087429	2.8463954146908532e-01
342.123677	2.8462404231820992e-01
353.159924	2.8442231666625972e-01
364.196172	2.8429554086779585e-01
375.232420	2.8434394638401306e-01
386.268667	2.8443933912449615e-01
397.304915	2.8448915293667065e-01
408.341162	2.8471639215690647e-01
419.377410	2.8478124353578199e-01
430.413658	2.8465454704435861e-01
441.449905	2.8469224930369935e-01
452.486153	2.8452809229161180e-01
463.522401	2.8457452686848816e-01
474.558648	2.8439113280795458e-01
485.594896	2.8427702944922473e-01
496.631143	2.8421520840883058e-01
507.667391	2.8412817603014229e-01
518.703639	2.8407718112655256e-01
529.739886	2.8418825483894028e-01
540.776134	2.8407773654977725e-01
551.812382	2.8390522171209892e-01
562.848629	2.8394767068202709e-01
573.884877	2.8408614044948699e-01
584.921125	2.8398230246933776e-01
595.957372	2.8352592926645298e-01
606.993620	2.8364731118160680e-01
618.029867	2.8358250171050770e-01
629.066115	2.8353611856839328e-01
640.102363	2.8359243746480250e-01
651.138610	2.8319917079579887e-01
662.174858	2.8324563113102352e-01
673.211106	2.8319890283863425e-01
684.247353	2.8315254172360904e-01
695.283601	2.8307007260541978e-01
706.319849	2.8321533643781260e-01
717.356096	2.8316841520863600e-01
728.392344	2.8307915740920303e-01
739.428591	2.8292470393218472e-01
750.464839	2.8286787534035773e-01
761.501087	2.8270292356154880e-01
772.537334	2.8261562196147522e-01
783.573582	2.8256859210222440e-01
794.609830	2.8255450010331046e-01
805.646077	2.8247023010515948e-01
816.682325	2.8257943551301384e-01
827.718572	2.8259724714258283e-01
838.754820	2.8250960802315506e-01
849.791068	2.8244658219057855e-01
860.827315	2.8248572337825117e-01
871.863563	2.8218739888756428e-01
882.899811	2.8216104709203182e-01
893.936058	2.8203402776980391e-01
904.972306	2.8195912027327080e-01
916.008554	2.8198803669344763e-01
927.044801	2.8192938693554614e-01
938.081049	2.8137493564139876e-01
949.117296	2.8151190519800617e-01
960.153544	2.8156296535631486e-01
971.189792	2.8124301530205398e-01
982.226039	2.8103039836414251e-01
993.262287	2.8104810886528880e-01
1004.298535	2.8107510621107767e-01
1015.334782	2.8144919316130756e-01
1026.371030	2.8139512275289735e-01
1037.407277	2.8072229094284923e-01
1048.443525	2.8057738032135815e-01
1059.479773	2.8048039468632341e-01
1070.516020	2.8063079672450542e-01
1081.552268	2.8054861672435788e-01
1092.588516	2.8047719814911148e-01
1103.624763	2.8030913311862871e-01
1114.661011	2.8029971866468129e-01
1125.697259	2.8014129516503561e-01
1136.733506	2.8011757697551692e-01
1147.769754	2.8014848943456477e-01
1158.806001	2.7995041069802623e-01
1169.842249	2.7973086103843853e-01
1180.878497	2.7977050328965430e-01
1191.914744	2.7983077079567231e-01
1202.950992	2.7952805915225376e-01
1213.987240	2.7930807426289400e-01
1225.023487	2.7846273549882067e-01
1236.059735	2.7826202172969611e-01
1247.095983	2.7796318446298662e-01
1258.132230	2.7841123646808874e-01
1269.168478	2.7857246926690638e-01
1280.204725	2.7859161218506878e-01
1291.240973	2.7859436863545867e-01
1302.277221	2.7863578823994234e-01
1313.313468	2.7863719774022022e-01
1324.349716	2.7869026171936812e-01
1335.385964	2.7861143185464043e-01
1346.422211	2.7868965404073159e-01
1357.458459	2.7870094125068806e-01
1368.494706	2.7856494179617997e-01
1379.530954	2.7845469787760674e-01
1390.567202	2.7847756145868729e-01
1401.603449	2.7855732829052648e-01
1412.639697	2.7849113162116540e-01
1423.675945	2.7859954027034334e-01
1434.712192	2.7861406827884677e-01
1445.748440	2.7822202532912088e-01
1456.784688	2.7805406650962622e-01
1467.820935	2.7778266089607362e-01
1478.857183	2.7763094418090462e-01
1489.893430	2.7764903714971328e-01
1500.929678	2.7770258155527372e-01
1511.965926	2.7748538146240603e-01
1523.002173	2.7733501166194047e-01
1534.038421	2.7702638934237689e-01
1545.074669	2.7704203949234929e-01
1556.110916	2.7685959142092825e-01
1567.147164	2.7709060750895737e-01
1578.183411	2.7694712403953675e-01
1589.219659	2.7688827967304386e-01
1600.255907	2.7670254682738937e-01
1611.292154	2.7655621041234157e-01
1622.328402	2.7662467604987950e-01
1633.364650	2.7660436914263759e-01
1644.400897	2.7652562451478185e-01
1655.437145	2.7631446832349954e-01
1666.473393	2.7602284398866189e-01
1677.509640	2.7603325509948801e-01
1688.545888	2.7602247326133261e-01
1699.582135	2.7594007412531407e-01
1710.618383	2.7586468758535404e-01
1721.654631	2.7580209252367377e-01
1732.690878	2.7579931071396618e-01
1743.727126	2.7574479872814872e-01
1754.763374	2.7556297013197656e-01
1765.799621	2.7527860897962309e-01
1776.835869	2.7531743023281169e-01
1787.872117	2.7525433816473011e-01
1798.908364	2.7510365005667653e-01
1809.944612	2.7507232827651357e-01
1820.980859	2.7495301799594324e-01
1832.017107	2.7492450454742673e-01
1843.053355	2.7493992737954370e-01
1854.089602	2.7491656697052907e-01
1865.125850	2.7476612275653134e-01
1876.162098	2.7480170051395775e-01
1887.198345	2.7484154318929244e-01
1898.234593	2.7462567499741264e-01
1909.270840	2.7454250397971247e-01
1920.307088	2.7428317418424147e-01
1931.343336	2.7465744495673594e-01
1942.379583	2.7470125841678739e-01
1953.415831	2.7455825663957301e-01
1964.452079	2.7449455204963591e-01
1975.488326	2.7440100893270380e-01
1986.524574	2.7356888042907085e-01
1997.560822	2.7340077644767219e-01
2008.597069	2.7342418428122539e-01
2019.633317	2.7335760210859322e-01
2030.669564	2.7390214598286361e-01
2041.705812	2.7394269715856379e-01
2052.742060	2.7395361025983456e-01
2063.778307	2.7405246492186419e-01
2074.814555	2.7367885534358466e-01
2085.850803	2.7363446065391511e-01
2096.887050	2.7374546583193521e-01
2107.923298	2.7378281714102781e-01
2118.959546	2.7409397262269958e-01
2129.995793	2.7410584058362286e-01
2141.032041	2.7390957899441748e-01
2152.068288	2.7393464596270323e-01
2163.104536	2.7390291812157508e-01
2174.140784	2.7394378649330803e-01
2185.177031	2.7358458644556322e-01
2196.213279	2.7311391091189691e-01
2207.249527	2.7306343216140966e-01
2218.285774	2.7300128096984144e-01
2229.322022	2.7297498533904913e-01
2240.358269	2.7304670209779208e-01
2251.394517	2.7302440610889367e-01
2262.430765	2.7303717190214472e-01
2273.467012	2.7284151935473255e-01
2284.503260	2.7285992688805322e-01
2295.539508	2.7286548458133919e-01
2306.575755	2.7278268507977688e-01
2317.612003	2.7282804140843792e-01
2328.648251	2.7289883379383495e-01
2339.684498	2.7224163247102995e-01
2350.720746	2.7186596134444857e-01
2361.756993	2.7199182531434862e-01
2372.793241	2.7195120812307172e-01
2383.829489	2.7175656819527672e-01
2394.865736	2.7180957015368368e-01
2405.901984	2.7146012960179777e-01
2416.938232	2.7136707290306850e-01
2427.974479	2.7113321758275244e-01
2439.010727	2.7109555456961798e-01
2450.046974	2.7063033044532153e-01
2461.083222	2.7027532459210740e-01
2472.119470	2.7007173112977284e-01
2483.155717	2.7014210095497715e-01
2494.191965	2.6958067406943420e-01
2505.228213	2.6964984070575976e-01
2516.264460	2.6946788953840506e-01
2527.300708	2.6967470151139650e-01
2538.336956	2.6966781767321474e-01
2549.373203	2.6954086206942196e-01
2560.409451	2.6938467904864910e-01
2571.445698	2.6884787830380319e-01
2582.481946	2.6887775587238788e-01
2593.518194	2.6888899110364933e-01
2604.554441	2.6876475960604757e-01
2615.590689	2.6874765367821063e-01
2626.626937	2.6852360757119509e-01
2637.663184	2.6804588347977387e-01
2648.699432	2.6804540742944150e-01
2659.735680	2.6788095844045090e-01
2670.771927	2.6774755181751586e-01
2681.808175	2.6759664634233504e-01
2692.844422	2.6707700269354068e-01
2703.880670	2.6678256753164986e-01
2714.916918	2.6653236584672568e-01
2725.953165	2.6644876803274437e-01
2736.989413	2.6644907159754400e-01
2748.025661	2.6643977148952908e-01
2759.061908	2.6631350050468094e-01
2770.098156	2.6631989156557467e-01
2781.134403	2.6582289054609187e-01
2792.170651	2.6589725906411910e-01
2803.206899	2.6573490974094943e-01
2814.243146	2.6564404686464738e-01
2825.279394	2.6559807146600772e-01
2836.315642	2.6551250713626501e-01
2847.351889	2.6549105395165884e-01
2858.388137	2.6573876907171168e-01
2869.424385	2.6538185496618527e-01
2880.460632	2.6525289712045613e-01
2891.496880	2.6519998045584320e-01
2902.533127	2.6518094246077406e-01
2913.569375	2.6492261896799735e-01
2924.605623	2.6489160928658356e-01
2935.641870	2.6478611144200964e-01
2946.678118	2.6462172708880510e-01
2957.714366	2.6459956954596836e-01
2968.750613	2.6460650062960805e-01
2979.786861	2.6455922160346002e-01
2990.823109	2.6447896254504460e-01
3001.859356	2.6395462320344487e-01
3012.895604	2.6401041005105408e-01
3023.931851	2.6403275953825195e-01
3034.968099	2.6398188952486612e-01
3046.004347	2.6385878374388128e-01
3057.040594	2.6396691509197978e-01
3068.076842	2.6386284252217884e-01
3079.113090	2.6356243110377253e-01
3090.149337	2.6359204311294504e-01
3101.185585	2.6350147833174736e-01
3112.221832	2.6299131816343768e-01
3123.258080	2.6332891468876257e-01
3134.294328	2.6330165564921504e-01
3145.330575	2.6318633730699881e-01
3156.366823	2.6306191886346653e-01
3167.403071	2.6246626091817965e-01
3178.439318	2.6231060060155659e-01
3189.475566	2.6241488350194841e-01
3200.511814	2.6204260494766485e-01
3211.548061	2.6193440665033391e-01
3222.584309	2.6173133737819865e-01
3233.620556	2.6120920591544977e-01
3244.656804	2.6080042002462522e-01
3255.693052	2.6078659051808162e-01
3266.729299	2.6066356768846283e-01
3277.765547	2.6058020625040901e-01
3288.801795	2.6068390885970466e-01
3299.838042	2.6052562966300885e-01
3310.874290	2.6048292922909710e-01
3321.910537	2.6026774657878482e-01
3332.946785	2.6019146497034551e-01
3343.983033	2.5972074613118301e-01
3355.019280	2.5957160716930783e-01
3366.055528	2.5958240953700840e-01
3377.091776	2.5961053154205471e-01
3388.128023	2.5921311796961061e-01
3399.164271	2.5921125924730720e-01
3410.200519	2.5873809478349463e-01
3421.236766	2.5847426230279841e-01
3432.273014	2.5764313365019559e-01
3443.309261	2.5756163786842939e-01
3454.345509	2.5576261780834103e-01
3465.381757	2.5572152928279840e-01
3476.418004	2.5565703765434189e-01
3487.454252	2.5554621378964087e-01
3498.490500	2.5539296093336966e-01
3509.526747	2.5526158152914996e-01
3520.562995	2.5513045511258681e-01
3531.599243	2.5505632375887577e-01
3542.635490	2.5496489777151116e-01
3553.671738	2.5497767970319524e-01
3564.707985	2.5502412227708499e-01
3575.744233	2.5492902928362798e-01
3586.780481	2.5433800511945298e-01
3597.816728	2.5426237265055085e-01
3608.852976	2.5365494638011082e-01
3619.889224	2.5363716226889599e-01
3630.925471	2.5311477103206825e-01
3641.961719	2.5299222126398113e-01
3652.997966	2.5251315711740274e-01
3664.034214	2.5233569801502620e-01
3675.070462	2.5235602680314589e-01
3686.106709	2.5220200981190360e-01
3697.142957	2.5192305078803323e-01
3708.179205	2.5170325077892736e-01
3719.215452	2.5165970088194051e-01
3730.251700	2.5170135055407838e-01
3741.287948	2.5169814042932992e-01
3752.324195	2.5143127746689581e-01
3763.360443	2.5133164017267323e-01
3774.396690	2.5095208958664328e-01
3785.432938	2.5076337514360536e-01
3796.469186	2.5043876159734180e-01
3807.505433	2.5045656159129337e-01
3818.541681	2.5010466781340729e-01
3829.577929	2.4995700285497774e-01
3840.614176	2.4991782792584999e-01
3851.650424	2.4986735760215545e-01
3862.686671	2.4957182495756003e-01
3873.722919	2.4890249207925116e-01
3884.759167	2.4845502895531169e-01
3895.795414	2.4852095717757519e-01
3906.831662	2.4840734247476781e-01
3917.867910	2.4825673725277916e-01
3928.904157	2.4812904788525650e-01
3939.940405	2.4779962521435575e-01
3950.976653	2.4724848005645444e-01
3962.012900	2.4721275191432129e-01
3973.049148	2.4739085612556419e-01
3984.085395	2.4740422869706732e-01
3995.121643	2.4736275207261985e-01
4006.157891	2.4692988796569759e-01
4017.194138	2.4684357693913433e-01
4028.230386	2.4652023627276975e-01
4039.266634	2.4631873939510729e-01
4050.302881	2.4565510074479624e-01
4061.339129	2.4447310675718587e-01
4072.375377	2.4447431864518560e-01
4083.411624	2.4408819877750373e-01
4094.447872	2.4375453808042355e-01
4105.484119	2.4319222626020012e-01
4116.520367	2.4309377424707476e-01
4127.556615	2.4293282299718777e-01
4138.592862	2.4251730937266494e-01
4149.629110	2.4228335646747723e-01
4160.665358	2.4181870427605986e-01
4171.701605	2.4157682446368506e-01
4182.737853	2.4094849545812544e-01
4193.774100	2.4096634696613181e-01
4204.810348	2.4030431710861555e-01
4215.846596	2.3948601838846617e-01
4226.882843	2.3937427046059476e-01
4237.919091	2.3926434954226775e-01
4248.955339	2.3868579074693030e-01
4259.991586	2.3866075634230649e-01
4271.027834	2.3870714368075621e-01
4282.064082	2.3868999053852358e-01
4293.100329	2.3861857360145194e-01
4304.136577	2.3855773648809070e-01
4315.172824	2.3813106895339711e-01
4326.209072	2.3755891375343616e-01
4337.245320	2.3751683123729098e-01
4348.281567	2.3745892676929831e-01
4359.317815	2.3734153437959135e-01
4370.354063	2.3731590912889111e-01
4381.390310	2.3721400466920237e-01
4392.426558	2.3728865995453363e-01
4403.462806	2.3709213712330118e-01
4414.499053	2.3702636460347604e-01
4425.535301	2.3622050305462070e-01
4436.571548	2.3626030079770935e-01
4447.607796	2.3563101899587424e-01
4458.644044	2.3559050006894522e-01
4469.680291	2.3547422855376443e-01
4480.716539	2.3544646006622452e-01
4491.752787	2.3533253262349202e-01
4502.789034	2.3515329971515722e-01
4513.825282	2.3489128006841017e-01
4524.861529	2.3438283483092329e-01
4535.897777	2.3407199002846207e-01
4546.934025	2.3360694793459225e-01
4557.970272	2.3329489004342299e-01
4569.006520	2.3322878450147216e-01
4580.042768	2.3309910219822624e-01
4591.079015	2.3308934209899018e-01
4602.115263	2.3263229997841389e-01
4613.151511	2.3233817571515727e-01
4624.187758	2.3238076870642488e-01
4635.224006	2.3236865290242370e-01
4646.260253	2.3232945108206010e-01
4657.296501	2.3217004283306636e-01
4668.332749	2.3087833626098261e-01
4679.368996	2.3062406242041952e-01
4690.405244	2.3038146811047458e-01
4701.441492	2.2993407577070332e-01
4712.477739	2.2931438544970792e-01
4723.513987	2.2913995266212706e-01
4734.550234	2.2832758993076208e-01
4745.586482	2.2828582833223252e-01
4756.622730	2.2793332203859273e-01
4767.658977	2.2697834756077181e-01
4778.695225	2.2686848588973671e-01
4789.731473	2.2642891178973615e-01
4800.767720	2.2595579757678574e-01
4811.803968	2.2572053736766529e-01
4822.840216	2.2558436421984387e-01
4833.876463	2.2493539532974183e-01
4844.912711	2.2484711361904475e-01
4855.948958	2.2459346302802061e-01
4866.985206	2.2444868368349902e-01
4878.021454	2.2374031964974156e-01
4889.057701	2.2324192353332986e-01
4900.093949	2.2257084742775440e-01
4911.130197	2.2239852708160626e-01
4922.166444	2.2214993635040159e-01
4933.202692	2.2184982794403341e-01
4944.238940	2.2149772835546797e-01
4955.275187	2.2126494316298448e-01
4966.311435	2.2069374358207450e-01
4977.347682	2.2065504177717349e-01
4988.383930	2.1990976537302664e-01
4999.420178	2.1893669811437202e-01
5010.456425	2.1876888879140027e-01
5021.492673	2.1855472191714309e-01
5032.528921	2.1803719462828342e-01
5043.565168	2.1793021040817884e-01
5054.601416	2.1735293756550089e-01
5065.637663	2.1735120627439355e-01
5076.673911	2.1729794822046056e-01
5087.710159	2.1655026615479939e-01
5098.746406	2.1543139823335611e-01
5109.782654	2.1533808830489637e-01
5120.818902	2.1388416007159539e-01
5131.855149	2.1373721874278531e-01
5142.891397	2.1367610314148117e-01
5153.927645	2.1365913112610657e-01
5164.963892	2.1351639082251592e-01
5176.000140	2.1353337076428702e-01
5187.036387	2.1342900749059940e-01
5198.072635	2.1293103503946068e-01
5209.108883	2.1244904940730922e-01
5220.145130	2.1236459169512317e-01
5231.181378	2.1212913784692289e-01
5242.217626	2.1196798189117813e-01
5253.253873	2.1135337563008705e-01
5264.290121	2.1125245333720072e-01
5275.326369	2.1063637207515287e-01
5286.362616	2.1050661782089508e-01
5297.398864	2.1035365550701279e-01
5308.435111	2.1029890097697684e-01
5319.471359	2.0940629568776226e-01
5330.507607	2.0891984636876793e-01
5341.543854	2.0847205659909049e-01
5352.580102	2.0783131541568522e-01
5363.616350	2.0771764279475161e-01
5374.652597	2.0789599808061526e-01
5385.688845	2.0789831684792451e-01
5396.725092	2.0776029788854267e-01
5407.761340	2.0764863881139417e-01
5418.797588	2.0757082820561118e-01
5429.833835	2.0737469059840535e-01
5440.870083	2.0756388280297475e-01
5451.906331	2.0756019571768461e-01
5462.942578	2.0727020252991324e-01
5473.978826	2.0647313617409874e-01
5485.015074	2.0613387541116857e-01
5496.051321	2.0548676345078254e-01
5507.087569	2.0551039016334322e-01
5518.123816	2.0535331545555971e-01
5529.160064	2.0503285622474637e-01
5540.196312	2.0435535709393024e-01
5551.232559	2.0432197922638065e-01
5562.268807	2.0401525735349466e-01
5573.305055	2.0378024833161279e-01
5584.341302	2.0346994997571993e-01
5595.377550	2.0215236854150703e-01
5606.413797	2.0177542905508264e-01
5617.450045	2.0166367219153913e-01
5628.486293	2.0156549660454712e-01
5639.522540	2.0158601954637081e-01
5650.558788	2.0163574619612476e-01
5661.595036	2.0098775619029607e-01
5672.631283	2.0038488878902500e-01
5683.667531	2.0015380252378270e-01
5694.703779	2.0014336962839116e-01
5705.740026	1.9993793728677148e-01
5716.776274	1.9985068216978610e-01
5727.812521	1.9961592931725150e-01
5738.848769	1.9877711929564748e-01
5749.885017	1.9813991471606107e-01
5760.921264	1.9783283743321622e-01
5771.957512	1.9764506512646934e-01
5782.993760	1.9709373099994337e-01
5794.030007	1.9705986509558007e-01
5805.066255	1.9647970290572300e-01
5816.102503	1.9613615200624043e-01
5827.138750	1.9539052042940858e-01
5838.174998	1.9503006298736641e-01
5849.211245	1.9498744101841781e-01
5860.247493	1.9359489719931133e-01
5871.283741	1.9290850509819510e-01
5882.319988	1.9205306809818912e-01
5893.356236	1.9034878256238386e-01
5904.392484	1.9000933428115935e-01
5915.428731	1.8951069513958888e-01
5926.464979	1.8935908491544648e-01
5937.501226	1.8924286564942919e-01
5948.537474	1.8883485616599294e-01
5959.573722	1.8876635649306739e-01
5970.609969	1.8742148112472765e-01
5981.646217	1.8624521241387601e-01
5992.682465	1.8618723695872985e-01
6003.718712	1.8615026640187604e-01
6014.754960	1.8594031934430250e-01
6025.791208	1.8573887648168166e-01
6036.827455	1.8552559013578729e-01
6047.863703	1.8512578227918539e-01
6058.899950	1.8450471102756819e-01
6069.936198	1.8404925024343116e-01
6080.972446	1.8400658312407892e-01
6092.008693	1.8358237075819972e-01
6103.044941	1.8208122529482068e-01
6114.081189	1.8133395012423661e-01
6125.117436	1.8109928067834191e-01
6136.153684	1.8054033603609351e-01
6147.189931	1.8037204959841768e-01
6158.226179	1.8029797792145175e-01
6169.262427	1.7993677802833408e-01
6180.298674	1.7983701128229135e-01
6191.334922	1.7972333871656543e-01
6202.371170	1.7954465808468087e-01
6213.407417	1.7947145098451642e-01
6224.443665	1.7935702499267972e-01
6235.479913	1.7910971954766686e-01
6246.516160	1.7890402156548185e-01
6257.552408	1.7821035168951999e-01
6268.588655	1.7770866104425201e-01
6279.624903	1.7748888695005124e-01
6290.661151	1.7710311571891990e-01
6301.697398	1.7703391221310555e-01
6312.733646	1.7679739401910802e-01
6323.769894	1.7666467074196049e-01
6334.806141	1.7660500650134314e-01
6345.842389	1.7633579267513402e-01
6356.878637	1.7625044670639148e-01
6367.914884	1.7567746736205600e-01
6378.951132	1.7558929600958256e-01
6389.987379	1.7511817426414428e-01
6401.023627	1.7487699708589186e-01
6412.059875	1.7482761612412634e-01
6423.096122	1.7431496293889290e-01
6434.132370	1.7430496708722065e-01
6445.168618	1.7389329310169982e-01
6456.204865	1.7369503573600606e-01
6467.241113	1.7340901266112493e-01
6478.277360	1.7334393695591682e-01
6489.313608	1.7325421686163925e-01
6500.349856	1.7319836113793369e-01
6511.386103	1.7312404621958233e-01
6522.422351	1.7296698566557403e-01
6533.458599	1.7277974734547558e-01
6544.494846	1.7226804477178892e-01
6555.531094	1.7218395071045553e-01
6566.567342	1.7184013603734322e-01
6577.603589	1.7180214630768409e-01
6588.639837	1.7156320686943893e-01
6599.676084	1.7160793265413457e-01
6610.712332	1.7158741180711895e-01
6621.748580	1.7151849559764018e-01
6632.784827	1.7120707507570243e-01
6643.821075	1.7099372661950174e-01
6654.857323	1.7052942972224286e-01
6665.893570	1.7050871708658513e-01
6676.929818	1.7043532931328800e-01
6687.966066	1.7020001004925087e-01
6699.002313	1.7017085480747596e-01
6710.038561	1.6989822633735729e-01
6721.074808	1.6991725882497954e-01
6732.111056	1.6992518097466314e-01
6743.147304	1.6982472626318346e-01
6754.183551	1.6950641873302538e-01
6765.219799	1.6942831081238788e-01
6776.256047	1.6931041529872817e-01
6787.292294	1.6919411624678485e-01
6798.328542	1.6906144496436304e-01
6809.364789	1.6903054217299154e-01
6820.401037	1.6888898896523652e-01
6831.437285	1.6880672882410477e-01
6842.473532	1.6877642295193543e-01
6853.509780	1.6873660512427974e-01
6864.546028	1.6862661968985615e-01
6875.582275	1.6803145817545095e-01
6886.618523	1.6804791024533794e-01
6897.654771	1.6773873746515419e-01
6908.691018	1.6772744249479590e-01
6919.727266	1.6764005438365592e-01
6930.763513	1.6756115172857577e-01
6941.799761	1.6738185917044079e-01
6952.836009	1.6675774618148528e-01
6963.872256	1.6674992748115899e-01
6974.908504	1.6663865513074347e-01
6985.944752	1.6649405096791758e-01
6996.980999	1.6634185220736641e-01
7008.017247	1.6611548892351946e-01
7019.053494	1.6595158243896826e-01
7030.089742	1.6538555582335562e-01
7041.125990	1.6528964212198105e-01
7052.162237	1.6524428097702462e-01
7063.198485	1.6512486092714376e-01
7074.234733	1.6507997745743791e-01
7085.270980	1.6498137219764411e-01
7096.307228	1.6489100679747798e-01
7107.343476	1.6402357627561204e-01
7118.379723	1.6354354429277448e-01
7129.415971	1.6344168244077378e-01
7140.452218	1.6304678571951861e-01
7151.488466	1.6296914807706042e-01
7162.524714	1.6276795145303150e-01
7173.560961	1.6273117570640636e-01
7184.597209	1.6265683888545354e-01
7195.633457	1.6265902572049842e-01
7206.669704	1.6266553975358561e-01
7217.705952	1.6261365918505119e-01
7228.742200	1.6255053080559478e-01
7239.778447	1.6251526984860118e-01
7250.814695	1.6214121902458678e-01
7261.850942	1.6190098892989380e-01
7272.887190	1.6183570752840154e-01
7283.923438	1.6177883339866750e-01
7294.959685	1.6129605083508258e-01
7305.995933	1.6125040605832366e-01
7317.032181	1.6114456218233722e-01
7328.068428	1.6108893738950278e-01
7339.104676	1.6106170228276065e-01
7350.140923	1.6071488026714395e-01
7361.177171	1.6060976795774168e-01
7372.213419	1.6004154931668416e-01
7383.249666	1.5977792823249218e-01
7394.285914	1.5976664676147145e-01
7405.322162	1.5965122208638355e-01
7416.358409	1.5936351835027651e-01
7427.394657	1.5910660271392110e-01
7438.430905	1.5901285822042252e-01
7449.467152	1.5895630787323273e-01
7460.503400	1.5854732259240004e-01
7471.539647	1.5852572153287037e-01
7482.575895	1.5785574018702345e-01
7493.612143	1.5747107256352980e-01
7504.648390	1.5704798024541416e-01
7515.684638	1.5693790793725926e-01
7526.720886	1.5692213628316121e-01
7537.757133	1.5646872068003237e-01
7548.793381	1.5591266388667577e-01
7559.829629	1.5559247466464449e-01
7570.865876	1.5550676203710762e-01
7581.902124	1.5522977032439444e-01
7592.938371	1.5519576387030828e-01
7603.974619	1.5489911506035337e-01
7615.010867	1.5480737145748785e-01
7626.047114	1.5433679666919786e-01
7637.083362	1.5388631715693940e-01
7648.119610	1.5368277860626939e-01
7659.155857	1.5342587258454066e-01
7670.192105	1.5324004780578354e-01
7681.228352	1.5297653235709338e-01
7692.264600	1.5294542323958749e-01
7703.300848	1.5270286671789698e-01
7714.337095	1.5250624123749193e-01
7725.373343	1.5243559067216325e-01
7736.409591	1.5233569931116520e-01
7747.445838	1.5193811811483207e-01
7758.482086	1.5189648275323323e-01
7769.518334	1.5184940587260221e-01
7780.554581	1.5176194938718848e-01
7791.590829	1.5173821378254226e-01
7802.627076	1.5135262872194696e-01
7813.663324	1.5127462246256576e-01
7824.699572	1.5108086567138634e-01
7835.735819	1.5080402936193998e-01
7846.772067	1.5083309163395209e-01
7857.808315	1.5066333065650120e-01
7868.844562	1.5049872781457532e-01
7879.880810	1.5038862093791935e-01
7890.917057	1.5023250969302560e-01
7901.953305	1.5018981883685983e-01
7912.989553	1.4995521589387689e-01
7924.025800	1.4956733424448299e-01
7935.062048	1.4946493516899120e-01
7946.098296	1.4925261406619256e-01
7957.134543	1.4916506464058923e-01
7968.170791	1.4896891838532544e-01
7979.207039	1.4890610019296460e-01
7990.243286	1.4885784778756800e-01
8001.279534	1.4875471937589016e-01
8012.315781	1.4829392908127559e-01
8023.352029	1.4790656848088651e-01
8034.388277	1.4747358520158690e-01
8045.424524	1.4741495071695121e-01
8056.460772	1.4728975877434194e-01
8067.497020	1.4718593019082302e-01
8078.533267	1.4705786461793152e-01
8089.569515	1.4657065965292071e-01
8100.605763	1.4640505286517322e-01
8111.642010	1.4615301559561272e-01
8122.678258	1.4610240737287641e-01
8133.714505	1.4574899259750207e-01
8144.750753	1.4532287073596403e-01
8155.787001	1.4518039483922618e-01
8166.823248	1.4488374834305792e-01
8177.859496	1.4474201952536681e-01
8188.895744	1.4429478737587118e-01
8199.931991	1.4379472314344641e-01
8210.968239	1.4370014668906658e-01
8222.004486	1.4362573181423668e-01
8233.040734	1.4346016665564351e-01
8244.076982	1.4318259620719831e-01
8255.113229	1.4262754665989094e-01
8266.149477	1.4255130815462444e-01
8277.185725	1.4241636845491734e-01
8288.221972	1.4228253569347246e-01
8299.258220	1.4217002634405340e-01
8310.294468	1.4190815752643138e-01
8321.330715	1.4162576643349453e-01
8332.366963	1.4141487656196949e-01
8343.403210	1.4130335996098548e-01
8354.439458	1.4097768002946151e-01
8365.475706	1.4079230984569341e-01
8376.511953	1.4024249710780953e-01
8387.548201	1.4017379452646972e-01
8398.584449	1.4013467051816011e-01
8409.620696	1.3998347815788043e-01
8420.656944	1.3990360160986687e-01
8431.693191	1.3966606130104200e-01
8442.729439	1.3911637913399638e-01
8453.765687	1.3906844388995018e-01
8464.801934	1.3873884800114952e-01
8475.838182	1.3858036412231603e-01
8486.874430	1.3811914520704530e-01
8497.910677	1.3782117337783617e-01
8508.946925	1.3770610705872752e-01
8519.983173	1.3721158917480261e-01
8531.019420	1.3714640319558885e-01
8542.055668	1.3693309010707852e-01
8553.091915	1.3679680726416649e-01
8564.128163	1.3667697057415984e-01
8575.164411	1.3652572697069493e-01
8586.200658	1.3616995857125952e-01
8597.236906	1.3602555006917921e-01
8608.273154	1.3598416102151220e-01
8619.309401	1.3566061664439633e-01
8630.345649	1.3553628701624193e-01
8641.381897	1.3542087695442739e-01
8652.418144	1.3529428454827849e-01
8663.454392	1.3513714382964859e-01
8674.490639	1.3502457478783500e-01
8685.526887	1.3491637903176995e-01
8696.563135	1.3486709676391312e-01
8707.599382	1.3465381079852218e-01
8718.635630	1.3459544771633608e-01
8729.671878	1.3445672322624522e-01
8740.708125	1.3441926107376900e-01
8751.744373	1.3434017472902809e-01
8762.780620	1.3422489123977915e-01
8773.816868	1.3408292177087203e-01
8784.853116	1.3402359833457420e-01
8795.889363	1.3389957992656976e-01
8806.925611	1.3365675306852695e-01
8817.961859	1.3323098158980493e-01
8828.998106	1.3288643397454733e-01
8840.034354	1.3284632236973226e-01
8851.070602	1.3269840189271262e-01
8862.106849	1.3244029381463548e-01
8873.143097	1.3237396530953863e-01
8884.179344	1.3208631999551640e-01
8895.215592	1.3208475887394558e-01
8906.251840	1.3184500229980689e-01
8917.288087	1.3167178815193453e-01
8928.324335	1.3080059496889490e-01
8939.360583	1.3073360521786506e-01
8950.396830	1.3064987373378825e-01
8961.433078	1.3054430646554543e-01
8972.469326	1.3028610892529047e-01
8983.505573	1.3019262887028363e-01
8994.541821	1.2991796822692889e-01
9005.578068	1.2959970330907869e-01
9016.614316	1.2949286087967943e-01
9027.650564	1.2898792811702597e-01
9038.686811	1.2882402276936755e-01
9049.723059	1.2877275343703276e-01
9060.759307	1.2832749814626510e-01
9071.795554	1.2814912738431664e-01
9082.831802	1.2796432648811951e-01
9093.868049	1.2765376314501412e-01
9104.904297	1.2747278623906352e-01
9115.940545	1.2735276944902818e-01
9126.976792	1.2727297049582412e-01
9138.013040	1.2716415323988089e-01
9149.049288	1.2698677649148390e-01
9160.085535	1.2659393695592891e-01
9171.121783	1.2656552547933617e-01
9182.158031	1.2654895837504268e-01
9193.194278	1.2643623495503212e-01
9204.230526	1.2642348206964427e-01
9215.266773	1.2628442340229562e-01
9226.303021	1.2618762054099186e-01
9237.339269	1.2581523903491712e-01
9248.375516	1.2548438450484203e-01
9259.411764	1.2530610498153438e-01
9270.448012	1.2524609285241001e-01
9281.484259	1.2513440288453356e-01
9292.520507	1.2496198295421967e-01
9303.556754	1.2442386978754635e-01
9314.593002	1.2425381854068791e-01
9325.629250	1.2390201194569794e-01
9336.665497	1.2365083518470597e-01
9347.701745	1.2342764825437620e-01
9358.737993	1.2338460311906038e-01
9369.774240	1.2329716458062981e-01
9380.810488	1.2321085051865507e-01
9391.846736	1.2313586756162659e-01
9402.882983	1.2303991019035419e-01
9413.919231	1.2286541271017772e-01
9424.955478	1.2271054537076553e-01
9435.991726	1.2252114786741054e-01
9447.027974	1.2220392238248573e-01
9458.064221	1.2184102418577231e-01
9469.100469	1.2177045407629672e-01
9480.136717	1.2158609116900514e-01
9491.172964	1.2142156132016220e-01
9502.209212	1.2127742431172669e-01
9513.245460	1.2111908924015774e-01
9524.281707	1.2088026070468987e-01
9535.317955	1.2069318658680794e-01
9546.354202	1.2060903732634833e-01
9557.390450	1.1978535552974884e-01
9568.426698	1.1967334323738260e-01
9579.462945	1.1920441397911444e-01
9590.499193	1.1914450618000097e-01
9601.535441	1.1895415555940644e-01
9612.571688	1.1881465439722445e-01
9623.607936	1.1849265407990418e-01
9634.644183	1.1843434688062876e-01
9645.680431	1.1810414146687094e-01
9656.716679	1.1797555377332009e-01
9667.752926	1.1787769299721200e-01
9678.789174	1.1770067890203702e-01
9689.825422	1.1741621414412211e-01
9700.861669	1.1696873262831112e-01
9711.897917	1.1647343791288242e-01
9722.934165	1.1641357128323754e-01
9733.970412	1.1631180895088690e-01
9745.006660	1.1594407638128151e-01
9756.042907	1.1563485287135578e-01
9767.079155	1.1552014017582694e-01
9778.115403	1.1530949136253736e-01
9789.151650	1.1476910056359627e-01
9800.187898	1.1457604601910105e-01
9811.224146	1.1447151256934102e-01
9822.260393	1.1437528607820908e-01
9833.296641	1.1411713998477513e-01
9844.332889	1.1383517362995527e-01
9855.369136	1.1349434876580139e-01
9866.405384	1.1331452328388986e-01
9877.441631	1.1328372779316100e-01
9888.477879	1.1313293972193310e-01
9899.514127	1.1250886498979873e-01
9910.550374	1.1225885975095262e-01
9921.586622	1.1150306412788002e-01
9932.622870	1.1122436592733813e-01
9943.659117	1.1094380497996803e-01
9954.695365	1.1082233721289952e-01
9965.731612	1.1069354846908415e-01
9976.767860	1.1062478299787894e-01
9987.804108	1.1047743308401296e-01
9998.840355	1.1039383312393602e-01
10009.876603	1.1027398562825723e-01
10020.912851	1.1016316702372479e-01
10031.949098	1.1006206587183454e-01
10042.985346	1.0987093324727705e-01
10054.021594	1.0960214320705540e-01
10065.057841	1.0935682236866555e-01
10076.094089	1.0925264377017448e-01
10087.130336	1.0879918597808179e-01
10098.166584	1.0877389455835187e-01
10109.202832	1.0863793403987672e-01
10120.239079	1.0830307035695245e-01
10131.275327	1.0802983450359702e-01
10142.311575	1.0790677854867206e-01
10153.347822	1.0772787425611836e-01
10164.384070	1.0704908647765486e-01
10175.420317	1.0642888785437389e-01
10186.456565	1.0622901192373206e-01
10197.492813	1.0602600588206240e-01
10208.529060	1.0596334288519088e-01
10219.565308	1.0571113316205165e-01
10230.601556	1.0540606241157605e-01
10241.637803	1.0536312999078781e-01
10252.674051	1.0524458387951967e-01
10263.710299	1.0511595495473082e-01
10274.746546	1.0467378395902364e-01
10285.782794	1.0440943213021864e-01
10296.819041	1.0434255009950918e-01
10307.855289	1.0425829744225783e-01
10318.891537	1.0412242739657079e-01
10329.927784	1.0361174306366551e-01
10340.964032	1.0338713392225977e-01
10352.000280	1.0305357336597092e-01
10363.036527	1.0292888263103445e-01
10374.072775	1.0286401320034701e-01
10385.109023	1.0279862877381150e-01
10396.145270	1.0233162531815784e-01
10407.181518	1.0211378261987081e-01
10418.217765	1.0188076228950159e-01
10429.254013	1.0184494435259851e-01
10440.290261	1.0180835745457421e-01
10451.326508	1.0161706553291389e-01
10462.362756	1.0148021925295546e-01
10473.399004	1.0118951048131773e-01
10484.435251	1.0119915186982581e-01
10495.471499	1.0098600288315621e-01
10506.507746	1.0061280646307040e-01
10517.543994	9.9678385005462847e-02
10528.580242	9.9335456839349801e-02
10539.616489	9.9193589311665331e-02
10550.652737	9.8924410068928229e-02
10561.688985	9.8753002930323699e-02
10572.725232	9.8433924615831198e-02
10583.761480	9.8346843705313505e-02
10594.797728	9.8220702058326170e-02
10605.833975	9.8002819041970585e-02
10616.870223	9.7909312663799028e-02
10627.906470	9.7761153370775344e-02
10638.942718	9.7681580985785235e-02
10649.978966	9.7319991862106436e-02
10661.015213	9.6903067872645909e-02
10672.051461	9.6880976655774165e-02
10683.087709	9.6030186035967635e-02
10694.123956	9.5147722942260538e-02
10705.160204	9.4728325114354722e-02
10716.196451	9.4458390349852525e-02
10727.232699	9.3723865836662784e-02
10738.268947	9.3509727176365603e-02
10749.305194	9.3279949645562965e-02
10760.341442	9.2771886292773872e-02
10771.377690	9.2510777263535432e-02
10782.413937	9.2375729245147253e-02
10793.450185	9.2050860721807445e-02
10804.486433	9.1631743737887197e-02
10815.522680	9.1516219713679278e-02
10826.558928	9.1288561606500951e-02
10837.595175	9.1208929090031560e-02
10848.631423	9.1139011532905670e-02
10859.667671	9.1122162276266294e-02
10870.703918	9.0663616701699229e-02
10881.740166	8.9988311486718792e-02
10892.776414	8.9666625631466310e-02
10903.812661	8.9507641442513108e-02
10914.848909	8.9298698050325254e-02
10925.885157	8.8838654871584238e-02
10936.921404	8.8395032963826170e-02
10947.957652	8.7397580655169921e-02
10958.993899	8.6565076764697435e-02
10970.030147	8.6360118254485058e-02
10981.066395	8.6264686286483094e-02
10992.102642	8.6195524251122285e-02
11003.138890	8.5981472601016753e-02
11014.175138	8.5820001134262025e-02
11025.211385	8.5562342177740280e-02
11036.247633	8.5439931447455209e-02
11047.283880	8.5306267835584135e-02
11058.320128	8.5064348199115694e-02
11069.356376	8.4865534312571766e-02
11080.392623	8.4196280337013707e-02
11091.428871	8.3998282103714683e-02
11102.465119	8.3867152461768804e-02
11113.501366	8.3349153437129980e-02
11124.537614	8.3201468821886351e-02
11135.573862	8.3146387921378240e-02
11146.610109	8.3097130482485307e-02
11157.646357	8.2823524932760489e-02
11168.682604	8.2551029319621591e-02
11179.718852	8.2378986922210976e-02
11190.755100	8.2022726768956319e-02
11201.791347	8.1671294029633829e-02
11212.827595	8.1207667075861592e-02
11223.863843	8.1030041742753661e-02
11234.900090	8.0644161342443788e-02
11245.936338	7.9885900866537546e-02
11256.972586	7.9488921791612432e-02
11268.008833	7.9363314953884379e-02
11279.045081	7.9195469226069307e-02
11290.081328	7.9100936864061985e-02
11301.117576	7.9042025027168172e-02
11312.153824	7.8902974642176008e-02
11323.190071	7.8788355050590717e-02
11334.226319	7.8705143130174876e-02
11345.262567	7.8577913728127405e-02
11356.298814	7.8435936488172153e-02
11367.335062	7.8337599469563451e-02
11378.371309	7.7976788817167242e-02
11389.407557	7.7567738774577066e-02
11400.443805	7.7524701625184891e-02
11411.480052	7.7361350363290615e-02
11422.516300	7.7052347745950947e-02
11433.552548	7.6968907684502944e-02
11444.588795	7.6685259639034803e-02
11455.625043	7.6499905717888561e-02
11466.661291	7.6320621991474269e-02
11477.697538	7.6142319534064182e-02
11488.733786	7.6076217951929079e-02
11499.770033	7.5989046180398825e-02
11510.806281	7.5809993196915143e-02
11521.842529	7.5668522717248277e-02
11532.878776	7.5461670803767325e-02
11543.915024	7.5163563287174745e-02
11554.951272	7.5003070760928353e-02
11565.987519	7.4721065686647548e-02
11577.023767	7.4533596279510103e-02
11588.060014	7.4405935054789943e-02
11599.096262	7.4302673624323898e-02
11610.132510	7.4149892997751127e-02
11621.168757	7.4011800280664897e-02
11632.205005	7.3941950206715276e-02
11643.241253	7.3810184877760587e-02
11654.277500	7.3671264607159587e-02
11665.313748	7.3534975343555631e-02
11676.349996	7.3324505371573478e-02
11687.386243	7.3211355211975374e-02
11698.422491	7.3116938168558868e-02
11709.458738	7.2838966917623538e-02
11720.494986	7.2751367254249411e-02
11731.531234	7.2637918875578411e-02
11742.567481	7.2508494450455319e-02
11753.603729	7.2361863537146479e-02
11764.639977	7.2186889939193907e-02
11775.676224	7.1995301067657475e-02
11786.712472	7.1925271824285736e-02
11797.748720	7.1749735934345471e-02
11808.784967	7.1626183633605900e-02
11819.821215	7.1258754194797450e-02
11830.857462	7.0799798110625645e-02
11841.893710	7.0588672474332148e-02
11852.929958	7.0425997454539466e-02
11863.966205	7.0267013101729045e-02
11875.002453	7.0110491587627360e-02
11886.038701	6.9932708452741743e-02
11897.074948	6.9852422167327025e-02
11908.111196	6.9737462293059035e-02
11919.147443	6.9588949366603120e-02
11930.183691	6.9433442659435726e-02
11941.219939	6.9224975482075790e-02
11952.256186	6.9060939539415001e-02
11963.292434	6.8769044618944564e-02
11974.328682	6.8591741990291943e-02
11985.364929	6.8450040457135791e-02
11996.401177	6.8371152510529248e-02
12007.437425	6.8243396403526890e-02
12018.473672	6.8089072546527074e-02
12029.509920	6.7968355948171133e-02
12040.546167	6.7740762660721793e-02
12051.582415	6.7621963602670226e-02
12062.618663	6.7310406085824059e-02
12073.654910	6.7175533867671638e-02
12084.691158	6.6904846483239924e-02
12095.727406	6.6788592764943269e-02
12106.763653	6.6601288712858128e-02
12117.799901	6.6462399820013562e-02
12128.836148	6.6268866012325012e-02
12139.872396	6.6011602087197724e-02
12150.908644	6.5881318966292374e-02
12161.944891	6.5557166155254976e-02
12172.981139	6.5416200843965974e-02
12184.017387	6.5172956234665971e-02
12195.053634	6.5032076031522779e-02
12206.089882	6.4714460783504332e-02
12217.126130	6.4527403443959519e-02
12228.162377	6.4410537992972972e-02
12239.198625	6.4287719958848008e-02
12250.234872	6.4084791528027318e-02
12261.271120	6.3821698710502445e-02
12272.307368	6.3410838152690843e-02
12283.343615	6.3287468664099553e-02
12294.379863	6.3214201251970581e-02
12305.416111	6.3072881322768656e-02
12316.452358	6.2946955237393354e-02
12327.488606	6.2812336632813423e-02
12338.524854	6.2684418075064155e-02
12349.561101	6.2565409848475556e-02
12360.597349	6.2466104671098734e-02
12371.633596	6.2318464101597276e-02
12382.669844	6.2140269854829455e-02
12393.706092	6.1923887216789243e-02
12404.742339	6.1756043768747167e-02
12415.778587	6.1524930431417157e-02
12426.814835	6.1343573912119233e-02
12437.851082	6.1267178070674021e-02
12448.887330	6.0814176307747464e-02
12459.923577	6.0633269378968180e-02
12470.959825	6.0490300622911115e-02
12481.996073	6.0314042226852216e-02
12493.032320	6.0216676018879395e-02
12504.068568	6.0069290626118904e-02
12515.104816	5.9989549574922800e-02
12526.141063	5.9883483166819275e-02
12537.177311	5.9677625205796669e-02
12548.213559	5.9569551148676875e-02
12559.249806	5.9444254168052976e-02
12570.286054	5.9339132449004933e-02
12581.322301	5.9194188667377273e-02
12592.358549	5.9027711705652922e-02
12603.394797	5.8876948500790109e-02
12614.431044	5.8781098098317809e-02
12625.467292	5.8660900529271406e-02
12636.503540	5.8492686241087027e-02
12647.539787	5.8358385631743608e-02
12658.576035	5.8124773481039997e-02
12669.612283	5.7965259353834973e-02
12680.648530	5.7742325674120992e-02
12691.684778	5.7623281686520013e-02
12702.721025	5.7456408096637053e-02
12713.757273	5.7333634173875096e-02
12724.793521	5.7228483460672913e-02
12735.829768	5.7081357581708056e-02
12746.866016	5.6905173776670023e-02
12757.902264	5.6742290856324255e-02
12768.938511	5.6603806687724578e-02
12779.974759	5.6520168532504793e-02
12791.011006	5.6326169935994388e-02
12802.047254	5.6223858277568407e-02
12813.083502	5.6062974125010615e-02
12824.119749	5.5990667049209977e-02
12835.155997	5.5847442230948480e-02
12846.192245	5.5673115501049399e-02
12857.228492	5.5511354191260999e-02
12868.264740	5.5380997141072065e-02
12879.300988	5.5189063277549209e-02
12890.337235	5.4965497611518616e-02
12901.373483	5.4815319054717176e-02
12912.409730	5.4714156827377208e-02
12923.445978	5.4562779482572391e-02
12934.482226	5.4422978589424603e-02
12945.518473	5.4275918164229310e-02
12956.554721	5.4146448356157485e-02
12967.590969	5.4020172406492199e-02
12978.627216	5.3906158261082027e-02
12989.663464	5.3770835459025612e-02
13000.699711	5.3664746420709272e-02
13011.735959	5.3462710805290747e-02
13022.772207	5.3305163044850147e-02
13033.808454	5.3156444954685425e-02
13044.844702	5.3032674822990691e-02
13055.880950	5.2901844097120510e-02
13066.917197	5.2794684386491139e-02
13077.953445	5.2655121773515487e-02
13088.989693	5.2514802336088531e-02
13100.025940	5.2363666046481044e-02
13111.062188	5.2192495722552773e-02
13122.098435	5.2058443803091471e-02
13133.134683	5.1914579665067219e-02
13144.170931	5.1743788074628268e-02
13155.207178	5.1621452449542832e-02
13166.243426	5.1486462034592700e-02
13177.279674	5.1342155717395324e-02
13188.315921	5.1220131152818156e-02
13199.352169	5.1097996905265793e-02
13210.388417	5.0920747102805919e-02
13221.424664	5.0752194202604448e-02
13232.460912	5.0628921842723752e-02
13243.497159	5.0473437929882493e-02
13254.533407	5.0291512476418374e-02
13265.569655	5.0079690053334090e-02
13276.605902	4.9969444818377916e-02
13287.642150	4.9848564332477183e-02
13298.678398	4.9726300093921920e-02
13309.714645	4.9561707276036739e-02
13320.750893	4.9364375676149583e-02
13331.787140	4.9247717713132348e-02
13342.823388	4.9087761493652682e-02
13353.859636	4.8931995551103342e-02
13364.895883	4.8736587680600962e-02
13375.932131	4.8613697809150036e-02
13386.968379	4.8472189060830936e-02
13398.004626	4.8359649102547655e-02
13409.040874	4.8202473770540877e-02
13420.077122	4.8096792306277759e-02
13431.113369	4.7958845313580113e-02
13442.149617	4.7787726020219030e-02
13453.185864	4.7625998105304657e-02
13464.222112	4.7494193854149595e-02
13475.258360	4.7330714786856021e-02
13486.294607	4.7168940402387664e-02
13497.330855	4.7042281837171726e-02
13508.367103	4.6924262826071511e-02
13519.403350	4.6802004853136223e-02
13530.439598	4.6647111415904656e-02
13541.475846	4.6521595913166527e-02
13552.512093	4.6402739287968085e-02
13563.548341	4.6273224581174680e-02
13574.584588	4.6146832680598542e-02
13585.620836	4.5992822750872450e-02
13596.657084	4.5849978025182155e-02
13607.693331	4.5705023380340264e-02
13618.729579	4.5577660785766111e-02
13629.765827	4.5448617259293882e-02
13640.802074	4.5304618378953804e-02
13651.838322	4.5122938934088169e-02
13662.874569	4.4988499080499428e-02
13673.910817	4.4827145333949985e-02
13684.947065	4.4696628761112529e-02
13695.983312	4.4564747982673153e-02
13707.019560	4.4443617162954453e-02
13718.055808	4.4304101074770771e-02
13729.092055	4.4164533547782665e-02
13740.128303	4.4042929737340780e-02
13751.164551	4.3900544437910582e-02
13762.200798	4.3727793213372092e-02
13773.237046	4.3598795309647817e-02
13784.273293	4.3472332519805326e-02
13795.309541	4.3338812492757200e-02
13806.345789	4.3190750139371077e-02
13817.382036	4.3052526140918208e-02
13828.418284	4.2896966965521949e-02
13839.454532	4.2763567991151823e-02
13850.490779	4.2631383561138839e-02
13861.527027	4.2500031485406806e-02
13872.563274	4.2370806156711183e-02
13883.599522	4.2240213624088696e-02
13894.635770	4.2078124033471408e-02
13905.672017	4.1927820889601106e-02
13916.708265	4.1774630532271533e-02
13927.744513	4.1633188990451125e-02
13938.780760	4.1497286883206100e-02
13949.817008	4.1355779989923375e-02
13960.853256	4.1211844620374589e-02
13971.889503	4.1075554797586289e-02
13982.925751	4.0915154506036097e-02
13993.961998	4.0781710632434333e-02
14004.998246	4.0623605516050168e-02
14016.034494	4.0476534355930717e-02
14027.070741	4.0319103492810683e-02
14038.106989	4.0153467804944318e-02
14049.143237	4.0025570259809719e-02
14060.179484	3.9882304413546246e-02
14071.215732	3.9758158694433110e-02
14082.251980	3.9608458403674933e-02
14093.288227	3.9456867009490852e-02
14104.324475	3.9322904755894256e-02
14115.360722	3.9192628198814292e-02
14126.396970	3.9049561065818333e-02
14137.433218	3.8915471623385489e-02
14148.469465	3.8781772454912801e-02
14159.505713	3.8625840052932237e-02
14170.541961	3.8485892881137081e-02
14181.578208	3.8329754976181483e-02
14192.614456	3.8202848074035858e-02
14203.650703	3.8073797711427972e-02
14214.686951	3.7938257442038083e-02
14225.723199	3.7819855039625004e-02
14236.759446	3.7659431256295083e-02
14247.795694	3.7523185695630817e-02
14258.831942	3.7382250856437621e-02
14269.868189	3.7242345386138208e-02
14280.904437	3.7100753038679990e-02
14291.940685	3.6959347135264942e-02
14302.976932	3.6820491917320924e-02
14314.013180	3.6682974635836856e-02
14325.049427	3.6541110351926767e-02
14336.085675	3.6410815682739878e-02
14347.121923	3.6267315839670321e-02
14358.158170	3.6122624091399755e-02
14369.194418	3.5976072419584733e-02
14380.230666	3.5823388152304632e-02
14391.266913	3.5689529730097501e-02
14402.303161	3.5525509283795637e-02
14413.339408	3.5365652601686906e-02
14424.375656	3.5216366740714870e-02
14435.411904	3.5079681467789982e-02
14446.448151	3.4926818657317310e-02
14457.484399	3.4752716645110676e-02
14468.520647	3.4607756987030863e-02
14479.556894	3.4472354884209883e-02
14490.593142	3.4330815054416895e-02
14501.629390	3.4202080425579845e-02
14512.665637	3.4072006308358133e-02
14523.701885	3.3933423704506457e-02
14534.738132	3.3777954499783630e-02
14545.774380	3.3627083764138664e-02
14556.810628	3.3465197810380300e-02
14567.846875	3.3313158461265195e-02
14578.883123	3.3172442283802103e-02
14589.919371	3.3032145640869093e-02
14600.955618	3.2854898187777475e-02
14611.991866	3.2710801946960633e-02
14623.028114	3.2538884019680400e-02
14634.064361	3.2380078547132110e-02
14645.100609	3.2241071939599672e-02
14656.136856	3.2090148840672454e-02
14667.173104	3.1920985844862387e-02
14678.209352	3.1784803604608967e-02
14689.245599	3.1609762932078941e-02
14700.281847	3.1469308446350507e-02
14711.318095	3.1275213090097807e-02
14722.354342	3.1138745070560345e-02
14733.390590	3.1000166065353312e-02
14744.426837	3.0851425125136119e-02
14755.463085	3.0726312839528092e-02
14766.499333	3.0551252103606381e-02
14777.535580	3.0409095842723371e-02
14788.571828	3.0262453803062101e-02
14799.608076	3.0098227898851623e-02
14810.644323	2.9937877112973885e-02
14821.680571	2.9807114479707755e-02
14832.716819	2.9658463878614989e-02
14843.753066	2.9483696702259907e-02
14854.789314	2.9333715330001484e-02
14865.825561	2.9159953988116834e-02
14876.861809	2.9010524439568936e-02
14887.898057	2.8833396228017664e-02
14898.934304	2.8679555830650984e-02
14909.970552	2.8537588092828199e-02
14921.006800	2.8356115431227291e-02
14932.043047	2.8203230844465448e-02
14943.079295	2.8043619259977930e-02
14954.115543	2.7916521784686940e-02
14965.151790	2.7727235116244458e-02
14976.188038	2.7601545639284727e-02
14987.224285	2.7441733787494323e-02
14998.260533	2.7284678129412685e-02
15009.296781	2.7104125496148355e-02
15020.333028	2.6929278639484997e-02
15031.369276	2.6743380866082855e-02
15042.405524	2.6576543705977458e-02
15053.441771	2.6413302060890223e-02
15064.478019	2.6255158503601224e-02
15075.514266	2.6074248577275680e-02
15086.550514	2.5878789624970661e-02
15097.586762	2.5731867702126248e-02
15108.623009	2.5574357829673901e-02
15119.659257	2.5413098235997515e-02
15130.695505	2.5271282245973206e-02
15141.731752	2.5122379739112393e-02
15152.768000	2.4980683591036151e-02
15163.804248	2.4847734803878523e-02
15174.840495	2.4697889066821785e-02
15185.876743	2.4515343996365582e-02
15196.912990	2.4357590902445627e-02
15207.949238	2.4212928031849441e-02
15218.985486	2.4060663366906314e-02
15230.021733	2.3908989147354138e-02
15241.057981	2.3740652392799974e-02
15252.094229	2.3592623460195108e-02
15263.130476	2.3451805799291205e-02
15274.166724	2.3285807509498182e-02
15285.202971	2.3119153286860775e-02
15296.239219	2.2975152963560477e-02
15307.275467	2.2821167592466846e-02
15318.311714	2.2650080917470609e-02
15329.347962	2.2501292604547116e-02
15340.384210	2.2318765158161852e-02
15351.420457	2.2132296919108799e-02
15362.456705	2.1969744126293378e-02
15373.492953	2.1825455375460753e-02
15384.529200	2.1677215328317248e-02
15395.565448	2.1531976283255833e-02
15406.601695	2.1316847958626688e-02
15417.637943	2.1150506230958488e-02
15428.674191	2.0992957938823990e-02
15439.710438	2.0842782592604969e-02
15450.746686	2.0714022554807351e-02
15461.782934	2.0566642934273113e-02
15472.819181	2.0426072580737326e-02
15483.855429	2.0282987786673257e-02
15494.891677	2.0111619421468330e-02
15505.927924	1.9955121517967040e-02
15516.964172	1.9808602209276494e-02
15528.000419	1.9637249534570984e-02
15539.036667	1.9455946806803799e-02
15550.072915	1.9271791080442548e-02
15561.109162	1.9115854381268269e-02
15572.145410	1.8959894060444418e-02
15583.181658	1.8822976956761481e-02
15594.217905	1.8637084062897054e-02
15605.254153	1.8495398815025599e-02
15616.290400	1.8337878294930238e-02
15627.326648	1.8178340942314481e-02
15638.362896	1.8009709121043431e-02
15649.399143	1.7855078004635247e-02
15660.435391	1.7675474439157943e-02
15671.471639	1.7464707689041958e-02
15682.507886	1.7291203089686222e-02
15693.544134	1.7136010837253333e-02
15704.580382	1.6986909661471355e-02
15715.616629	1.6813976607453048e-02
15726.652877	1.6646880526466765e-02
15737.689124	1.6494986373257230e-02
15748.725372	1.6334951452389342e-02
15759.761620	1.6166403203749527e-02
15770.797867	1.5983216663183697e-02
15781.834115	1.5805471519124283e-02
15792.870363	1.5639877739580903e-02
15803.906610	1.5462448906246509e-02
15814.942858	1.5308418408164512e-02
15825.979106	1.5135315922534451e-02
15837.015353	1.4951756966370609e-02
15848.051601	1.4804590238233415e-02
15859.087848	1.4627367893305198e-02
15870.124096	1.4465521158744308e-02
15881.160344	1.4307476416099826e-02
15892.196591	1.4103255233169933e-02
15903.232839	1.3940762350162592e-02
15914.269087	1.3785927613495976e-02
15925.305334	1.3630092339357377e-02
15936.341582	1.3453197717088392e-02
15947.377829	1.3308952122875183e-02
15958.414077	1.3098112563887376e-02
15969.450325	1.2929024872296611e-02
15980.486572	1.2758735134470654e-02
15991.522820	1.2583210402091835e-02
16002.559068	1.2418095996757127e-02
16013.595315	1.2260909143427047e-02
16024.631563	1.2118245820247984e-02
16035.667811	1.1937136595957002e-02
16046.704058	1.1755812892336169e-02
16057.740306	1.1559310722950380e-02
16068.776553	1.1401109719400844e-02
16079.812801	1.1211731719514518e-02
16090.849049	1.1039341943904792e-02
16101.885296	1.0864974257144007e-02
16112.921544	1.0696623893489528e-02
16123.957792	1.0480654862369290e-02
16134.994039	1.0332011117142029e-02
16146.030287	1.0141713181730565e-02
16157.066534	9.9472265458050557e-03
16168.102782	9.7460725110464098e-03
16179.139030	9.5322439048441711e-03
16190.175277	9.3700994405646245e-03
16201.211525	9.2170160889040662e-03
16212.247773	9.0317953262191407e-03
16223.284020	8.8627147066776425e-03
16234.320268	8.7056504343574481e-03
16245.356516	8.5362457826090067e-03
16256.392763	8.3743311641651073e-03
16267.429011	8.1898404597492789e-03
16278.465258	8.0107040742624213e-03
16289.501506	7.7858143770611499e-03
16300.537754	7.6272666742117261e-03
16311.574001	7.4431915985968544e-03
16322.610249	7.2430004178890683e-03
16333.646497	7.0614978248299603e-03
16344.682744	6.9045439095168542e-03
16355.718992	6.7282442959942417e-03
16366.755240	6.5585977103556937e-03
16377.791487	6.4003467131641401e-03
16388.827735	6.2258951549285513e-03
16399.863982	6.0038687753786058e-03
16410.900230	5.8366281980961115e-03
16421.936478	5.6497373044650523e-03
16432.972725	5.4768922427633386e-03
16444.008973	5.2846334896252678e-03
16455.045221	5.1033244542876650e-03
16466.081468	4.9015502666208809e-03
16477.117716	4.7379722341687192e-03
16488.153963	4.5737773537362575e-03
16499.190211	4.3973301694929150e-03
16510.226459	4.2385744502100803e-03
16521.262706	4.0678105249169049e-03
16532.298954	3.8999566434450511e-03
16543.335202	3.7128925584776575e-03
16554.371449	3.5513965031834793e-03
16565.407697	3.3589623279076542e-03
16576.443945	3.1043916835550669e-03
16587.480192	2.9469975993169483e-03
16598.516440	2.7813138481798364e-03
16609.552687	2.5849050748327032e-03
16620.588935	2.3735509639258977e-03
16631.625183	2.2098530145799383e-03
16642.661430	2.0480457635920521e-03
16653.697678	1.8482094994841287e-03
16664.733926	1.6868234331363949e-03
16675.770173	1.4832466904174761e-03
16686.806421	1.2449320254205925e-03
16697.842668	1.0728071853046571e-03
16708.878916	8.7747157129432673e-04
16719.915164	6.9893116895588159e-04
16730.951411	5.2503292139633514e-04
16741.987659	3.5181274138872272e-04
16753.023907	1.3399658007820194e-04
16764.060154	2.3993159531264673e-06
