-78213.17653	1.92E-08
-78176.21379	3.21E-05
-78139.25104	8.91E-05
-78102.28829	1.23E-04
-78065.32554	1.76E-04
-78028.36279	2.08E-04
-77991.40004	2.62E-04
-77954.43729	3.21E-04
-77917.47454	3.95E-04
-77880.51179	4.36E-04
-77843.54905	5.51E-04
-77806.5863	5.93E-04
-77769.62355	6.85E-04
-77732.6608	7.35E-04
-77695.69805	7.74E-04
-77658.7353	8.25E-04
-77621.77255	8.59E-04
-77584.8098	9.22E-04
-77547.84705	9.68E-04
-77510.88431	1.03E-03
-77473.92156	1.07E-03
-77436.95881	1.13E-03
-77399.99606	1.18E-03
-77363.03331	1.25E-03
-77326.07056	1.29E-03
-77289.10781	1.32E-03
-77252.14506	1.37E-03
-77215.18232	1.42E-03
-77178.21957	1.47E-03
-77141.25682	1.53E-03
-77104.29407	1.58E-03
-77067.33132	1.65E-03
-77030.36857	1.70E-03
-76993.40582	1.74E-03
-76956.44307	1.80E-03
-76919.48032	1.82E-03
-76882.51758	1.89E-03
-76845.55483	1.93E-03
-76808.59208	1.95E-03
-76771.62933	2.01E-03
-76734.66658	2.04E-03
-76697.70383	2.12E-03
-76660.74108	2.17E-03
-76623.77833	2.25E-03
-76586.81559	2.30E-03
-76549.85284	2.37E-03
-76512.89009	2.41E-03
-76475.92734	2.51E-03
-76438.96459	2.54E-03
-76402.00184	2.57E-03
-76365.03909	2.67E-03
-76328.07634	2.70E-03
-76291.11359	2.73E-03
-76254.15085	2.83E-03
-76217.1881	2.88E-03
-76180.22535	2.95E-03
-76143.2626	2.99E-03
-76106.29985	3.04E-03
-76069.3371	3.18E-03
-76032.37435	3.22E-03
-75995.4116	3.27E-03
-75958.44886	3.42E-03
-75921.48611	3.45E-03
-75884.52336	3.50E-03
-75847.56061	3.55E-03
-75810.59786	3.58E-03
-75773.63511	3.62E-03
-75736.67236	3.66E-03
-75699.70961	3.71E-03
-75662.74686	3.81E-03
-75625.78412	3.85E-03
-75588.82137	3.91E-03
-75551.85862	3.95E-03
-75514.89587	3.98E-03
-75477.93312	4.04E-03
-75440.97037	4.10E-03
-75404.00762	4.14E-03
-75367.04487	4.20E-03
-75330.08212	4.28E-03
-75293.11938	4.38E-03
-75256.15663	4.41E-03
-75219.19388	4.47E-03
-75182.23113	4.52E-03
-75145.26838	4.57E-03
-75108.30563	4.60E-03
-75071.34288	4.68E-03
-75034.38013	4.72E-03
-74997.41739	4.77E-03
-74960.45464	4.82E-03
-74923.49189	4.86E-03
-74886.52914	4.90E-03
-74849.56639	4.93E-03
-74812.60364	4.99E-03
-74775.64089	5.07E-03
-74738.67814	5.12E-03
-74701.71539	5.17E-03
-74664.75265	5.21E-03
-74627.7899	5.24E-03
-74590.82715	5.27E-03
-74553.8644	5.32E-03
-74516.90165	5.42E-03
-74479.9389	5.47E-03
-74442.97615	5.55E-03
-74406.0134	5.62E-03
-74369.05066	5.65E-03
-74332.08791	5.68E-03
-74295.12516	5.72E-03
-74258.16241	5.78E-03
-74221.19966	5.86E-03
-74184.23691	5.89E-03
-74147.27416	5.94E-03
-74110.31141	5.97E-03
-74073.34866	6.03E-03
-74036.38592	6.05E-03
-73999.42317	6.14E-03
-73962.46042	6.19E-03
-73925.49767	6.30E-03
-73888.53492	6.39E-03
-73851.57217	6.42E-03
-73814.60942	6.45E-03
-73777.64667	6.50E-03
-73740.68393	6.56E-03
-73703.72118	6.59E-03
-73666.75843	6.65E-03
-73629.79568	6.68E-03
-73592.83293	6.72E-03
-73555.87018	6.80E-03
-73518.90743	6.84E-03
-73481.94468	6.91E-03
-73444.98193	6.95E-03
-73408.01919	7.04E-03
-73371.05644	7.10E-03
-73334.09369	7.13E-03
-73297.13094	7.21E-03
-73260.16819	7.25E-03
-73223.20544	7.34E-03
-73186.24269	7.38E-03
-73149.27994	7.43E-03
-73112.31719	7.47E-03
-73075.35445	7.50E-03
-73038.3917	7.60E-03
-73001.42895	7.68E-03
-72964.4662	7.75E-03
-72927.50345	7.81E-03
-72890.5407	7.86E-03
-72853.57795	7.92E-03
-72816.6152	7.96E-03
-72779.65246	8.00E-03
-72742.68971	8.08E-03
-72705.72696	8.11E-03
-72668.76421	8.14E-03
-72631.80146	8.20E-03
-72594.83871	8.26E-03
-72557.87596	8.34E-03
-72520.91321	8.41E-03
-72483.95046	8.45E-03
-72446.98772	8.49E-03
-72410.02497	8.52E-03
-72373.06222	8.59E-03
-72336.09947	8.63E-03
-72299.13672	8.67E-03
-72262.17397	8.70E-03
-72225.21122	8.74E-03
-72188.24847	8.79E-03
-72151.28573	8.83E-03
-72114.32298	8.88E-03
-72077.36023	8.91E-03
-72040.39748	8.96E-03
-72003.43473	9.01E-03
-71966.47198	9.07E-03
-71929.50923	9.10E-03
-71892.54648	9.17E-03
-71855.58373	9.21E-03
-71818.62099	9.27E-03
-71781.65824	9.33E-03
-71744.69549	9.38E-03
-71707.73274	9.44E-03
-71670.76999	9.49E-03
-71633.80724	9.53E-03
-71596.84449	9.62E-03
-71559.88174	9.75E-03
-71522.91899	9.81E-03
-71485.95625	9.87E-03
-71448.9935	9.94E-03
-71412.03075	1.00E-02
-71375.068	1.01E-02
-71338.10525	1.01E-02
-71301.1425	1.02E-02
-71264.17975	1.02E-02
-71227.217	1.03E-02
-71190.25426	1.03E-02
-71153.29151	1.04E-02
-71116.32876	1.04E-02
-71079.36601	1.04E-02
-71042.40326	1.05E-02
-71005.44051	1.06E-02
-70968.47776	1.07E-02
-70931.51501	1.07E-02
-70894.55226	1.08E-02
-70857.58952	1.09E-02
-70820.62677	1.09E-02
-70783.66402	1.10E-02
-70746.70127	1.10E-02
-70709.73852	1.10E-02
-70672.77577	1.11E-02
-70635.81302	1.11E-02
-70598.85027	1.12E-02
-70561.88753	1.12E-02
-70524.92478	1.13E-02
-70487.96203	1.14E-02
-70450.99928	1.14E-02
-70414.03653	1.15E-02
-70377.07378	1.15E-02
-70340.11103	1.16E-02
-70303.14828	1.16E-02
-70266.18553	1.16E-02
-70229.22279	1.17E-02
-70192.26004	1.17E-02
-70155.29729	1.17E-02
-70118.33454	1.18E-02
-70081.37179	1.18E-02
-70044.40904	1.19E-02
-70007.44629	1.19E-02
-69970.48354	1.20E-02
-69933.5208	1.20E-02
-69896.55805	1.20E-02
-69859.5953	1.21E-02
-69822.63255	1.23E-02
-69785.6698	1.23E-02
-69748.70705	1.23E-02
-69711.7443	1.24E-02
-69674.78155	1.24E-02
-69637.8188	1.25E-02
-69600.85606	1.25E-02
-69563.89331	1.25E-02
-69526.93056	1.26E-02
-69489.96781	1.26E-02
-69453.00506	1.27E-02
-69416.04231	1.27E-02
-69379.07956	1.28E-02
-69342.11681	1.29E-02
-69305.15406	1.29E-02
-69268.19132	1.29E-02
-69231.22857	1.30E-02
-69194.26582	1.30E-02
-69157.30307	1.31E-02
-69120.34032	1.31E-02
-69083.37757	1.32E-02
-69046.41482	1.32E-02
-69009.45207	1.33E-02
-68972.48933	1.33E-02
-68935.52658	1.34E-02
-68898.56383	1.34E-02
-68861.60108	1.35E-02
-68824.63833	1.36E-02
-68787.67558	1.36E-02
-68750.71283	1.37E-02
-68713.75008	1.37E-02
-68676.78733	1.38E-02
-68639.82459	1.38E-02
-68602.86184	1.38E-02
-68565.89909	1.39E-02
-68528.93634	1.39E-02
-68491.97359	1.40E-02
-68455.01084	1.40E-02
-68418.04809	1.41E-02
-68381.08534	1.41E-02
-68344.1226	1.42E-02
-68307.15985	1.42E-02
-68270.1971	1.43E-02
-68233.23435	1.43E-02
-68196.2716	1.44E-02
-68159.30885	1.44E-02
-68122.3461	1.45E-02
-68085.38335	1.45E-02
-68048.4206	1.46E-02
-68011.45786	1.46E-02
-67974.49511	1.47E-02
-67937.53236	1.47E-02
-67900.56961	1.48E-02
-67863.60686	1.48E-02
-67826.64411	1.48E-02
-67789.68136	1.49E-02
-67752.71861	1.49E-02
-67715.75587	1.50E-02
-67678.79312	1.50E-02
-67641.83037	1.51E-02
-67604.86762	1.51E-02
-67567.90487	1.51E-02
-67530.94212	1.52E-02
-67493.97937	1.52E-02
-67457.01662	1.52E-02
-67420.05387	1.54E-02
-67383.09113	1.54E-02
-67346.12838	1.55E-02
-67309.16563	1.55E-02
-67272.20288	1.56E-02
-67235.24013	1.56E-02
-67198.27738	1.57E-02
-67161.31463	1.57E-02
-67124.35188	1.58E-02
-67087.38913	1.58E-02
-67050.42639	1.58E-02
-67013.46364	1.59E-02
-66976.50089	1.60E-02
-66939.53814	1.60E-02
-66902.57539	1.60E-02
-66865.61264	1.61E-02
-66828.64989	1.61E-02
-66791.68714	1.63E-02
-66754.7244	1.63E-02
-66717.76165	1.64E-02
-66680.7989	1.65E-02
-66643.83615	1.65E-02
-66606.8734	1.65E-02
-66569.91065	1.66E-02
-66532.9479	1.66E-02
-66495.98515	1.66E-02
-66459.0224	1.67E-02
-66422.05966	1.67E-02
-66385.09691	1.68E-02
-66348.13416	1.69E-02
-66311.17141	1.69E-02
-66274.20866	1.70E-02
-66237.24591	1.71E-02
-66200.28316	1.71E-02
-66163.32041	1.71E-02
-66126.35767	1.72E-02
-66089.39492	1.72E-02
-66052.43217	1.72E-02
-66015.46942	1.73E-02
-65978.50667	1.73E-02
-65941.54392	1.73E-02
-65904.58117	1.74E-02
-65867.61842	1.74E-02
-65830.65567	1.75E-02
-65793.69293	1.75E-02
-65756.73018	1.76E-02
-65719.76743	1.76E-02
-65682.80468	1.77E-02
-65645.84193	1.77E-02
-65608.87918	1.77E-02
-65571.91643	1.78E-02
-65534.95368	1.78E-02
-65497.99093	1.79E-02
-65461.02819	1.79E-02
-65424.06544	1.80E-02
-65387.10269	1.80E-02
-65350.13994	1.81E-02
-65313.17719	1.81E-02
-65276.21444	1.82E-02
-65239.25169	1.83E-02
-65202.28894	1.83E-02
-65165.3262	1.84E-02
-65128.36345	1.84E-02
-65091.4007	1.85E-02
-65054.43795	1.85E-02
-65017.4752	1.85E-02
-64980.51245	1.86E-02
-64943.5497	1.86E-02
-64906.58695	1.87E-02
-64869.6242	1.87E-02
-64832.66146	1.87E-02
-64795.69871	1.88E-02
-64758.73596	1.88E-02
-64721.77321	1.89E-02
-64684.81046	1.89E-02
-64647.84771	1.90E-02
-64610.88496	1.90E-02
-64573.92221	1.91E-02
-64536.95947	1.91E-02
-64499.99672	1.91E-02
-64463.03397	1.92E-02
-64426.07122	1.92E-02
-64389.10847	1.93E-02
-64352.14572	1.93E-02
-64315.18297	1.94E-02
-64278.22022	1.94E-02
-64241.25747	1.95E-02
-64204.29473	1.95E-02
-64167.33198	1.96E-02
-64130.36923	1.96E-02
-64093.40648	1.97E-02
-64056.44373	1.97E-02
-64019.48098	1.97E-02
-63982.51823	1.98E-02
-63945.55548	1.98E-02
-63908.59274	1.99E-02
-63871.62999	1.99E-02
-63834.66724	1.99E-02
-63797.70449	2.00E-02
-63760.74174	2.00E-02
-63723.77899	2.01E-02
-63686.81624	2.01E-02
-63649.85349	2.01E-02
-63612.89074	2.02E-02
-63575.928	2.02E-02
-63538.96525	2.03E-02
-63502.0025	2.03E-02
-63465.03975	2.04E-02
-63428.077	2.04E-02
-63391.11425	2.04E-02
-63354.1515	2.05E-02
-63317.18875	2.05E-02
-63280.226	2.06E-02
-63243.26326	2.06E-02
-63206.30051	2.06E-02
-63169.33776	2.07E-02
-63132.37501	2.07E-02
-63095.41226	2.07E-02
-63058.44951	2.08E-02
-63021.48676	2.08E-02
-62984.52401	2.08E-02
-62947.56127	2.09E-02
-62910.59852	2.09E-02
-62873.63577	2.10E-02
-62836.67302	2.10E-02
-62799.71027	2.11E-02
-62762.74752	2.11E-02
-62725.78477	2.12E-02
-62688.82202	2.12E-02
-62651.85927	2.12E-02
-62614.89653	2.13E-02
-62577.93378	2.13E-02
-62540.97103	2.14E-02
-62504.00828	2.14E-02
-62467.04553	2.14E-02
-62430.08278	2.15E-02
-62393.12003	2.15E-02
-62356.15728	2.15E-02
-62319.19454	2.16E-02
-62282.23179	2.16E-02
-62245.26904	2.17E-02
-62208.30629	2.17E-02
-62171.34354	2.17E-02
-62134.38079	2.18E-02
-62097.41804	2.18E-02
-62060.45529	2.19E-02
-62023.49254	2.19E-02
-61986.5298	2.20E-02
-61949.56705	2.21E-02
-61912.6043	2.21E-02
-61875.64155	2.22E-02
-61838.6788	2.22E-02
-61801.71605	2.22E-02
-61764.7533	2.23E-02
-61727.79055	2.23E-02
-61690.82781	2.23E-02
-61653.86506	2.24E-02
-61616.90231	2.24E-02
-61579.93956	2.25E-02
-61542.97681	2.26E-02
-61506.01406	2.27E-02
-61469.05131	2.27E-02
-61432.08856	2.27E-02
-61395.12581	2.28E-02
-61358.16307	2.28E-02
-61321.20032	2.29E-02
-61284.23757	2.29E-02
-61247.27482	2.30E-02
-61210.31207	2.30E-02
-61173.34932	2.30E-02
-61136.38657	2.31E-02
-61099.42382	2.31E-02
-61062.46107	2.32E-02
-61025.49833	2.32E-02
-60988.53558	2.32E-02
-60951.57283	2.33E-02
-60914.61008	2.33E-02
-60877.64733	2.34E-02
-60840.68458	2.34E-02
-60803.72183	2.34E-02
-60766.75908	2.35E-02
-60729.79634	2.35E-02
-60692.83359	2.36E-02
-60655.87084	2.36E-02
-60618.90809	2.37E-02
-60581.94534	2.37E-02
-60544.98259	2.38E-02
-60508.01984	2.38E-02
-60471.05709	2.39E-02
-60434.09434	2.39E-02
-60397.1316	2.40E-02
-60360.16885	2.40E-02
-60323.2061	2.41E-02
-60286.24335	2.41E-02
-60249.2806	2.42E-02
-60212.31785	2.42E-02
-60175.3551	2.42E-02
-60138.39235	2.42E-02
-60101.42961	2.43E-02
-60064.46686	2.44E-02
-60027.50411	2.44E-02
-59990.54136	2.44E-02
-59953.57861	2.45E-02
-59916.61586	2.45E-02
-59879.65311	2.46E-02
-59842.69036	2.46E-02
-59805.72761	2.46E-02
-59768.76487	2.47E-02
-59731.80212	2.47E-02
-59694.83937	2.48E-02
-59657.87662	2.48E-02
-59620.91387	2.48E-02
-59583.95112	2.49E-02
-59546.98837	2.50E-02
-59510.02562	2.50E-02
-59473.06287	2.50E-02
-59436.10013	2.51E-02
-59399.13738	2.52E-02
-59362.17463	2.52E-02
-59325.21188	2.52E-02
-59288.24913	2.53E-02
-59251.28638	2.53E-02
-59214.32363	2.53E-02
-59177.36088	2.54E-02
-59140.39814	2.54E-02
-59103.43539	2.55E-02
-59066.47264	2.55E-02
-59029.50989	2.56E-02
-58992.54714	2.56E-02
-58955.58439	2.56E-02
-58918.62164	2.57E-02
-58881.65889	2.57E-02
-58844.69614	2.58E-02
-58807.7334	2.58E-02
-58770.77065	2.58E-02
-58733.8079	2.59E-02
-58696.84515	2.59E-02
-58659.8824	2.60E-02
-58622.91965	2.60E-02
-58585.9569	2.61E-02
-58548.99415	2.61E-02
-58512.03141	2.62E-02
-58475.06866	2.62E-02
-58438.10591	2.63E-02
-58401.14316	2.63E-02
-58364.18041	2.63E-02
-58327.21766	2.64E-02
-58290.25491	2.64E-02
-58253.29216	2.65E-02
-58216.32941	2.65E-02
-58179.36667	2.66E-02
-58142.40392	2.66E-02
-58105.44117	2.66E-02
-58068.47842	2.67E-02
-58031.51567	2.67E-02
-57994.55292	2.68E-02
-57957.59017	2.68E-02
-57920.62742	2.69E-02
-57883.66468	2.70E-02
-57846.70193	2.70E-02
-57809.73918	2.71E-02
-57772.77643	2.71E-02
-57735.81368	2.72E-02
-57698.85093	2.72E-02
-57661.88818	2.73E-02
-57624.92543	2.73E-02
-57587.96268	2.73E-02
-57550.99994	2.74E-02
-57514.03719	2.74E-02
-57477.07444	2.74E-02
-57440.11169	2.75E-02
-57403.14894	2.75E-02
-57366.18619	2.76E-02
-57329.22344	2.76E-02
-57292.26069	2.77E-02
-57255.29794	2.77E-02
-57218.3352	2.77E-02
-57181.37245	2.77E-02
-57144.4097	2.78E-02
-57107.44695	2.78E-02
-57070.4842	2.78E-02
-57033.52145	2.79E-02
-56996.5587	2.79E-02
-56959.59595	2.79E-02
-56922.63321	2.80E-02
-56885.67046	2.81E-02
-56848.70771	2.81E-02
-56811.74496	2.82E-02
-56774.78221	2.82E-02
-56737.81946	2.82E-02
-56700.85671	2.83E-02
-56663.89396	2.83E-02
-56626.93121	2.84E-02
-56589.96847	2.84E-02
-56553.00572	2.84E-02
-56516.04297	2.85E-02
-56479.08022	2.85E-02
-56442.11747	2.85E-02
-56405.15472	2.86E-02
-56368.19197	2.87E-02
-56331.22922	2.87E-02
-56294.26648	2.88E-02
-56257.30373	2.88E-02
-56220.34098	2.89E-02
-56183.37823	2.89E-02
-56146.41548	2.90E-02
-56109.45273	2.91E-02
-56072.48998	2.91E-02
-56035.52723	2.91E-02
-55998.56448	2.92E-02
-55961.60174	2.92E-02
-55924.63899	2.93E-02
-55887.67624	2.93E-02
-55850.71349	2.93E-02
-55813.75074	2.94E-02
-55776.78799	2.95E-02
-55739.82524	2.95E-02
-55702.86249	2.95E-02
-55665.89975	2.96E-02
-55628.937	2.97E-02
-55591.97425	2.97E-02
-55555.0115	2.97E-02
-55518.04875	2.99E-02
-55481.086	3.00E-02
-55444.12325	3.00E-02
-55407.1605	3.00E-02
-55370.19775	3.01E-02
-55333.23501	3.02E-02
-55296.27226	3.03E-02
-55259.30951	3.03E-02
-55222.34676	3.04E-02
-55185.38401	3.04E-02
-55148.42126	3.04E-02
-55111.45851	3.05E-02
-55074.49576	3.06E-02
-55037.53301	3.07E-02
-55000.57027	3.08E-02
-54963.60752	3.08E-02
-54926.64477	3.09E-02
-54889.68202	3.10E-02
-54852.71927	3.10E-02
-54815.75652	3.11E-02
-54778.79377	3.11E-02
-54741.83102	3.11E-02
-54704.86828	3.11E-02
-54667.90553	3.12E-02
-54630.94278	3.12E-02
-54593.98003	3.14E-02
-54557.01728	3.14E-02
-54520.05453	3.14E-02
-54483.09178	3.15E-02
-54446.12903	3.15E-02
-54409.16628	3.16E-02
-54372.20354	3.16E-02
-54335.24079	3.16E-02
-54298.27804	3.17E-02
-54261.31529	3.17E-02
-54224.35254	3.18E-02
-54187.38979	3.19E-02
-54150.42704	3.19E-02
-54113.46429	3.19E-02
-54076.50155	3.20E-02
-54039.5388	3.21E-02
-54002.57605	3.21E-02
-53965.6133	3.22E-02
-53928.65055	3.22E-02
-53891.6878	3.23E-02
-53854.72505	3.23E-02
-53817.7623	3.23E-02
-53780.79955	3.24E-02
-53743.83681	3.24E-02
-53706.87406	3.24E-02
-53669.91131	3.25E-02
-53632.94856	3.25E-02
-53595.98581	3.25E-02
-53559.02306	3.26E-02
-53522.06031	3.26E-02
-53485.09756	3.26E-02
-53448.13481	3.27E-02
-53411.17207	3.28E-02
-53374.20932	3.28E-02
-53337.24657	3.28E-02
-53300.28382	3.29E-02
-53263.32107	3.30E-02
-53226.35832	3.30E-02
-53189.39557	3.31E-02
-53152.43282	3.32E-02
-53115.47008	3.32E-02
-53078.50733	3.32E-02
-53041.54458	3.33E-02
-53004.58183	3.33E-02
-52967.61908	3.33E-02
-52930.65633	3.34E-02
-52893.69358	3.34E-02
-52856.73083	3.35E-02
-52819.76808	3.35E-02
-52782.80534	3.36E-02
-52745.84259	3.36E-02
-52708.87984	3.37E-02
-52671.91709	3.37E-02
-52634.95434	3.37E-02
-52597.99159	3.38E-02
-52561.02884	3.40E-02
-52524.06609	3.41E-02
-52487.10335	3.42E-02
-52450.1406	3.43E-02
-52413.17785	3.43E-02
-52376.2151	3.43E-02
-52339.25235	3.44E-02
-52302.2896	3.44E-02
-52265.32685	3.44E-02
-52228.3641	3.45E-02
-52191.40135	3.45E-02
-52154.43861	3.46E-02
-52117.47586	3.46E-02
-52080.51311	3.47E-02
-52043.55036	3.47E-02
-52006.58761	3.48E-02
-51969.62486	3.48E-02
-51932.66211	3.48E-02
-51895.69936	3.49E-02
-51858.73662	3.49E-02
-51821.77387	3.49E-02
-51784.81112	3.50E-02
-51747.84837	3.50E-02
-51710.88562	3.51E-02
-51673.92287	3.51E-02
-51636.96012	3.52E-02
-51599.99737	3.52E-02
-51563.03462	3.53E-02
-51526.07188	3.54E-02
-51489.10913	3.54E-02
-51452.14638	3.55E-02
-51415.18363	3.55E-02
-51378.22088	3.56E-02
-51341.25813	3.56E-02
-51304.29538	3.57E-02
-51267.33263	3.57E-02
-51230.36988	3.58E-02
-51193.40714	3.58E-02
-51156.44439	3.59E-02
-51119.48164	3.59E-02
-51082.51889	3.60E-02
-51045.55614	3.61E-02
-51008.59339	3.61E-02
-50971.63064	3.62E-02
-50934.66789	3.62E-02
-50897.70515	3.63E-02
-50860.7424	3.63E-02
-50823.77965	3.64E-02
-50786.8169	3.64E-02
-50749.85415	3.64E-02
-50712.8914	3.65E-02
-50675.92865	3.66E-02
-50638.9659	3.66E-02
-50602.00315	3.66E-02
-50565.04041	3.67E-02
-50528.07766	3.67E-02
-50491.11491	3.68E-02
-50454.15216	3.68E-02
-50417.18941	3.68E-02
-50380.22666	3.69E-02
-50343.26391	3.69E-02
-50306.30116	3.70E-02
-50269.33842	3.70E-02
-50232.37567	3.71E-02
-50195.41292	3.71E-02
-50158.45017	3.72E-02
-50121.48742	3.74E-02
-50084.52467	3.74E-02
-50047.56192	3.74E-02
-50010.59917	3.75E-02
-49973.63642	3.75E-02
-49936.67368	3.77E-02
-49899.71093	3.77E-02
-49862.74818	3.79E-02
-49825.78543	3.79E-02
-49788.82268	3.82E-02
-49751.85993	3.83E-02
-49714.89718	3.84E-02
-49677.93443	3.85E-02
-49640.97169	3.86E-02
-49604.00894	3.87E-02
-49567.04619	3.87E-02
-49530.08344	3.87E-02
-49493.12069	3.88E-02
-49456.15794	3.89E-02
-49419.19519	3.89E-02
-49382.23244	3.90E-02
-49345.26969	3.91E-02
-49308.30695	3.91E-02
-49271.3442	3.92E-02
-49234.38145	3.92E-02
-49197.4187	3.93E-02
-49160.45595	3.93E-02
-49123.4932	3.94E-02
-49086.53045	3.94E-02
-49049.5677	3.94E-02
-49012.60495	3.95E-02
-48975.64221	3.96E-02
-48938.67946	3.98E-02
-48901.71671	3.98E-02
-48864.75396	3.98E-02
-48827.79121	4.00E-02
-48790.82846	4.01E-02
-48753.86571	4.02E-02
-48716.90296	4.03E-02
-48679.94022	4.03E-02
-48642.97747	4.03E-02
-48606.01472	4.04E-02
-48569.05197	4.05E-02
-48532.08922	4.05E-02
-48495.12647	4.07E-02
-48458.16372	4.08E-02
-48421.20097	4.10E-02
-48384.23822	4.11E-02
-48347.27548	4.12E-02
-48310.31273	4.13E-02
-48273.34998	4.14E-02
-48236.38723	4.14E-02
-48199.42448	4.15E-02
-48162.46173	4.17E-02
-48125.49898	4.17E-02
-48088.53623	4.18E-02
-48051.57349	4.20E-02
-48014.61074	4.20E-02
-47977.64799	4.22E-02
-47940.68524	4.22E-02
-47903.72249	4.22E-02
-47866.75974	4.24E-02
-47829.79699	4.25E-02
-47792.83424	4.26E-02
-47755.87149	4.26E-02
-47718.90875	4.27E-02
-47681.946	4.27E-02
-47644.98325	4.28E-02
-47608.0205	4.29E-02
-47571.05775	4.29E-02
-47534.095	4.30E-02
-47497.13225	4.31E-02
-47460.1695	4.34E-02
-47423.20675	4.34E-02
-47386.24401	4.35E-02
-47349.28126	4.37E-02
-47312.31851	4.38E-02
-47275.35576	4.39E-02
-47238.39301	4.41E-02
-47201.43026	4.42E-02
-47164.46751	4.42E-02
-47127.50476	4.43E-02
-47090.54202	4.43E-02
-47053.57927	4.44E-02
-47016.61652	4.45E-02
-46979.65377	4.46E-02
-46942.69102	4.46E-02
-46905.72827	4.47E-02
-46868.76552	4.49E-02
-46831.80277	4.49E-02
-46794.84002	4.50E-02
-46757.87728	4.50E-02
-46720.91453	4.51E-02
-46683.95178	4.51E-02
-46646.98903	4.51E-02
-46610.02628	4.52E-02
-46573.06353	4.53E-02
-46536.10078	4.54E-02
-46499.13803	4.55E-02
-46462.17529	4.55E-02
-46425.21254	4.56E-02
-46388.24979	4.57E-02
-46351.28704	4.57E-02
-46314.32429	4.57E-02
-46277.36154	4.59E-02
-46240.39879	4.59E-02
-46203.43604	4.60E-02
-46166.47329	4.60E-02
-46129.51055	4.62E-02
-46092.5478	4.62E-02
-46055.58505	4.63E-02
-46018.6223	4.63E-02
-45981.65955	4.64E-02
-45944.6968	4.64E-02
-45907.73405	4.64E-02
-45870.7713	4.65E-02
-45833.80856	4.66E-02
-45796.84581	4.66E-02
-45759.88306	4.67E-02
-45722.92031	4.68E-02
-45685.95756	4.68E-02
-45648.99481	4.70E-02
-45612.03206	4.71E-02
-45575.06931	4.73E-02
-45538.10656	4.74E-02
-45501.14382	4.75E-02
-45464.18107	4.76E-02
-45427.21832	4.76E-02
-45390.25557	4.77E-02
-45353.29282	4.77E-02
-45316.33007	4.79E-02
-45279.36732	4.80E-02
-45242.40457	4.80E-02
-45205.44182	4.80E-02
-45168.47908	4.81E-02
-45131.51633	4.81E-02
-45094.55358	4.81E-02
-45057.59083	4.83E-02
-45020.62808	4.84E-02
-44983.66533	4.84E-02
-44946.70258	4.85E-02
-44909.73983	4.86E-02
-44872.77709	4.87E-02
-44835.81434	4.89E-02
-44798.85159	4.89E-02
-44761.88884	4.90E-02
-44724.92609	4.91E-02
-44687.96334	4.92E-02
-44651.00059	4.95E-02
-44614.03784	4.95E-02
-44577.07509	4.96E-02
-44540.11235	4.97E-02
-44503.1496	4.97E-02
-44466.18685	4.98E-02
-44429.2241	4.98E-02
-44392.26135	5.00E-02
-44355.2986	5.00E-02
-44318.33585	5.01E-02
-44281.3731	5.01E-02
-44244.41036	5.01E-02
-44207.44761	5.02E-02
-44170.48486	5.02E-02
-44133.52211	5.03E-02
-44096.55936	5.04E-02
-44059.59661	5.05E-02
-44022.63386	5.05E-02
-43985.67111	5.08E-02
-43948.70836	5.08E-02
-43911.74562	5.09E-02
-43874.78287	5.10E-02
-43837.82012	5.10E-02
-43800.85737	5.10E-02
-43763.89462	5.11E-02
-43726.93187	5.12E-02
-43689.96912	5.14E-02
-43653.00637	5.14E-02
-43616.04363	5.16E-02
-43579.08088	5.17E-02
-43542.11813	5.18E-02
-43505.15538	5.19E-02
-43468.19263	5.19E-02
-43431.22988	5.20E-02
-43394.26713	5.20E-02
-43357.30438	5.21E-02
-43320.34163	5.21E-02
-43283.37889	5.22E-02
-43246.41614	5.23E-02
-43209.45339	5.23E-02
-43172.49064	5.24E-02
-43135.52789	5.26E-02
-43098.56514	5.27E-02
-43061.60239	5.29E-02
-43024.63964	5.29E-02
-42987.67689	5.30E-02
-42950.71415	5.31E-02
-42913.7514	5.31E-02
-42876.78865	5.32E-02
-42839.8259	5.33E-02
-42802.86315	5.33E-02
-42765.9004	5.34E-02
-42728.93765	5.35E-02
-42691.9749	5.36E-02
-42655.01216	5.37E-02
-42618.04941	5.39E-02
-42581.08666	5.39E-02
-42544.12391	5.40E-02
-42507.16116	5.40E-02
-42470.19841	5.41E-02
-42433.23566	5.41E-02
-42396.27291	5.42E-02
-42359.31016	5.44E-02
-42322.34742	5.44E-02
-42285.38467	5.45E-02
-42248.42192	5.46E-02
-42211.45917	5.47E-02
-42174.49642	5.48E-02
-42137.53367	5.49E-02
-42100.57092	5.51E-02
-42063.60817	5.52E-02
-42026.64543	5.53E-02
-41989.68268	5.54E-02
-41952.71993	5.54E-02
-41915.75718	5.55E-02
-41878.79443	5.55E-02
-41841.83168	5.56E-02
-41804.86893	5.56E-02
-41767.90618	5.57E-02
-41730.94343	5.58E-02
-41693.98069	5.58E-02
-41657.01794	5.59E-02
-41620.05519	5.60E-02
-41583.09244	5.61E-02
-41546.12969	5.61E-02
-41509.16694	5.64E-02
-41472.20419	5.64E-02
-41435.24144	5.65E-02
-41398.27869	5.65E-02
-41361.31595	5.66E-02
-41324.3532	5.67E-02
-41287.39045	5.68E-02
-41250.4277	5.69E-02
-41213.46495	5.69E-02
-41176.5022	5.70E-02
-41139.53945	5.71E-02
-41102.5767	5.71E-02
-41065.61396	5.71E-02
-41028.65121	5.72E-02
-40991.68846	5.72E-02
-40954.72571	5.73E-02
-40917.76296	5.74E-02
-40880.80021	5.74E-02
-40843.83746	5.74E-02
-40806.87471	5.76E-02
-40769.91196	5.77E-02
-40732.94922	5.78E-02
-40695.98647	5.79E-02
-40659.02372	5.79E-02
-40622.06097	5.79E-02
-40585.09822	5.81E-02
-40548.13547	5.82E-02
-40511.17272	5.82E-02
-40474.20997	5.83E-02
-40437.24723	5.83E-02
-40400.28448	5.84E-02
-40363.32173	5.84E-02
-40326.35898	5.85E-02
-40289.39623	5.85E-02
-40252.43348	5.86E-02
-40215.47073	5.87E-02
-40178.50798	5.87E-02
-40141.54523	5.87E-02
-40104.58249	5.88E-02
-40067.61974	5.88E-02
-40030.65699	5.90E-02
-39993.69424	5.90E-02
-39956.73149	5.90E-02
-39919.76874	5.90E-02
-39882.80599	5.91E-02
-39845.84324	5.92E-02
-39808.8805	5.94E-02
-39771.91775	5.94E-02
-39734.955	5.95E-02
-39697.99225	5.96E-02
-39661.0295	5.97E-02
-39624.06675	5.97E-02
-39587.104	5.98E-02
-39550.14125	5.98E-02
-39513.1785	5.99E-02
-39476.21576	5.99E-02
-39439.25301	6.00E-02
-39402.29026	6.00E-02
-39365.32751	6.00E-02
-39328.36476	6.01E-02
-39291.40201	6.02E-02
-39254.43926	6.04E-02
-39217.47651	6.06E-02
-39180.51376	6.07E-02
-39143.55102	6.08E-02
-39106.58827	6.09E-02
-39069.62552	6.09E-02
-39032.66277	6.10E-02
-38995.70002	6.11E-02
-38958.73727	6.11E-02
-38921.77452	6.12E-02
-38884.81177	6.13E-02
-38847.84903	6.13E-02
-38810.88628	6.14E-02
-38773.92353	6.15E-02
-38736.96078	6.16E-02
-38699.99803	6.17E-02
-38663.03528	6.20E-02
-38626.07253	6.20E-02
-38589.10978	6.21E-02
-38552.14703	6.21E-02
-38515.18429	6.23E-02
-38478.22154	6.24E-02
-38441.25879	6.25E-02
-38404.29604	6.29E-02
-38367.33329	6.30E-02
-38330.37054	6.31E-02
-38293.40779	6.31E-02
-38256.44504	6.31E-02
-38219.4823	6.33E-02
-38182.51955	6.34E-02
-38145.5568	6.35E-02
-38108.59405	6.37E-02
-38071.6313	6.38E-02
-38034.66855	6.38E-02
-37997.7058	6.40E-02
-37960.74305	6.42E-02
-37923.7803	6.43E-02
-37886.81756	6.44E-02
-37849.85481	6.45E-02
-37812.89206	6.48E-02
-37775.92931	6.48E-02
-37738.96656	6.49E-02
-37702.00381	6.51E-02
-37665.04106	6.52E-02
-37628.07831	6.52E-02
-37591.11557	6.53E-02
-37554.15282	6.54E-02
-37517.19007	6.56E-02
-37480.22732	6.56E-02
-37443.26457	6.58E-02
-37406.30182	6.59E-02
-37369.33907	6.59E-02
-37332.37632	6.60E-02
-37295.41357	6.60E-02
-37258.45083	6.60E-02
-37221.48808	6.64E-02
-37184.52533	6.65E-02
-37147.56258	6.66E-02
-37110.59983	6.67E-02
-37073.63708	6.67E-02
-37036.67433	6.68E-02
-36999.71158	6.68E-02
-36962.74883	6.69E-02
-36925.78609	6.71E-02
-36888.82334	6.73E-02
-36851.86059	6.75E-02
-36814.89784	6.82E-02
-36777.93509	6.86E-02
-36740.97234	6.87E-02
-36704.00959	6.88E-02
-36667.04684	6.89E-02
-36630.0841	6.89E-02
-36593.12135	6.90E-02
-36556.1586	6.92E-02
-36519.19585	6.97E-02
-36482.2331	6.99E-02
-36445.27035	7.00E-02
-36408.3076	7.00E-02
-36371.34485	7.00E-02
-36334.3821	7.01E-02
-36297.41936	7.03E-02
-36260.45661	7.03E-02
-36223.49386	7.04E-02
-36186.53111	7.04E-02
-36149.56836	7.05E-02
-36112.60561	7.06E-02
-36075.64286	7.08E-02
-36038.68011	7.10E-02
-36001.71737	7.11E-02
-35964.75462	7.12E-02
-35927.79187	7.12E-02
-35890.82912	7.15E-02
-35853.86637	7.19E-02
-35816.90362	7.21E-02
-35779.94087	7.21E-02
-35742.97812	7.24E-02
-35706.01537	7.24E-02
-35669.05263	7.26E-02
-35632.08988	7.26E-02
-35595.12713	7.26E-02
-35558.16438	7.29E-02
-35521.20163	7.29E-02
-35484.23888	7.30E-02
-35447.27613	7.31E-02
-35410.31338	7.34E-02
-35373.35063	7.35E-02
-35336.38789	7.35E-02
-35299.42514	7.36E-02
-35262.46239	7.37E-02
-35225.49964	7.43E-02
-35188.53689	7.43E-02
-35151.57414	7.44E-02
-35114.61139	7.45E-02
-35077.64864	7.46E-02
-35040.6859	7.46E-02
-35003.72315	7.47E-02
-34966.7604	7.48E-02
-34929.79765	7.48E-02
-34892.8349	7.51E-02
-34855.87215	7.54E-02
-34818.9094	7.56E-02
-34781.94665	7.57E-02
-34744.9839	7.57E-02
-34708.02116	7.59E-02
-34671.05841	7.60E-02
-34634.09566	7.60E-02
-34597.13291	7.63E-02
-34560.17016	7.65E-02
-34523.20741	7.67E-02
-34486.24466	7.67E-02
-34449.28191	7.70E-02
-34412.31917	7.72E-02
-34375.35642	7.74E-02
-34338.39367	7.75E-02
-34301.43092	7.76E-02
-34264.46817	7.76E-02
-34227.50542	7.76E-02
-34190.54267	7.79E-02
-34153.57992	7.81E-02
-34116.61717	7.83E-02
-34079.65443	7.86E-02
-34042.69168	7.87E-02
-34005.72893	7.89E-02
-33968.76618	7.92E-02
-33931.80343	7.92E-02
-33894.84068	7.94E-02
-33857.87793	7.95E-02
-33820.91518	7.99E-02
-33783.95244	8.00E-02
-33746.98969	8.02E-02
-33710.02694	8.03E-02
-33673.06419	8.09E-02
-33636.10144	8.11E-02
-33599.13869	8.12E-02
-33562.17594	8.13E-02
-33525.21319	8.13E-02
-33488.25044	8.14E-02
-33451.2877	8.15E-02
-33414.32495	8.15E-02
-33377.3622	8.16E-02
-33340.39945	8.17E-02
-33303.4367	8.20E-02
-33266.47395	8.20E-02
-33229.5112	8.21E-02
-33192.54845	8.22E-02
-33155.5857	8.22E-02
-33118.62296	8.23E-02
-33081.66021	8.24E-02
-33044.69746	8.25E-02
-33007.73471	8.26E-02
-32970.77196	8.27E-02
-32933.80921	8.27E-02
-32896.84646	8.30E-02
-32859.88371	8.31E-02
-32822.92097	8.32E-02
-32785.95822	8.35E-02
-32748.99547	8.36E-02
-32712.03272	8.37E-02
-32675.06997	8.39E-02
-32638.10722	8.41E-02
-32601.14447	8.43E-02
-32564.18172	8.43E-02
-32527.21897	8.44E-02
-32490.25623	8.45E-02
-32453.29348	8.46E-02
-32416.33073	8.48E-02
-32379.36798	8.50E-02
-32342.40523	8.50E-02
-32305.44248	8.51E-02
-32268.47973	8.51E-02
-32231.51698	8.52E-02
-32194.55424	8.53E-02
-32157.59149	8.54E-02
-32120.62874	8.55E-02
-32083.66599	8.56E-02
-32046.70324	8.60E-02
-32009.74049	8.63E-02
-31972.77774	8.64E-02
-31935.81499	8.65E-02
-31898.85224	8.67E-02
-31861.8895	8.67E-02
-31824.92675	8.68E-02
-31787.964	8.70E-02
-31751.00125	8.73E-02
-31714.0385	8.73E-02
-31677.07575	8.74E-02
-31640.113	8.75E-02
-31603.15025	8.76E-02
-31566.18751	8.78E-02
-31529.22476	8.79E-02
-31492.26201	8.79E-02
-31455.29926	8.83E-02
-31418.33651	8.85E-02
-31381.37376	8.85E-02
-31344.41101	8.86E-02
-31307.44826	8.86E-02
-31270.48551	8.87E-02
-31233.52277	8.87E-02
-31196.56002	8.88E-02
-31159.59727	8.89E-02
-31122.63452	8.89E-02
-31085.67177	8.90E-02
-31048.70902	8.90E-02
-31011.74627	8.94E-02
-30974.78352	8.94E-02
-30937.82077	8.96E-02
-30900.85803	8.98E-02
-30863.89528	8.99E-02
-30826.93253	9.00E-02
-30789.96978	9.00E-02
-30753.00703	9.01E-02
-30716.04428	9.04E-02
-30679.08153	9.04E-02
-30642.11878	9.05E-02
-30605.15604	9.07E-02
-30568.19329	9.07E-02
-30531.23054	9.08E-02
-30494.26779	9.12E-02
-30457.30504	9.13E-02
-30420.34229	9.13E-02
-30383.37954	9.14E-02
-30346.41679	9.14E-02
-30309.45404	9.16E-02
-30272.4913	9.18E-02
-30235.52855	9.18E-02
-30198.5658	9.18E-02
-30161.60305	9.19E-02
-30124.6403	9.20E-02
-30087.67755	9.20E-02
-30050.7148	9.22E-02
-30013.75205	9.23E-02
-29976.78931	9.25E-02
-29939.82656	9.28E-02
-29902.86381	9.29E-02
-29865.90106	9.29E-02
-29828.93831	9.39E-02
-29791.97556	9.39E-02
-29755.01281	9.44E-02
-29718.05006	9.47E-02
-29681.08731	9.48E-02
-29644.12457	9.50E-02
-29607.16182	9.51E-02
-29570.19907	9.52E-02
-29533.23632	9.54E-02
-29496.27357	9.55E-02
-29459.31082	9.58E-02
-29422.34807	9.64E-02
-29385.38532	9.64E-02
-29348.42257	9.65E-02
-29311.45983	9.66E-02
-29274.49708	9.67E-02
-29237.53433	9.67E-02
-29200.57158	9.67E-02
-29163.60883	9.69E-02
-29126.64608	9.70E-02
-29089.68333	9.71E-02
-29052.72058	9.71E-02
-29015.75784	9.72E-02
-28978.79509	9.73E-02
-28941.83234	9.75E-02
-28904.86959	9.77E-02
-28867.90684	9.83E-02
-28830.94409	9.84E-02
-28793.98134	9.85E-02
-28757.01859	9.86E-02
-28720.05584	9.88E-02
-28683.0931	9.90E-02
-28646.13035	9.94E-02
-28609.1676	9.97E-02
-28572.20485	9.99E-02
-28535.2421	1.00E-01
-28498.27935	1.00E-01
-28461.3166	1.00E-01
-28424.35385	1.01E-01
-28387.39111	1.01E-01
-28350.42836	1.01E-01
-28313.46561	1.01E-01
-28276.50286	1.02E-01
-28239.54011	1.02E-01
-28202.57736	1.02E-01
-28165.61461	1.03E-01
-28128.65186	1.03E-01
-28091.68911	1.03E-01
-28054.72637	1.03E-01
-28017.76362	1.03E-01
-27980.80087	1.03E-01
-27943.83812	1.03E-01
-27906.87537	1.03E-01
-27869.91262	1.04E-01
-27832.94987	1.04E-01
-27795.98712	1.04E-01
-27759.02438	1.05E-01
-27722.06163	1.05E-01
-27685.09888	1.05E-01
-27648.13613	1.05E-01
-27611.17338	1.05E-01
-27574.21063	1.05E-01
-27537.24788	1.06E-01
-27500.28513	1.06E-01
-27463.32238	1.06E-01
-27426.35964	1.06E-01
-27389.39689	1.06E-01
-27352.43414	1.06E-01
-27315.47139	1.06E-01
-27278.50864	1.06E-01
-27241.54589	1.07E-01
-27204.58314	1.07E-01
-27167.62039	1.07E-01
-27130.65764	1.07E-01
-27093.6949	1.07E-01
-27056.73215	1.07E-01
-27019.7694	1.08E-01
-26982.80665	1.08E-01
-26945.8439	1.08E-01
-26908.88115	1.08E-01
-26871.9184	1.08E-01
-26834.95565	1.08E-01
-26797.99291	1.08E-01
-26761.03016	1.08E-01
-26724.06741	1.08E-01
-26687.10466	1.08E-01
-26650.14191	1.08E-01
-26613.17916	1.09E-01
-26576.21641	1.09E-01
-26539.25366	1.09E-01
-26502.29091	1.09E-01
-26465.32817	1.09E-01
-26428.36542	1.10E-01
-26391.40267	1.10E-01
-26354.43992	1.10E-01
-26317.47717	1.10E-01
-26280.51442	1.10E-01
-26243.55167	1.11E-01
-26206.58892	1.11E-01
-26169.62618	1.11E-01
-26132.66343	1.11E-01
-26095.70068	1.11E-01
-26058.73793	1.12E-01
-26021.77518	1.12E-01
-25984.81243	1.12E-01
-25947.84968	1.12E-01
-25910.88693	1.12E-01
-25873.92418	1.12E-01
-25836.96144	1.12E-01
-25799.99869	1.12E-01
-25763.03594	1.12E-01
-25726.07319	1.13E-01
-25689.11044	1.13E-01
-25652.14769	1.13E-01
-25615.18494	1.13E-01
-25578.22219	1.13E-01
-25541.25945	1.13E-01
-25504.2967	1.14E-01
-25467.33395	1.14E-01
-25430.3712	1.14E-01
-25393.40845	1.14E-01
-25356.4457	1.14E-01
-25319.48295	1.14E-01
-25282.5202	1.14E-01
-25245.55745	1.15E-01
-25208.59471	1.15E-01
-25171.63196	1.15E-01
-25134.66921	1.15E-01
-25097.70646	1.15E-01
-25060.74371	1.15E-01
-25023.78096	1.16E-01
-24986.81821	1.16E-01
-24949.85546	1.16E-01
-24912.89271	1.16E-01
-24875.92997	1.16E-01
-24838.96722	1.16E-01
-24802.00447	1.16E-01
-24765.04172	1.17E-01
-24728.07897	1.17E-01
-24691.11622	1.17E-01
-24654.15347	1.17E-01
-24617.19072	1.17E-01
-24580.22798	1.17E-01
-24543.26523	1.17E-01
-24506.30248	1.17E-01
-24469.33973	1.17E-01
-24432.37698	1.18E-01
-24395.41423	1.18E-01
-24358.45148	1.18E-01
-24321.48873	1.18E-01
-24284.52598	1.18E-01
-24247.56324	1.19E-01
-24210.60049	1.19E-01
-24173.63774	1.19E-01
-24136.67499	1.19E-01
-24099.71224	1.20E-01
-24062.74949	1.20E-01
-24025.78674	1.20E-01
-23988.82399	1.20E-01
-23951.86125	1.20E-01
-23914.8985	1.21E-01
-23877.93575	1.21E-01
-23840.973	1.22E-01
-23804.01025	1.22E-01
-23767.0475	1.22E-01
-23730.08475	1.22E-01
-23693.122	1.23E-01
-23656.15925	1.24E-01
-23619.19651	1.25E-01
-23582.23376	1.25E-01
-23545.27101	1.26E-01
-23508.30826	1.26E-01
-23471.34551	1.27E-01
-23434.38276	1.27E-01
-23397.42001	1.27E-01
-23360.45726	1.27E-01
-23323.49451	1.28E-01
-23286.53177	1.28E-01
-23249.56902	1.28E-01
-23212.60627	1.29E-01
-23175.64352	1.29E-01
-23138.68077	1.29E-01
-23101.71802	1.29E-01
-23064.75527	1.29E-01
-23027.79252	1.30E-01
-22990.82978	1.31E-01
-22953.86703	1.31E-01
-22916.90428	1.31E-01
-22879.94153	1.32E-01
-22842.97878	1.32E-01
-22806.01603	1.32E-01
-22769.05328	1.32E-01
-22732.09053	1.32E-01
-22695.12778	1.32E-01
-22658.16504	1.33E-01
-22621.20229	1.33E-01
-22584.23954	1.33E-01
-22547.27679	1.33E-01
-22510.31404	1.33E-01
-22473.35129	1.35E-01
-22436.38854	1.35E-01
-22399.42579	1.36E-01
-22362.46305	1.37E-01
-22325.5003	1.38E-01
-22288.53755	1.38E-01
-22251.5748	1.39E-01
-22214.61205	1.39E-01
-22177.6493	1.39E-01
-22140.68655	1.39E-01
-22103.7238	1.39E-01
-22066.76105	1.39E-01
-22029.79831	1.40E-01
-21992.83556	1.40E-01
-21955.87281	1.40E-01
-21918.91006	1.40E-01
-21881.94731	1.41E-01
-21844.98456	1.41E-01
-21808.02181	1.42E-01
-21771.05906	1.43E-01
-21734.09632	1.43E-01
-21697.13357	1.44E-01
-21660.17082	1.44E-01
-21623.20807	1.44E-01
-21586.24532	1.44E-01
-21549.28257	1.44E-01
-21512.31982	1.45E-01
-21475.35707	1.46E-01
-21438.39432	1.46E-01
-21401.43158	1.47E-01
-21364.46883	1.47E-01
-21327.50608	1.47E-01
-21290.54333	1.47E-01
-21253.58058	1.48E-01
-21216.61783	1.48E-01
-21179.65508	1.48E-01
-21142.69233	1.48E-01
-21105.72958	1.49E-01
-21068.76684	1.50E-01
-21031.80409	1.50E-01
-20994.84134	1.50E-01
-20957.87859	1.50E-01
-20920.91584	1.51E-01
-20883.95309	1.51E-01
-20846.99034	1.52E-01
-20810.02759	1.53E-01
-20773.06485	1.53E-01
-20736.1021	1.54E-01
-20699.13935	1.55E-01
-20662.1766	1.55E-01
-20625.21385	1.56E-01
-20588.2511	1.56E-01
-20551.28835	1.57E-01
-20514.3256	1.57E-01
-20477.36285	1.58E-01
-20440.40011	1.58E-01
-20403.43736	1.58E-01
-20366.47461	1.59E-01
-20329.51186	1.59E-01
-20292.54911	1.59E-01
-20255.58636	1.59E-01
-20218.62361	1.60E-01
-20181.66086	1.60E-01
-20144.69812	1.60E-01
-20107.73537	1.61E-01
-20070.77262	1.61E-01
-20033.80987	1.62E-01
-19996.84712	1.62E-01
-19959.88437	1.62E-01
-19922.92162	1.62E-01
-19885.95887	1.62E-01
-19848.99612	1.62E-01
-19812.03338	1.63E-01
-19775.07063	1.63E-01
-19738.10788	1.63E-01
-19701.14513	1.63E-01
-19664.18238	1.64E-01
-19627.21963	1.64E-01
-19590.25688	1.64E-01
-19553.29413	1.65E-01
-19516.33139	1.65E-01
-19479.36864	1.65E-01
-19442.40589	1.66E-01
-19405.44314	1.66E-01
-19368.48039	1.67E-01
-19331.51764	1.67E-01
-19294.55489	1.68E-01
-19257.59214	1.68E-01
-19220.62939	1.68E-01
-19183.66665	1.69E-01
-19146.7039	1.69E-01
-19109.74115	1.69E-01
-19072.7784	1.69E-01
-19035.81565	1.69E-01
-18998.8529	1.69E-01
-18961.89015	1.69E-01
-18924.9274	1.69E-01
-18887.96465	1.70E-01
-18851.00191	1.71E-01
-18814.03916	1.71E-01
-18777.07641	1.71E-01
-18740.11366	1.71E-01
-18703.15091	1.71E-01
-18666.18816	1.71E-01
-18629.22541	1.71E-01
-18592.26266	1.72E-01
-18555.29992	1.72E-01
-18518.33717	1.72E-01
-18481.37442	1.72E-01
-18444.41167	1.73E-01
-18407.44892	1.73E-01
-18370.48617	1.73E-01
-18333.52342	1.73E-01
-18296.56067	1.73E-01
-18259.59792	1.73E-01
-18222.63518	1.74E-01
-18185.67243	1.74E-01
-18148.70968	1.74E-01
-18111.74693	1.75E-01
-18074.78418	1.75E-01
-18037.82143	1.75E-01
-18000.85868	1.75E-01
-17963.89593	1.75E-01
-17926.93319	1.75E-01
-17889.97044	1.75E-01
-17853.00769	1.75E-01
-17816.04494	1.75E-01
-17779.08219	1.76E-01
-17742.11944	1.76E-01
-17705.15669	1.77E-01
-17668.19394	1.77E-01
-17631.23119	1.77E-01
-17594.26845	1.78E-01
-17557.3057	1.78E-01
-17520.34295	1.78E-01
-17483.3802	1.78E-01
-17446.41745	1.78E-01
-17409.4547	1.79E-01
-17372.49195	1.79E-01
-17335.5292	1.79E-01
-17298.56645	1.80E-01
-17261.60371	1.81E-01
-17224.64096	1.81E-01
-17187.67821	1.81E-01
-17150.71546	1.82E-01
-17113.75271	1.82E-01
-17076.78996	1.82E-01
-17039.82721	1.82E-01
-17002.86446	1.83E-01
-16965.90172	1.83E-01
-16928.93897	1.83E-01
-16891.97622	1.83E-01
-16855.01347	1.83E-01
-16818.05072	1.84E-01
-16781.08797	1.84E-01
-16744.12522	1.84E-01
-16707.16247	1.84E-01
-16670.19972	1.84E-01
-16633.23698	1.84E-01
-16596.27423	1.84E-01
-16559.31148	1.85E-01
-16522.34873	1.86E-01
-16485.38598	1.86E-01
-16448.42323	1.86E-01
-16411.46048	1.86E-01
-16374.49773	1.87E-01
-16337.53499	1.87E-01
-16300.57224	1.87E-01
-16263.60949	1.88E-01
-16226.64674	1.88E-01
-16189.68399	1.89E-01
-16152.72124	1.89E-01
-16115.75849	1.89E-01
-16078.79574	1.90E-01
-16041.83299	1.90E-01
-16004.87025	1.90E-01
-15967.9075	1.90E-01
-15930.94475	1.90E-01
-15893.982	1.91E-01
-15857.01925	1.91E-01
-15820.0565	1.91E-01
-15783.09375	1.91E-01
-15746.131	1.91E-01
-15709.16826	1.91E-01
-15672.20551	1.92E-01
-15635.24276	1.92E-01
-15598.28001	1.92E-01
-15561.31726	1.93E-01
-15524.35451	1.93E-01
-15487.39176	1.93E-01
-15450.42901	1.93E-01
-15413.46626	1.93E-01
-15376.50352	1.93E-01
-15339.54077	1.93E-01
-15302.57802	1.93E-01
-15265.61527	1.93E-01
-15228.65252	1.94E-01
-15191.68977	1.94E-01
-15154.72702	1.94E-01
-15117.76427	1.94E-01
-15080.80152	1.95E-01
-15043.83878	1.95E-01
-15006.87603	1.95E-01
-14969.91328	1.95E-01
-14932.95053	1.96E-01
-14895.98778	1.96E-01
-14859.02503	1.96E-01
-14822.06228	1.97E-01
-14785.09953	1.97E-01
-14748.13679	1.97E-01
-14711.17404	1.97E-01
-14674.21129	1.97E-01
-14637.24854	1.97E-01
-14600.28579	1.97E-01
-14563.32304	1.98E-01
-14526.36029	1.98E-01
-14489.39754	1.98E-01
-14452.43479	1.99E-01
-14415.47205	1.99E-01
-14378.5093	2.00E-01
-14341.54655	2.00E-01
-14304.5838	2.00E-01
-14267.62105	2.00E-01
-14230.6583	2.01E-01
-14193.69555	2.01E-01
-14156.7328	2.01E-01
-14119.77006	2.01E-01
-14082.80731	2.01E-01
-14045.84456	2.01E-01
-14008.88181	2.01E-01
-13971.91906	2.01E-01
-13934.95631	2.02E-01
-13897.99356	2.02E-01
-13861.03081	2.02E-01
-13824.06806	2.02E-01
-13787.10532	2.02E-01
-13750.14257	2.02E-01
-13713.17982	2.02E-01
-13676.21707	2.02E-01
-13639.25432	2.03E-01
-13602.29157	2.03E-01
-13565.32882	2.03E-01
-13528.36607	2.03E-01
-13491.40333	2.03E-01
-13454.44058	2.03E-01
-13417.47783	2.03E-01
-13380.51508	2.03E-01
-13343.55233	2.04E-01
-13306.58958	2.04E-01
-13269.62683	2.04E-01
-13232.66408	2.04E-01
-13195.70133	2.04E-01
-13158.73859	2.04E-01
-13121.77584	2.04E-01
-13084.81309	2.05E-01
-13047.85034	2.05E-01
-13010.88759	2.05E-01
-12973.92484	2.05E-01
-12936.96209	2.05E-01
-12899.99934	2.05E-01
-12863.03659	2.05E-01
-12826.07385	2.05E-01
-12789.1111	2.06E-01
-12752.14835	2.06E-01
-12715.1856	2.06E-01
-12678.22285	2.06E-01
-12641.2601	2.06E-01
-12604.29735	2.06E-01
-12567.3346	2.06E-01
-12530.37186	2.06E-01
-12493.40911	2.06E-01
-12456.44636	2.06E-01
-12419.48361	2.06E-01
-12382.52086	2.06E-01
-12345.55811	2.07E-01
-12308.59536	2.07E-01
-12271.63261	2.07E-01
-12234.66986	2.07E-01
-12197.70712	2.07E-01
-12160.74437	2.07E-01
-12123.78162	2.07E-01
-12086.81887	2.07E-01
-12049.85612	2.08E-01
-12012.89337	2.08E-01
-11975.93062	2.08E-01
-11938.96787	2.08E-01
-11902.00513	2.08E-01
-11865.04238	2.08E-01
-11828.07963	2.08E-01
-11791.11688	2.08E-01
-11754.15413	2.08E-01
-11717.19138	2.08E-01
-11680.22863	2.09E-01
-11643.26588	2.09E-01
-11606.30313	2.09E-01
-11569.34039	2.09E-01
-11532.37764	2.09E-01
-11495.41489	2.09E-01
-11458.45214	2.09E-01
-11421.48939	2.10E-01
-11384.52664	2.10E-01
-11347.56389	2.10E-01
-11310.60114	2.10E-01
-11273.63839	2.10E-01
-11236.67565	2.10E-01
-11199.7129	2.10E-01
-11162.75015	2.11E-01
-11125.7874	2.11E-01
-11088.82465	2.11E-01
-11051.8619	2.11E-01
-11014.89915	2.11E-01
-10977.9364	2.11E-01
-10940.97366	2.11E-01
-10904.01091	2.11E-01
-10867.04816	2.11E-01
-10830.08541	2.11E-01
-10793.12266	2.11E-01
-10756.15991	2.11E-01
-10719.19716	2.12E-01
-10682.23441	2.12E-01
-10645.27166	2.12E-01
-10608.30892	2.12E-01
-10571.34617	2.12E-01
-10534.38342	2.12E-01
-10497.42067	2.12E-01
-10460.45792	2.12E-01
-10423.49517	2.12E-01
-10386.53242	2.12E-01
-10349.56967	2.12E-01
-10312.60693	2.12E-01
-10275.64418	2.12E-01
-10238.68143	2.13E-01
-10201.71868	2.13E-01
-10164.75593	2.13E-01
-10127.79318	2.13E-01
-10090.83043	2.13E-01
-10053.86768	2.13E-01
-10016.90493	2.13E-01
-9979.942185	2.13E-01
-9942.979436	2.13E-01
-9906.016688	2.13E-01
-9869.053939	2.13E-01
-9832.09119	2.13E-01
-9795.128441	2.13E-01
-9758.165692	2.13E-01
-9721.202943	2.14E-01
-9684.240195	2.14E-01
-9647.277446	2.14E-01
-9610.314697	2.14E-01
-9573.351948	2.14E-01
-9536.389199	2.14E-01
-9499.42645	2.14E-01
-9462.463702	2.14E-01
-9425.500953	2.14E-01
-9388.538204	2.14E-01
-9351.575455	2.14E-01
-9314.612706	2.14E-01
-9277.649957	2.14E-01
-9240.687209	2.14E-01
-9203.72446	2.14E-01
-9166.761711	2.14E-01
-9129.798962	2.14E-01
-9092.836213	2.15E-01
-9055.873464	2.15E-01
-9018.910716	2.15E-01
-8981.947967	2.15E-01
-8944.985218	2.15E-01
-8908.022469	2.15E-01
-8871.05972	2.15E-01
-8834.096971	2.15E-01
-8797.134223	2.15E-01
-8760.171474	2.15E-01
-8723.208725	2.15E-01
-8686.245976	2.15E-01
-8649.283227	2.15E-01
-8612.320478	2.15E-01
-8575.35773	2.15E-01
-8538.394981	2.15E-01
-8501.432232	2.15E-01
-8464.469483	2.15E-01
-8427.506734	2.15E-01
-8390.543985	2.15E-01
-8353.581237	2.15E-01
-8316.618488	2.15E-01
-8279.655739	2.16E-01
-8242.69299	2.16E-01
-8205.730241	2.16E-01
-8168.767492	2.16E-01
-8131.804744	2.16E-01
-8094.841995	2.16E-01
-8057.879246	2.16E-01
-8020.916497	2.16E-01
-7983.953748	2.16E-01
-7946.990999	2.16E-01
-7910.028251	2.16E-01
-7873.065502	2.16E-01
-7836.102753	2.16E-01
-7799.140004	2.16E-01
-7762.177255	2.16E-01
-7725.214506	2.16E-01
-7688.251758	2.16E-01
-7651.289009	2.16E-01
-7614.32626	2.16E-01
-7577.363511	2.16E-01
-7540.400762	2.16E-01
-7503.438013	2.16E-01
-7466.475265	2.16E-01
-7429.512516	2.16E-01
-7392.549767	2.16E-01
-7355.587018	2.17E-01
-7318.624269	2.17E-01
-7281.66152	2.17E-01
-7244.698772	2.17E-01
-7207.736023	2.17E-01
-7170.773274	2.17E-01
-7133.810525	2.17E-01
-7096.847776	2.17E-01
-7059.885027	2.17E-01
-7022.922279	2.17E-01
-6985.95953	2.17E-01
-6948.996781	2.17E-01
-6912.034032	2.17E-01
-6875.071283	2.17E-01
-6838.108534	2.17E-01
-6801.145786	2.17E-01
-6764.183037	2.17E-01
-6727.220288	2.17E-01
-6690.257539	2.17E-01
-6653.29479	2.17E-01
-6616.332041	2.17E-01
-6579.369293	2.17E-01
-6542.406544	2.17E-01
-6505.443795	2.17E-01
-6468.481046	2.17E-01
-6431.518297	2.17E-01
-6394.555548	2.18E-01
-6357.5928	2.18E-01
-6320.630051	2.18E-01
-6283.667302	2.18E-01
-6246.704553	2.18E-01
-6209.741804	2.18E-01
-6172.779055	2.18E-01
-6135.816307	2.19E-01
-6098.853558	2.19E-01
-6061.890809	2.19E-01
-6024.92806	2.19E-01
-5987.965311	2.19E-01
-5951.002562	2.19E-01
-5914.039813	2.19E-01
-5877.077065	2.19E-01
-5840.114316	2.19E-01
-5803.151567	2.19E-01
-5766.188818	2.19E-01
-5729.226069	2.19E-01
-5692.26332	2.19E-01
-5655.300572	2.19E-01
-5618.337823	2.19E-01
-5581.375074	2.19E-01
-5544.412325	2.20E-01
-5507.449576	2.20E-01
-5470.486827	2.20E-01
-5433.524079	2.20E-01
-5396.56133	2.20E-01
-5359.598581	2.20E-01
-5322.635832	2.20E-01
-5285.673083	2.20E-01
-5248.710334	2.20E-01
-5211.747586	2.20E-01
-5174.784837	2.20E-01
-5137.822088	2.20E-01
-5100.859339	2.21E-01
-5063.89659	2.21E-01
-5026.933841	2.21E-01
-4989.971093	2.21E-01
-4953.008344	2.21E-01
-4916.045595	2.21E-01
-4879.082846	2.21E-01
-4842.120097	2.21E-01
-4805.157348	2.21E-01
-4768.1946	2.21E-01
-4731.231851	2.21E-01
-4694.269102	2.21E-01
-4657.306353	2.21E-01
-4620.343604	2.21E-01
-4583.380855	2.21E-01
-4546.418107	2.21E-01
-4509.455358	2.21E-01
-4472.492609	2.22E-01
-4435.52986	2.22E-01
-4398.567111	2.22E-01
-4361.604362	2.22E-01
-4324.641614	2.22E-01
-4287.678865	2.22E-01
-4250.716116	2.22E-01
-4213.753367	2.22E-01
-4176.790618	2.22E-01
-4139.827869	2.22E-01
-4102.865121	2.22E-01
-4065.902372	2.22E-01
-4028.939623	2.22E-01
-3991.976874	2.23E-01
-3955.014125	2.23E-01
-3918.051376	2.23E-01
-3881.088628	2.23E-01
-3844.125879	2.23E-01
-3807.16313	2.23E-01
-3770.200381	2.23E-01
-3733.237632	2.23E-01
-3696.274883	2.23E-01
-3659.312135	2.23E-01
-3622.349386	2.23E-01
-3585.386637	2.23E-01
-3548.423888	2.23E-01
-3511.461139	2.23E-01
-3474.49839	2.24E-01
-3437.535642	2.24E-01
-3400.572893	2.24E-01
-3363.610144	2.24E-01
-3326.647395	2.24E-01
-3289.684646	2.24E-01
-3252.721897	2.24E-01
-3215.759149	2.24E-01
-3178.7964	2.24E-01
-3141.833651	2.24E-01
-3104.870902	2.24E-01
-3067.908153	2.24E-01
-3030.945404	2.24E-01
-2993.982656	2.24E-01
-2957.019907	2.24E-01
-2920.057158	2.24E-01
-2883.094409	2.24E-01
-2846.13166	2.24E-01
-2809.168911	2.24E-01
-2772.206163	2.24E-01
-2735.243414	2.24E-01
-2698.280665	2.24E-01
-2661.317916	2.24E-01
-2624.355167	2.24E-01
-2587.392418	2.24E-01
-2550.42967	2.24E-01
-2513.466921	2.24E-01
-2476.504172	2.25E-01
-2439.541423	2.25E-01
-2402.578674	2.25E-01
-2365.615925	2.25E-01
-2328.653177	2.25E-01
-2291.690428	2.25E-01
-2254.727679	2.25E-01
-2217.76493	2.25E-01
-2180.802181	2.25E-01
-2143.839432	2.25E-01
-2106.876684	2.25E-01
-2069.913935	2.25E-01
-2032.951186	2.25E-01
-1995.988437	2.25E-01
-1959.025688	2.25E-01
-1922.062939	2.25E-01
-1885.100191	2.25E-01
-1848.137442	2.25E-01
-1811.174693	2.25E-01
-1774.211944	2.25E-01
-1737.249195	2.25E-01
-1700.286446	2.25E-01
-1663.323698	2.25E-01
-1626.360949	2.25E-01
-1589.3982	2.25E-01
-1552.435451	2.25E-01
-1515.472702	2.25E-01
-1478.509953	2.25E-01
-1441.547205	2.25E-01
-1404.584456	2.25E-01
-1367.621707	2.25E-01
-1330.658958	2.25E-01
-1293.696209	2.25E-01
-1256.73346	2.25E-01
-1219.770712	2.25E-01
-1182.807963	2.25E-01
-1145.845214	2.25E-01
-1108.882465	2.25E-01
-1071.919716	2.25E-01
-1034.956967	2.25E-01
-997.994219	2.25E-01
-961.03147	2.25E-01
-924.068721	2.25E-01
-887.105972	2.25E-01
-850.143223	2.25E-01
-813.180474	2.25E-01
-776.217726	2.25E-01
-739.254977	2.25E-01
-702.292228	2.25E-01
-665.329479	2.25E-01
-628.36673	2.25E-01
-591.403981	2.25E-01
-554.441233	2.25E-01
-517.478484	2.25E-01
-480.515735	2.25E-01
-443.552986	2.25E-01
-406.590237	2.25E-01
-369.627488	2.25E-01
-332.66474	2.25E-01
-295.701991	2.25E-01
-258.739242	2.25E-01
-221.776493	2.25E-01
-184.813744	2.25E-01
-147.850995	2.25E-01
-110.888247	2.25E-01
-73.925498	2.25E-01
-36.962749	2.25E-01
0	2.25E-01
36.962749	2.25E-01
73.925498	2.25E-01
110.888247	2.25E-01
147.850995	2.25E-01
184.813744	2.25E-01
221.776493	2.25E-01
258.739242	2.25E-01
295.701991	2.25E-01
332.66474	2.25E-01
369.627488	2.25E-01
406.590237	2.25E-01
443.552986	2.25E-01
480.515735	2.25E-01
517.478484	2.25E-01
554.441233	2.25E-01
591.403981	2.25E-01
628.36673	2.25E-01
665.329479	2.25E-01
702.292228	2.25E-01
739.254977	2.25E-01
776.217726	2.25E-01
813.180474	2.25E-01
850.143223	2.25E-01
887.105972	2.25E-01
924.068721	2.25E-01
961.03147	2.25E-01
997.994219	2.25E-01
1034.956967	2.25E-01
1071.919716	2.25E-01
1108.882465	2.25E-01
1145.845214	2.25E-01
1182.807963	2.25E-01
1219.770712	2.25E-01
1256.73346	2.25E-01
1293.696209	2.25E-01
1330.658958	2.25E-01
1367.621707	2.25E-01
1404.584456	2.25E-01
1441.547205	2.25E-01
1478.509953	2.25E-01
1515.472702	2.25E-01
1552.435451	2.25E-01
1589.3982	2.25E-01
1626.360949	2.25E-01
1663.323698	2.24E-01
1700.286446	2.24E-01
1737.249195	2.24E-01
1774.211944	2.24E-01
1811.174693	2.24E-01
1848.137442	2.24E-01
1885.100191	2.24E-01
1922.062939	2.24E-01
1959.025688	2.24E-01
1995.988437	2.24E-01
2032.951186	2.24E-01
2069.913935	2.24E-01
2106.876684	2.24E-01
2143.839432	2.24E-01
2180.802181	2.24E-01
2217.76493	2.24E-01
2254.727679	2.24E-01
2291.690428	2.24E-01
2328.653177	2.24E-01
2365.615925	2.24E-01
2402.578674	2.24E-01
2439.541423	2.24E-01
2476.504172	2.24E-01
2513.466921	2.24E-01
2550.42967	2.24E-01
2587.392418	2.23E-01
2624.355167	2.23E-01
2661.317916	2.23E-01
2698.280665	2.23E-01
2735.243414	2.23E-01
2772.206163	2.23E-01
2809.168911	2.23E-01
2846.13166	2.23E-01
2883.094409	2.23E-01
2920.057158	2.23E-01
2957.019907	2.23E-01
2993.982656	2.23E-01
3030.945404	2.23E-01
3067.908153	2.23E-01
3104.870902	2.23E-01
3141.833651	2.23E-01
3178.7964	2.23E-01
3215.759149	2.23E-01
3252.721897	2.23E-01
3289.684646	2.23E-01
3326.647395	2.23E-01
3363.610144	2.23E-01
3400.572893	2.23E-01
3437.535642	2.23E-01
3474.49839	2.23E-01
3511.461139	2.22E-01
3548.423888	2.22E-01
3585.386637	2.22E-01
3622.349386	2.22E-01
3659.312135	2.22E-01
3696.274883	2.22E-01
3733.237632	2.22E-01
3770.200381	2.22E-01
3807.16313	2.22E-01
3844.125879	2.22E-01
3881.088628	2.22E-01
3918.051376	2.22E-01
3955.014125	2.22E-01
3991.976874	2.22E-01
4028.939623	2.22E-01
4065.902372	2.21E-01
4102.865121	2.21E-01
4139.827869	2.21E-01
4176.790618	2.21E-01
4213.753367	2.21E-01
4250.716116	2.21E-01
4287.678865	2.21E-01
4324.641614	2.21E-01
4361.604362	2.21E-01
4398.567111	2.21E-01
4435.52986	2.21E-01
4472.492609	2.21E-01
4509.455358	2.21E-01
4546.418107	2.21E-01
4583.380855	2.21E-01
4620.343604	2.21E-01
4657.306353	2.21E-01
4694.269102	2.21E-01
4731.231851	2.21E-01
4768.1946	2.21E-01
4805.157348	2.21E-01
4842.120097	2.21E-01
4879.082846	2.21E-01
4916.045595	2.21E-01
4953.008344	2.21E-01
4989.971093	2.21E-01
5026.933841	2.21E-01
5063.89659	2.21E-01
5100.859339	2.20E-01
5137.822088	2.20E-01
5174.784837	2.20E-01
5211.747586	2.20E-01
5248.710334	2.20E-01
5285.673083	2.20E-01
5322.635832	2.20E-01
5359.598581	2.20E-01
5396.56133	2.20E-01
5433.524079	2.20E-01
5470.486827	2.20E-01
5507.449576	2.20E-01
5544.412325	2.20E-01
5581.375074	2.20E-01
5618.337823	2.20E-01
5655.300572	2.19E-01
5692.26332	2.19E-01
5729.226069	2.19E-01
5766.188818	2.19E-01
5803.151567	2.19E-01
5840.114316	2.19E-01
5877.077065	2.19E-01
5914.039813	2.19E-01
5951.002562	2.19E-01
5987.965311	2.19E-01
6024.92806	2.19E-01
6061.890809	2.19E-01
6098.853558	2.19E-01
6135.816307	2.19E-01
6172.779055	2.19E-01
6209.741804	2.19E-01
6246.704553	2.19E-01
6283.667302	2.18E-01
6320.630051	2.18E-01
6357.5928	2.18E-01
6394.555548	2.18E-01
6431.518297	2.18E-01
6468.481046	2.18E-01
6505.443795	2.18E-01
6542.406544	2.17E-01
6579.369293	2.17E-01
6616.332041	2.17E-01
6653.29479	2.17E-01
6690.257539	2.17E-01
6727.220288	2.17E-01
6764.183037	2.17E-01
6801.145786	2.17E-01
6838.108534	2.17E-01
6875.071283	2.16E-01
6912.034032	2.16E-01
6948.996781	2.16E-01
6985.95953	2.16E-01
7022.922279	2.16E-01
7059.885027	2.16E-01
7096.847776	2.16E-01
7133.810525	2.16E-01
7170.773274	2.16E-01
7207.736023	2.16E-01
7244.698772	2.16E-01
7281.66152	2.15E-01
7318.624269	2.15E-01
7355.587018	2.15E-01
7392.549767	2.15E-01
7429.512516	2.15E-01
7466.475265	2.14E-01
7503.438013	2.14E-01
7540.400762	2.14E-01
7577.363511	2.14E-01
7614.32626	2.14E-01
7651.289009	2.14E-01
7688.251758	2.14E-01
7725.214506	2.14E-01
7762.177255	2.13E-01
7799.140004	2.13E-01
7836.102753	2.13E-01
7873.065502	2.13E-01
7910.028251	2.13E-01
7946.990999	2.13E-01
7983.953748	2.13E-01
8020.916497	2.12E-01
8057.879246	2.12E-01
8094.841995	2.12E-01
8131.804744	2.12E-01
8168.767492	2.12E-01
8205.730241	2.12E-01
8242.69299	2.12E-01
8279.655739	2.12E-01
8316.618488	2.12E-01
8353.581237	2.11E-01
8390.543985	2.11E-01
8427.506734	2.11E-01
8464.469483	2.11E-01
8501.432232	2.10E-01
8538.394981	2.10E-01
8575.35773	2.10E-01
8612.320478	2.10E-01
8649.283227	2.10E-01
8686.245976	2.10E-01
8723.208725	2.09E-01
8760.171474	2.09E-01
8797.134223	2.09E-01
8834.096971	2.09E-01
8871.05972	2.09E-01
8908.022469	2.09E-01
8944.985218	2.09E-01
8981.947967	2.09E-01
9018.910716	2.09E-01
9055.873464	2.08E-01
9092.836213	2.08E-01
9129.798962	2.08E-01
9166.761711	2.08E-01
9203.72446	2.08E-01
9240.687209	2.08E-01
9277.649957	2.07E-01
9314.612706	2.07E-01
9351.575455	2.07E-01
9388.538204	2.07E-01
9425.500953	2.07E-01
9462.463702	2.07E-01
9499.42645	2.07E-01
9536.389199	2.07E-01
9573.351948	2.07E-01
9610.314697	2.07E-01
9647.277446	2.07E-01
9684.240195	2.07E-01
9721.202943	2.07E-01
9758.165692	2.07E-01
9795.128441	2.06E-01
9832.09119	2.06E-01
9869.053939	2.06E-01
9906.016688	2.05E-01
9942.979436	2.05E-01
9979.942185	2.05E-01
10016.90493	2.05E-01
10053.86768	2.05E-01
10090.83043	2.05E-01
10127.79318	2.05E-01
10164.75593	2.04E-01
10201.71868	2.04E-01
10238.68143	2.04E-01
10275.64418	2.04E-01
10312.60693	2.04E-01
10349.56967	2.04E-01
10386.53242	2.03E-01
10423.49517	2.03E-01
10460.45792	2.03E-01
10497.42067	2.03E-01
10534.38342	2.02E-01
10571.34617	2.02E-01
10608.30892	2.02E-01
10645.27166	2.01E-01
10682.23441	2.01E-01
10719.19716	2.01E-01
10756.15991	2.01E-01
10793.12266	2.00E-01
10830.08541	2.00E-01
10867.04816	1.99E-01
10904.01091	1.99E-01
10940.97366	1.99E-01
10977.9364	1.99E-01
11014.89915	1.99E-01
11051.8619	1.98E-01
11088.82465	1.98E-01
11125.7874	1.97E-01
11162.75015	1.97E-01
11199.7129	1.96E-01
11236.67565	1.96E-01
11273.63839	1.96E-01
11310.60114	1.96E-01
11347.56389	1.96E-01
11384.52664	1.96E-01
11421.48939	1.96E-01
11458.45214	1.96E-01
11495.41489	1.96E-01
11532.37764	1.96E-01
11569.34039	1.95E-01
11606.30313	1.95E-01
11643.26588	1.95E-01
11680.22863	1.94E-01
11717.19138	1.94E-01
11754.15413	1.94E-01
11791.11688	1.94E-01
11828.07963	1.93E-01
11865.04238	1.93E-01
11902.00513	1.92E-01
11938.96787	1.91E-01
11975.93062	1.91E-01
12012.89337	1.91E-01
12049.85612	1.90E-01
12086.81887	1.90E-01
12123.78162	1.89E-01
12160.74437	1.89E-01
12197.70712	1.89E-01
12234.66986	1.89E-01
12271.63261	1.89E-01
12308.59536	1.89E-01
12345.55811	1.88E-01
12382.52086	1.87E-01
12419.48361	1.87E-01
12456.44636	1.87E-01
12493.40911	1.87E-01
12530.37186	1.86E-01
12567.3346	1.86E-01
12604.29735	1.86E-01
12641.2601	1.86E-01
12678.22285	1.86E-01
12715.1856	1.86E-01
12752.14835	1.86E-01
12789.1111	1.85E-01
12826.07385	1.85E-01
12863.03659	1.84E-01
12899.99934	1.84E-01
12936.96209	1.84E-01
12973.92484	1.84E-01
13010.88759	1.83E-01
13047.85034	1.83E-01
13084.81309	1.83E-01
13121.77584	1.83E-01
13158.73859	1.81E-01
13195.70133	1.81E-01
13232.66408	1.81E-01
13269.62683	1.80E-01
13306.58958	1.80E-01
13343.55233	1.80E-01
13380.51508	1.80E-01
13417.47783	1.79E-01
13454.44058	1.78E-01
13491.40333	1.78E-01
13528.36607	1.78E-01
13565.32882	1.78E-01
13602.29157	1.78E-01
13639.25432	1.77E-01
13676.21707	1.77E-01
13713.17982	1.76E-01
13750.14257	1.76E-01
13787.10532	1.76E-01
13824.06806	1.76E-01
13861.03081	1.76E-01
13897.99356	1.76E-01
13934.95631	1.76E-01
13971.91906	1.76E-01
14008.88181	1.76E-01
14045.84456	1.76E-01
14082.80731	1.75E-01
14119.77006	1.75E-01
14156.7328	1.74E-01
14193.69555	1.74E-01
14230.6583	1.73E-01
14267.62105	1.73E-01
14304.5838	1.73E-01
14341.54655	1.73E-01
14378.5093	1.73E-01
14415.47205	1.73E-01
14452.43479	1.73E-01
14489.39754	1.73E-01
14526.36029	1.73E-01
14563.32304	1.72E-01
14600.28579	1.72E-01
14637.24854	1.71E-01
14674.21129	1.70E-01
14711.17404	1.70E-01
14748.13679	1.70E-01
14785.09953	1.69E-01
14822.06228	1.69E-01
14859.02503	1.69E-01
14895.98778	1.68E-01
14932.95053	1.67E-01
14969.91328	1.67E-01
15006.87603	1.67E-01
15043.83878	1.67E-01
15080.80152	1.66E-01
15117.76427	1.65E-01
15154.72702	1.65E-01
15191.68977	1.63E-01
15228.65252	1.63E-01
15265.61527	1.63E-01
15302.57802	1.61E-01
15339.54077	1.61E-01
15376.50352	1.60E-01
15413.46626	1.59E-01
15450.42901	1.59E-01
15487.39176	1.59E-01
15524.35451	1.58E-01
15561.31726	1.58E-01
15598.28001	1.58E-01
15635.24276	1.55E-01
15672.20551	1.55E-01
15709.16826	1.52E-01
15746.131	1.52E-01
15783.09375	1.52E-01
15820.0565	1.51E-01
15857.01925	1.50E-01
15893.982	1.49E-01
15930.94475	1.49E-01
15967.9075	1.48E-01
16004.87025	1.48E-01
16041.83299	1.47E-01
16078.79574	1.47E-01
16115.75849	1.46E-01
16152.72124	1.46E-01
16189.68399	1.46E-01
16226.64674	1.46E-01
16263.60949	1.46E-01
16300.57224	1.45E-01
16337.53499	1.44E-01
16374.49773	1.44E-01
16411.46048	1.44E-01
16448.42323	1.43E-01
16485.38598	1.42E-01
16522.34873	1.39E-01
16559.31148	1.38E-01
16596.27423	1.38E-01
16633.23698	1.38E-01
16670.19972	1.38E-01
16707.16247	1.37E-01
16744.12522	1.37E-01
16781.08797	1.37E-01
16818.05072	1.36E-01
16855.01347	1.35E-01
16891.97622	1.35E-01
16928.93897	1.35E-01
16965.90172	1.35E-01
17002.86446	1.34E-01
17039.82721	1.34E-01
17076.78996	1.33E-01
17113.75271	1.33E-01
17150.71546	1.33E-01
17187.67821	1.33E-01
17224.64096	1.33E-01
17261.60371	1.33E-01
17298.56645	1.32E-01
17335.5292	1.32E-01
17372.49195	1.32E-01
17409.4547	1.31E-01
17446.41745	1.31E-01
17483.3802	1.31E-01
17520.34295	1.31E-01
17557.3057	1.30E-01
17594.26845	1.30E-01
17631.23119	1.28E-01
17668.19394	1.27E-01
17705.15669	1.25E-01
17742.11944	1.25E-01
17779.08219	1.25E-01
17816.04494	1.23E-01
17853.00769	1.23E-01
17889.97044	1.23E-01
17926.93319	1.22E-01
17963.89593	1.22E-01
18000.85868	1.22E-01
18037.82143	1.22E-01
18074.78418	1.20E-01
18111.74693	1.20E-01
18148.70968	1.20E-01
18185.67243	1.20E-01
18222.63518	1.19E-01
18259.59792	1.18E-01
18296.56067	1.18E-01
18333.52342	1.17E-01
18370.48617	1.16E-01
18407.44892	1.15E-01
18444.41167	1.15E-01
18481.37442	1.15E-01
18518.33717	1.14E-01
18555.29992	1.14E-01
18592.26266	1.13E-01
18629.22541	1.12E-01
18666.18816	1.12E-01
18703.15091	1.12E-01
18740.11366	1.09E-01
18777.07641	1.09E-01
18814.03916	1.08E-01
18851.00191	1.07E-01
18887.96465	1.05E-01
18924.9274	1.05E-01
18961.89015	1.03E-01
18998.8529	1.02E-01
19035.81565	1.02E-01
19072.7784	1.01E-01
19109.74115	1.01E-01
19146.7039	1.01E-01
19183.66665	1.01E-01
19220.62939	1.00E-01
19257.59214	1.00E-01
19294.55489	1.00E-01
19331.51764	1.00E-01
19368.48039	9.97E-02
19405.44314	9.95E-02
19442.40589	9.86E-02
19479.36864	9.79E-02
19516.33139	9.64E-02
19553.29413	9.63E-02
19590.25688	9.58E-02
19627.21963	9.57E-02
19664.18238	9.53E-02
19701.14513	9.49E-02
19738.10788	9.24E-02
19775.07063	9.17E-02
19812.03338	9.03E-02
19848.99612	8.98E-02
19885.95887	8.87E-02
19922.92162	8.81E-02
19959.88437	8.68E-02
19996.84712	8.64E-02
20033.80987	8.55E-02
20070.77262	8.55E-02
20107.73537	8.51E-02
20144.69812	8.38E-02
20181.66086	8.34E-02
20218.62361	8.30E-02
20255.58636	8.29E-02
20292.54911	8.25E-02
20329.51186	8.21E-02
20366.47461	8.02E-02
20403.43736	7.89E-02
20440.40011	7.85E-02
20477.36285	7.83E-02
20514.3256	7.64E-02
20551.28835	7.63E-02
20588.2511	7.55E-02
20625.21385	7.49E-02
20662.1766	7.38E-02
20699.13935	7.38E-02
20736.1021	7.32E-02
20773.06485	7.31E-02
20810.02759	7.28E-02
20846.99034	7.25E-02
20883.95309	7.08E-02
20920.91584	7.02E-02
20957.87859	6.93E-02
20994.84134	6.88E-02
21031.80409	6.88E-02
21068.76684	6.78E-02
21105.72958	6.74E-02
21142.69233	6.71E-02
21179.65508	6.66E-02
21216.61783	6.56E-02
21253.58058	6.55E-02
21290.54333	6.53E-02
21327.50608	6.40E-02
21364.46883	6.31E-02
21401.43158	6.25E-02
21438.39432	6.18E-02
21475.35707	6.15E-02
21512.31982	6.15E-02
21549.28257	6.09E-02
21586.24532	6.07E-02
21623.20807	6.07E-02
21660.17082	6.06E-02
21697.13357	6.05E-02
21734.09632	6.02E-02
21771.05906	6.02E-02
21808.02181	5.99E-02
21844.98456	5.98E-02
21881.94731	5.94E-02
21918.91006	5.86E-02
21955.87281	5.83E-02
21992.83556	5.81E-02
22029.79831	5.81E-02
22066.76105	5.73E-02
22103.7238	5.65E-02
22140.68655	5.61E-02
22177.6493	5.60E-02
22214.61205	5.46E-02
22251.5748	5.41E-02
22288.53755	5.38E-02
22325.5003	5.31E-02
22362.46305	5.29E-02
22399.42579	5.21E-02
22436.38854	5.18E-02
22473.35129	5.10E-02
22510.31404	5.04E-02
22547.27679	5.02E-02
22584.23954	4.98E-02
22621.20229	4.84E-02
22658.16504	4.71E-02
22695.12778	4.66E-02
22732.09053	4.63E-02
22769.05328	4.57E-02
22806.01603	4.55E-02
22842.97878	4.52E-02
22879.94153	4.42E-02
22916.90428	4.40E-02
22953.86703	4.22E-02
22990.82978	4.18E-02
23027.79252	4.18E-02
23064.75527	3.95E-02
23101.71802	3.94E-02
23138.68077	3.71E-02
23175.64352	3.64E-02
23212.60627	3.44E-02
23249.56902	3.41E-02
23286.53177	3.41E-02
23323.49451	3.35E-02
23360.45726	3.27E-02
23397.42001	3.27E-02
23434.38276	3.16E-02
23471.34551	3.05E-02
23508.30826	3.02E-02
23545.27101	2.98E-02
23582.23376	2.96E-02
23619.19651	2.86E-02
23656.15925	2.74E-02
23693.122	2.60E-02
23730.08475	2.58E-02
23767.0475	2.57E-02
23804.01025	2.56E-02
23840.973	2.55E-02
23877.93575	2.43E-02
23914.8985	2.27E-02
23951.86125	2.25E-02
23988.82399	2.18E-02
24025.78674	2.11E-02
24062.74949	2.01E-02
24099.71224	1.89E-02
24136.67499	1.71E-02
24173.63774	1.66E-02
24210.60049	1.48E-02
24247.56324	1.48E-02
24284.52598	1.47E-02
24321.48873	1.34E-02
24358.45148	1.33E-02
24395.41423	1.29E-02
24432.37698	1.23E-02
24469.33973	1.20E-02
24506.30248	1.14E-02
24543.26523	1.14E-02
24580.22798	1.09E-02
24617.19072	1.05E-02
24654.15347	1.00E-02
24691.11622	9.72E-03
24728.07897	9.18E-03
24765.04172	8.98E-03
24802.00447	8.86E-03
24838.96722	8.43E-03
24875.92997	8.06E-03
24912.89271	8.00E-03
24949.85546	7.06E-03
24986.81821	6.45E-03
25023.78096	6.21E-03
25060.74371	5.83E-03
25097.70646	5.80E-03
25134.66921	5.36E-03
25171.63196	5.21E-03
25208.59471	4.77E-03
25245.55745	4.20E-03
25282.5202	3.20E-03
25319.48295	2.92E-03
25356.4457	2.65E-03
25393.40845	2.56E-03
25430.3712	2.37E-03
25467.33395	1.63E-03
25504.2967	1.05E-03
25541.25945	8.12E-04
25578.22219	5.27E-04
25615.18494	3.52E-04