-48753.86571	1.15E-07
-48716.90296	9.02E-05
-48679.94022	1.62E-04
-48642.97747	2.31E-04
-48606.01472	3.36E-04
-48569.05197	3.84E-04
-48532.08922	4.61E-04
-48495.12647	5.87E-04
-48458.16372	7.11E-04
-48421.20097	1.04E-03
-48384.23822	1.29E-03
-48347.27548	1.50E-03
-48310.31273	1.54E-03
-48273.34998	1.70E-03
-48236.38723	2.06E-03
-48199.42448	2.28E-03
-48162.46173	2.44E-03
-48125.49898	2.54E-03
-48088.53623	2.93E-03
-48051.57349	3.16E-03
-48014.61074	3.25E-03
-47977.64799	3.28E-03
-47940.68524	3.39E-03
-47903.72249	3.87E-03
-47866.75974	4.14E-03
-47829.79699	4.20E-03
-47792.83424	4.29E-03
-47755.87149	4.34E-03
-47718.90875	4.42E-03
-47681.946	4.50E-03
-47644.98325	4.64E-03
-47608.0205	4.69E-03
-47571.05775	4.78E-03
-47534.095	4.97E-03
-47497.13225	5.12E-03
-47460.1695	5.17E-03
-47423.20675	5.35E-03
-47386.24401	5.47E-03
-47349.28126	5.71E-03
-47312.31851	5.77E-03
-47275.35576	5.85E-03
-47238.39301	6.19E-03
-47201.43026	6.27E-03
-47164.46751	6.40E-03
-47127.50476	7.12E-03
-47090.54202	7.42E-03
-47053.57927	7.53E-03
-47016.61652	7.75E-03
-46979.65377	8.09E-03
-46942.69102	8.28E-03
-46905.72827	8.37E-03
-46868.76552	8.47E-03
-46831.80277	8.61E-03
-46794.84002	8.72E-03
-46757.87728	9.35E-03
-46720.91453	9.50E-03
-46683.95178	9.54E-03
-46646.98903	9.80E-03
-46610.02628	9.85E-03
-46573.06353	9.91E-03
-46536.10078	1.01E-02
-46499.13803	1.04E-02
-46462.17529	1.05E-02
-46425.21254	1.09E-02
-46388.24979	1.12E-02
-46351.28704	1.13E-02
-46314.32429	1.14E-02
-46277.36154	1.14E-02
-46240.39879	1.15E-02
-46203.43604	1.16E-02
-46166.47329	1.16E-02
-46129.51055	1.22E-02
-46092.5478	1.24E-02
-46055.58505	1.30E-02
-46018.6223	1.30E-02
-45981.65955	1.31E-02
-45944.6968	1.32E-02
-45907.73405	1.33E-02
-45870.7713	1.36E-02
-45833.80856	1.38E-02
-45796.84581	1.39E-02
-45759.88306	1.40E-02
-45722.92031	1.41E-02
-45685.95756	1.42E-02
-45648.99481	1.44E-02
-45612.03206	1.46E-02
-45575.06931	1.48E-02
-45538.10656	1.49E-02
-45501.14382	1.50E-02
-45464.18107	1.51E-02
-45427.21832	1.51E-02
-45390.25557	1.52E-02
-45353.29282	1.52E-02
-45316.33007	1.53E-02
-45279.36732	1.56E-02
-45242.40457	1.57E-02
-45205.44182	1.60E-02
-45168.47908	1.62E-02
-45131.51633	1.64E-02
-45094.55358	1.66E-02
-45057.59083	1.66E-02
-45020.62808	1.67E-02
-44983.66533	1.68E-02
-44946.70258	1.69E-02
-44909.73983	1.69E-02
-44872.77709	1.70E-02
-44835.81434	1.71E-02
-44798.85159	1.77E-02
-44761.88884	1.78E-02
-44724.92609	1.78E-02
-44687.96334	1.80E-02
-44651.00059	1.83E-02
-44614.03784	1.84E-02
-44577.07509	1.85E-02
-44540.11235	1.89E-02
-44503.1496	1.90E-02
-44466.18685	1.91E-02
-44429.2241	1.93E-02
-44392.26135	1.94E-02
-44355.2986	1.94E-02
-44318.33585	1.96E-02
-44281.3731	1.97E-02
-44244.41036	1.98E-02
-44207.44761	2.00E-02
-44170.48486	2.03E-02
-44133.52211	2.06E-02
-44096.55936	2.12E-02
-44059.59661	2.13E-02
-44022.63386	2.14E-02
-43985.67111	2.15E-02
-43948.70836	2.19E-02
-43911.74562	2.20E-02
-43874.78287	2.21E-02
-43837.82012	2.23E-02
-43800.85737	2.24E-02
-43763.89462	2.25E-02
-43726.93187	2.26E-02
-43689.96912	2.27E-02
-43653.00637	2.28E-02
-43616.04363	2.29E-02
-43579.08088	2.33E-02
-43542.11813	2.33E-02
-43505.15538	2.36E-02
-43468.19263	2.37E-02
-43431.22988	2.38E-02
-43394.26713	2.43E-02
-43357.30438	2.44E-02
-43320.34163	2.45E-02
-43283.37889	2.47E-02
-43246.41614	2.48E-02
-43209.45339	2.51E-02
-43172.49064	2.55E-02
-43135.52789	2.56E-02
-43098.56514	2.60E-02
-43061.60239	2.61E-02
-43024.63964	2.62E-02
-42987.67689	2.62E-02
-42950.71415	2.63E-02
-42913.7514	2.64E-02
-42876.78865	2.65E-02
-42839.8259	2.66E-02
-42802.86315	2.67E-02
-42765.9004	2.68E-02
-42728.93765	2.69E-02
-42691.9749	2.71E-02
-42655.01216	2.73E-02
-42618.04941	2.73E-02
-42581.08666	2.74E-02
-42544.12391	2.75E-02
-42507.16116	2.76E-02
-42470.19841	2.77E-02
-42433.23566	2.78E-02
-42396.27291	2.79E-02
-42359.31016	2.80E-02
-42322.34742	2.81E-02
-42285.38467	2.81E-02
-42248.42192	2.82E-02
-42211.45917	2.84E-02
-42174.49642	2.85E-02
-42137.53367	2.86E-02
-42100.57092	2.86E-02
-42063.60817	2.88E-02
-42026.64543	2.88E-02
-41989.68268	2.91E-02
-41952.71993	2.94E-02
-41915.75718	2.96E-02
-41878.79443	2.96E-02
-41841.83168	2.97E-02
-41804.86893	2.98E-02
-41767.90618	2.99E-02
-41730.94343	3.00E-02
-41693.98069	3.01E-02
-41657.01794	3.02E-02
-41620.05519	3.05E-02
-41583.09244	3.06E-02
-41546.12969	3.10E-02
-41509.16694	3.11E-02
-41472.20419	3.12E-02
-41435.24144	3.15E-02
-41398.27869	3.16E-02
-41361.31595	3.17E-02
-41324.3532	3.17E-02
-41287.39045	3.20E-02
-41250.4277	3.22E-02
-41213.46495	3.24E-02
-41176.5022	3.25E-02
-41139.53945	3.27E-02
-41102.5767	3.32E-02
-41065.61396	3.33E-02
-41028.65121	3.36E-02
-40991.68846	3.37E-02
-40954.72571	3.38E-02
-40917.76296	3.39E-02
-40880.80021	3.39E-02
-40843.83746	3.40E-02
-40806.87471	3.40E-02
-40769.91196	3.42E-02
-40732.94922	3.43E-02
-40695.98647	3.44E-02
-40659.02372	3.44E-02
-40622.06097	3.45E-02
-40585.09822	3.45E-02
-40548.13547	3.46E-02
-40511.17272	3.46E-02
-40474.20997	3.48E-02
-40437.24723	3.49E-02
-40400.28448	3.53E-02
-40363.32173	3.54E-02
-40326.35898	3.56E-02
-40289.39623	3.56E-02
-40252.43348	3.57E-02
-40215.47073	3.57E-02
-40178.50798	3.58E-02
-40141.54523	3.59E-02
-40104.58249	3.61E-02
-40067.61974	3.61E-02
-40030.65699	3.63E-02
-39993.69424	3.66E-02
-39956.73149	3.66E-02
-39919.76874	3.67E-02
-39882.80599	3.68E-02
-39845.84324	3.70E-02
-39808.8805	3.71E-02
-39771.91775	3.71E-02
-39734.955	3.72E-02
-39697.99225	3.73E-02
-39661.0295	3.74E-02
-39624.06675	3.76E-02
-39587.104	3.76E-02
-39550.14125	3.77E-02
-39513.1785	3.78E-02
-39476.21576	3.79E-02
-39439.25301	3.79E-02
-39402.29026	3.81E-02
-39365.32751	3.81E-02
-39328.36476	3.83E-02
-39291.40201	3.84E-02
-39254.43926	3.85E-02
-39217.47651	3.89E-02
-39180.51376	3.89E-02
-39143.55102	3.90E-02
-39106.58827	3.92E-02
-39069.62552	3.92E-02
-39032.66277	3.93E-02
-38995.70002	3.94E-02
-38958.73727	3.96E-02
-38921.77452	3.97E-02
-38884.81177	3.97E-02
-38847.84903	3.98E-02
-38810.88628	3.99E-02
-38773.92353	4.00E-02
-38736.96078	4.02E-02
-38699.99803	4.07E-02
-38663.03528	4.08E-02
-38626.07253	4.12E-02
-38589.10978	4.12E-02
-38552.14703	4.14E-02
-38515.18429	4.16E-02
-38478.22154	4.17E-02
-38441.25879	4.18E-02
-38404.29604	4.21E-02
-38367.33329	4.29E-02
-38330.37054	4.33E-02
-38293.40779	4.39E-02
-38256.44504	4.40E-02
-38219.4823	4.43E-02
-38182.51955	4.45E-02
-38145.5568	4.45E-02
-38108.59405	4.46E-02
-38071.6313	4.47E-02
-38034.66855	4.55E-02
-37997.7058	4.55E-02
-37960.74305	4.58E-02
-37923.7803	4.62E-02
-37886.81756	4.64E-02
-37849.85481	4.67E-02
-37812.89206	4.70E-02
-37775.92931	4.73E-02
-37738.96656	4.77E-02
-37702.00381	4.78E-02
-37665.04106	4.78E-02
-37628.07831	4.80E-02
-37591.11557	4.81E-02
-37554.15282	4.82E-02
-37517.19007	4.83E-02
-37480.22732	4.85E-02
-37443.26457	4.85E-02
-37406.30182	4.87E-02
-37369.33907	4.90E-02
-37332.37632	4.93E-02
-37295.41357	4.93E-02
-37258.45083	4.94E-02
-37221.48808	4.97E-02
-37184.52533	4.98E-02
-37147.56258	5.00E-02
-37110.59983	5.05E-02
-37073.63708	5.05E-02
-37036.67433	5.06E-02
-36999.71158	5.07E-02
-36962.74883	5.10E-02
-36925.78609	5.10E-02
-36888.82334	5.12E-02
-36851.86059	5.14E-02
-36814.89784	5.15E-02
-36777.93509	5.18E-02
-36740.97234	5.22E-02
-36704.00959	5.23E-02
-36667.04684	5.24E-02
-36630.0841	5.25E-02
-36593.12135	5.26E-02
-36556.1586	5.29E-02
-36519.19585	5.29E-02
-36482.2331	5.30E-02
-36445.27035	5.32E-02
-36408.3076	5.33E-02
-36371.34485	5.38E-02
-36334.3821	5.44E-02
-36297.41936	5.51E-02
-36260.45661	5.52E-02
-36223.49386	5.52E-02
-36186.53111	5.53E-02
-36149.56836	5.54E-02
-36112.60561	5.57E-02
-36075.64286	5.58E-02
-36038.68011	5.59E-02
-36001.71737	5.63E-02
-35964.75462	5.66E-02
-35927.79187	5.67E-02
-35890.82912	5.67E-02
-35853.86637	5.68E-02
-35816.90362	5.72E-02
-35779.94087	5.73E-02
-35742.97812	5.73E-02
-35706.01537	5.83E-02
-35669.05263	5.89E-02
-35632.08988	5.90E-02
-35595.12713	5.92E-02
-35558.16438	5.98E-02
-35521.20163	5.99E-02
-35484.23888	6.06E-02
-35447.27613	6.08E-02
-35410.31338	6.14E-02
-35373.35063	6.17E-02
-35336.38789	6.18E-02
-35299.42514	6.30E-02
-35262.46239	6.32E-02
-35225.49964	6.35E-02
-35188.53689	6.35E-02
-35151.57414	6.36E-02
-35114.61139	6.39E-02
-35077.64864	6.40E-02
-35040.6859	6.43E-02
-35003.72315	6.44E-02
-34966.7604	6.50E-02
-34929.79765	6.51E-02
-34892.8349	6.53E-02
-34855.87215	6.55E-02
-34818.9094	6.57E-02
-34781.94665	6.60E-02
-34744.9839	6.60E-02
-34708.02116	6.62E-02
-34671.05841	6.67E-02
-34634.09566	6.68E-02
-34597.13291	6.68E-02
-34560.17016	6.69E-02
-34523.20741	6.71E-02
-34486.24466	6.72E-02
-34449.28191	6.75E-02
-34412.31917	6.76E-02
-34375.35642	6.77E-02
-34338.39367	6.78E-02
-34301.43092	6.79E-02
-34264.46817	6.82E-02
-34227.50542	6.84E-02
-34190.54267	6.89E-02
-34153.57992	6.91E-02
-34116.61717	6.91E-02
-34079.65443	6.93E-02
-34042.69168	6.94E-02
-34005.72893	6.96E-02
-33968.76618	7.05E-02
-33931.80343	7.07E-02
-33894.84068	7.07E-02
-33857.87793	7.08E-02
-33820.91518	7.10E-02
-33783.95244	7.11E-02
-33746.98969	7.11E-02
-33710.02694	7.13E-02
-33673.06419	7.16E-02
-33636.10144	7.19E-02
-33599.13869	7.21E-02
-33562.17594	7.22E-02
-33525.21319	7.23E-02
-33488.25044	7.24E-02
-33451.2877	7.26E-02
-33414.32495	7.28E-02
-33377.3622	7.29E-02
-33340.39945	7.33E-02
-33303.4367	7.34E-02
-33266.47395	7.37E-02
-33229.5112	7.41E-02
-33192.54845	7.42E-02
-33155.5857	7.45E-02
-33118.62296	7.47E-02
-33081.66021	7.47E-02
-33044.69746	7.50E-02
-33007.73471	7.50E-02
-32970.77196	7.52E-02
-32933.80921	7.54E-02
-32896.84646	7.55E-02
-32859.88371	7.56E-02
-32822.92097	7.60E-02
-32785.95822	7.61E-02
-32748.99547	7.63E-02
-32712.03272	7.64E-02
-32675.06997	7.65E-02
-32638.10722	7.66E-02
-32601.14447	7.72E-02
-32564.18172	7.76E-02
-32527.21897	7.77E-02
-32490.25623	7.78E-02
-32453.29348	7.80E-02
-32416.33073	7.81E-02
-32379.36798	7.83E-02
-32342.40523	7.84E-02
-32305.44248	7.85E-02
-32268.47973	7.86E-02
-32231.51698	7.87E-02
-32194.55424	7.88E-02
-32157.59149	7.95E-02
-32120.62874	7.96E-02
-32083.66599	7.97E-02
-32046.70324	7.98E-02
-32009.74049	8.01E-02
-31972.77774	8.06E-02
-31935.81499	8.06E-02
-31898.85224	8.09E-02
-31861.8895	8.11E-02
-31824.92675	8.11E-02
-31787.964	8.12E-02
-31751.00125	8.13E-02
-31714.0385	8.14E-02
-31677.07575	8.20E-02
-31640.113	8.23E-02
-31603.15025	8.23E-02
-31566.18751	8.25E-02
-31529.22476	8.26E-02
-31492.26201	8.29E-02
-31455.29926	8.29E-02
-31418.33651	8.32E-02
-31381.37376	8.38E-02
-31344.41101	8.47E-02
-31307.44826	8.48E-02
-31270.48551	8.52E-02
-31233.52277	8.53E-02
-31196.56002	8.55E-02
-31159.59727	8.56E-02
-31122.63452	8.56E-02
-31085.67177	8.60E-02
-31048.70902	8.61E-02
-31011.74627	8.62E-02
-30974.78352	8.65E-02
-30937.82077	8.70E-02
-30900.85803	8.70E-02
-30863.89528	8.73E-02
-30826.93253	8.88E-02
-30789.96978	8.92E-02
-30753.00703	8.97E-02
-30716.04428	8.99E-02
-30679.08153	9.09E-02
-30642.11878	9.12E-02
-30605.15604	9.22E-02
-30568.19329	9.23E-02
-30531.23054	9.24E-02
-30494.26779	9.25E-02
-30457.30504	9.26E-02
-30420.34229	9.28E-02
-30383.37954	9.33E-02
-30346.41679	9.37E-02
-30309.45404	9.42E-02
-30272.4913	9.43E-02
-30235.52855	9.43E-02
-30198.5658	9.48E-02
-30161.60305	9.50E-02
-30124.6403	9.51E-02
-30087.67755	9.52E-02
-30050.7148	9.53E-02
-30013.75205	9.56E-02
-29976.78931	9.57E-02
-29939.82656	9.57E-02
-29902.86381	9.60E-02
-29865.90106	9.60E-02
-29828.93831	9.68E-02
-29791.97556	9.74E-02
-29755.01281	9.86E-02
-29718.05006	9.89E-02
-29681.08731	9.89E-02
-29644.12457	9.90E-02
-29607.16182	9.93E-02
-29570.19907	9.94E-02
-29533.23632	9.99E-02
-29496.27357	1.00E-01
-29459.31082	1.00E-01
-29422.34807	1.01E-01
-29385.38532	1.01E-01
-29348.42257	1.01E-01
-29311.45983	1.01E-01
-29274.49708	1.02E-01
-29237.53433	1.02E-01
-29200.57158	1.02E-01
-29163.60883	1.02E-01
-29126.64608	1.02E-01
-29089.68333	1.03E-01
-29052.72058	1.03E-01
-29015.75784	1.03E-01
-28978.79509	1.03E-01
-28941.83234	1.04E-01
-28904.86959	1.04E-01
-28867.90684	1.04E-01
-28830.94409	1.04E-01
-28793.98134	1.05E-01
-28757.01859	1.06E-01
-28720.05584	1.07E-01
-28683.0931	1.07E-01
-28646.13035	1.07E-01
-28609.1676	1.07E-01
-28572.20485	1.08E-01
-28535.2421	1.08E-01
-28498.27935	1.09E-01
-28461.3166	1.09E-01
-28424.35385	1.09E-01
-28387.39111	1.09E-01
-28350.42836	1.09E-01
-28313.46561	1.10E-01
-28276.50286	1.10E-01
-28239.54011	1.10E-01
-28202.57736	1.10E-01
-28165.61461	1.11E-01
-28128.65186	1.11E-01
-28091.68911	1.11E-01
-28054.72637	1.12E-01
-28017.76362	1.12E-01
-27980.80087	1.12E-01
-27943.83812	1.12E-01
-27906.87537	1.13E-01
-27869.91262	1.13E-01
-27832.94987	1.13E-01
-27795.98712	1.13E-01
-27759.02438	1.14E-01
-27722.06163	1.15E-01
-27685.09888	1.15E-01
-27648.13613	1.15E-01
-27611.17338	1.16E-01
-27574.21063	1.16E-01
-27537.24788	1.17E-01
-27500.28513	1.17E-01
-27463.32238	1.17E-01
-27426.35964	1.18E-01
-27389.39689	1.18E-01
-27352.43414	1.18E-01
-27315.47139	1.20E-01
-27278.50864	1.21E-01
-27241.54589	1.21E-01
-27204.58314	1.21E-01
-27167.62039	1.21E-01
-27130.65764	1.21E-01
-27093.6949	1.22E-01
-27056.73215	1.22E-01
-27019.7694	1.23E-01
-26982.80665	1.23E-01
-26945.8439	1.23E-01
-26908.88115	1.23E-01
-26871.9184	1.23E-01
-26834.95565	1.23E-01
-26797.99291	1.24E-01
-26761.03016	1.25E-01
-26724.06741	1.26E-01
-26687.10466	1.26E-01
-26650.14191	1.27E-01
-26613.17916	1.27E-01
-26576.21641	1.27E-01
-26539.25366	1.27E-01
-26502.29091	1.28E-01
-26465.32817	1.28E-01
-26428.36542	1.28E-01
-26391.40267	1.29E-01
-26354.43992	1.30E-01
-26317.47717	1.30E-01
-26280.51442	1.30E-01
-26243.55167	1.31E-01
-26206.58892	1.31E-01
-26169.62618	1.31E-01
-26132.66343	1.32E-01
-26095.70068	1.33E-01
-26058.73793	1.35E-01
-26021.77518	1.35E-01
-25984.81243	1.35E-01
-25947.84968	1.35E-01
-25910.88693	1.35E-01
-25873.92418	1.36E-01
-25836.96144	1.37E-01
-25799.99869	1.37E-01
-25763.03594	1.37E-01
-25726.07319	1.39E-01
-25689.11044	1.39E-01
-25652.14769	1.39E-01
-25615.18494	1.40E-01
-25578.22219	1.40E-01
-25541.25945	1.40E-01
-25504.2967	1.41E-01
-25467.33395	1.41E-01
-25430.3712	1.43E-01
-25393.40845	1.44E-01
-25356.4457	1.45E-01
-25319.48295	1.45E-01
-25282.5202	1.45E-01
-25245.55745	1.45E-01
-25208.59471	1.46E-01
-25171.63196	1.47E-01
-25134.66921	1.48E-01
-25097.70646	1.49E-01
-25060.74371	1.51E-01
-25023.78096	1.52E-01
-24986.81821	1.52E-01
-24949.85546	1.52E-01
-24912.89271	1.52E-01
-24875.92997	1.53E-01
-24838.96722	1.54E-01
-24802.00447	1.55E-01
-24765.04172	1.55E-01
-24728.07897	1.55E-01
-24691.11622	1.55E-01
-24654.15347	1.55E-01
-24617.19072	1.56E-01
-24580.22798	1.56E-01
-24543.26523	1.56E-01
-24506.30248	1.57E-01
-24469.33973	1.58E-01
-24432.37698	1.58E-01
-24395.41423	1.59E-01
-24358.45148	1.60E-01
-24321.48873	1.60E-01
-24284.52598	1.62E-01
-24247.56324	1.62E-01
-24210.60049	1.62E-01
-24173.63774	1.63E-01
-24136.67499	1.63E-01
-24099.71224	1.66E-01
-24062.74949	1.67E-01
-24025.78674	1.68E-01
-23988.82399	1.68E-01
-23951.86125	1.69E-01
-23914.8985	1.70E-01
-23877.93575	1.70E-01
-23840.973	1.71E-01
-23804.01025	1.72E-01
-23767.0475	1.72E-01
-23730.08475	1.72E-01
-23693.122	1.73E-01
-23656.15925	1.73E-01
-23619.19651	1.73E-01
-23582.23376	1.74E-01
-23545.27101	1.75E-01
-23508.30826	1.76E-01
-23471.34551	1.76E-01
-23434.38276	1.78E-01
-23397.42001	1.78E-01
-23360.45726	1.78E-01
-23323.49451	1.78E-01
-23286.53177	1.78E-01
-23249.56902	1.78E-01
-23212.60627	1.79E-01
-23175.64352	1.79E-01
-23138.68077	1.80E-01
-23101.71802	1.81E-01
-23064.75527	1.82E-01
-23027.79252	1.83E-01
-22990.82978	1.85E-01
-22953.86703	1.85E-01
-22916.90428	1.86E-01
-22879.94153	1.86E-01
-22842.97878	1.86E-01
-22806.01603	1.87E-01
-22769.05328	1.87E-01
-22732.09053	1.87E-01
-22695.12778	1.88E-01
-22658.16504	1.89E-01
-22621.20229	1.90E-01
-22584.23954	1.90E-01
-22547.27679	1.90E-01
-22510.31404	1.91E-01
-22473.35129	1.92E-01
-22436.38854	1.92E-01
-22399.42579	1.94E-01
-22362.46305	1.94E-01
-22325.5003	1.95E-01
-22288.53755	1.95E-01
-22251.5748	1.95E-01
-22214.61205	1.97E-01
-22177.6493	1.98E-01
-22140.68655	1.99E-01
-22103.7238	1.99E-01
-22066.76105	1.99E-01
-22029.79831	1.99E-01
-21992.83556	2.00E-01
-21955.87281	2.00E-01
-21918.91006	2.01E-01
-21881.94731	2.01E-01
-21844.98456	2.01E-01
-21808.02181	2.02E-01
-21771.05906	2.04E-01
-21734.09632	2.04E-01
-21697.13357	2.05E-01
-21660.17082	2.05E-01
-21623.20807	2.05E-01
-21586.24532	2.07E-01
-21549.28257	2.08E-01
-21512.31982	2.08E-01
-21475.35707	2.09E-01
-21438.39432	2.11E-01
-21401.43158	2.11E-01
-21364.46883	2.12E-01
-21327.50608	2.13E-01
-21290.54333	2.14E-01
-21253.58058	2.15E-01
-21216.61783	2.15E-01
-21179.65508	2.15E-01
-21142.69233	2.17E-01
-21105.72958	2.17E-01
-21068.76684	2.17E-01
-21031.80409	2.17E-01
-20994.84134	2.18E-01
-20957.87859	2.18E-01
-20920.91584	2.18E-01
-20883.95309	2.19E-01
-20846.99034	2.19E-01
-20810.02759	2.19E-01
-20773.06485	2.19E-01
-20736.1021	2.19E-01
-20699.13935	2.20E-01
-20662.1766	2.20E-01
-20625.21385	2.21E-01
-20588.2511	2.22E-01
-20551.28835	2.22E-01
-20514.3256	2.22E-01
-20477.36285	2.23E-01
-20440.40011	2.23E-01
-20403.43736	2.24E-01
-20366.47461	2.24E-01
-20329.51186	2.24E-01
-20292.54911	2.25E-01
-20255.58636	2.25E-01
-20218.62361	2.25E-01
-20181.66086	2.25E-01
-20144.69812	2.26E-01
-20107.73537	2.26E-01
-20070.77262	2.26E-01
-20033.80987	2.26E-01
-19996.84712	2.26E-01
-19959.88437	2.27E-01
-19922.92162	2.27E-01
-19885.95887	2.28E-01
-19848.99612	2.30E-01
-19812.03338	2.30E-01
-19775.07063	2.30E-01
-19738.10788	2.31E-01
-19701.14513	2.31E-01
-19664.18238	2.32E-01
-19627.21963	2.32E-01
-19590.25688	2.32E-01
-19553.29413	2.32E-01
-19516.33139	2.32E-01
-19479.36864	2.33E-01
-19442.40589	2.34E-01
-19405.44314	2.34E-01
-19368.48039	2.34E-01
-19331.51764	2.34E-01
-19294.55489	2.34E-01
-19257.59214	2.35E-01
-19220.62939	2.35E-01
-19183.66665	2.36E-01
-19146.7039	2.37E-01
-19109.74115	2.37E-01
-19072.7784	2.38E-01
-19035.81565	2.38E-01
-18998.8529	2.38E-01
-18961.89015	2.38E-01
-18924.9274	2.39E-01
-18887.96465	2.39E-01
-18851.00191	2.39E-01
-18814.03916	2.39E-01
-18777.07641	2.40E-01
-18740.11366	2.41E-01
-18703.15091	2.42E-01
-18666.18816	2.42E-01
-18629.22541	2.42E-01
-18592.26266	2.43E-01
-18555.29992	2.43E-01
-18518.33717	2.43E-01
-18481.37442	2.44E-01
-18444.41167	2.44E-01
-18407.44892	2.44E-01
-18370.48617	2.44E-01
-18333.52342	2.45E-01
-18296.56067	2.45E-01
-18259.59792	2.45E-01
-18222.63518	2.45E-01
-18185.67243	2.46E-01
-18148.70968	2.46E-01
-18111.74693	2.46E-01
-18074.78418	2.47E-01
-18037.82143	2.47E-01
-18000.85868	2.48E-01
-17963.89593	2.48E-01
-17926.93319	2.48E-01
-17889.97044	2.48E-01
-17853.00769	2.48E-01
-17816.04494	2.49E-01
-17779.08219	2.49E-01
-17742.11944	2.49E-01
-17705.15669	2.49E-01
-17668.19394	2.49E-01
-17631.23119	2.49E-01
-17594.26845	2.49E-01
-17557.3057	2.49E-01
-17520.34295	2.50E-01
-17483.3802	2.50E-01
-17446.41745	2.50E-01
-17409.4547	2.50E-01
-17372.49195	2.50E-01
-17335.5292	2.50E-01
-17298.56645	2.50E-01
-17261.60371	2.50E-01
-17224.64096	2.51E-01
-17187.67821	2.52E-01
-17150.71546	2.52E-01
-17113.75271	2.52E-01
-17076.78996	2.52E-01
-17039.82721	2.52E-01
-17002.86446	2.52E-01
-16965.90172	2.53E-01
-16928.93897	2.53E-01
-16891.97622	2.53E-01
-16855.01347	2.53E-01
-16818.05072	2.53E-01
-16781.08797	2.53E-01
-16744.12522	2.54E-01
-16707.16247	2.54E-01
-16670.19972	2.54E-01
-16633.23698	2.54E-01
-16596.27423	2.54E-01
-16559.31148	2.54E-01
-16522.34873	2.55E-01
-16485.38598	2.55E-01
-16448.42323	2.55E-01
-16411.46048	2.55E-01
-16374.49773	2.55E-01
-16337.53499	2.55E-01
-16300.57224	2.55E-01
-16263.60949	2.55E-01
-16226.64674	2.55E-01
-16189.68399	2.56E-01
-16152.72124	2.56E-01
-16115.75849	2.56E-01
-16078.79574	2.56E-01
-16041.83299	2.57E-01
-16004.87025	2.57E-01
-15967.9075	2.57E-01
-15930.94475	2.57E-01
-15893.982	2.57E-01
-15857.01925	2.58E-01
-15820.0565	2.58E-01
-15783.09375	2.58E-01
-15746.131	2.58E-01
-15709.16826	2.59E-01
-15672.20551	2.59E-01
-15635.24276	2.59E-01
-15598.28001	2.59E-01
-15561.31726	2.59E-01
-15524.35451	2.59E-01
-15487.39176	2.60E-01
-15450.42901	2.60E-01
-15413.46626	2.60E-01
-15376.50352	2.60E-01
-15339.54077	2.60E-01
-15302.57802	2.60E-01
-15265.61527	2.60E-01
-15228.65252	2.60E-01
-15191.68977	2.61E-01
-15154.72702	2.61E-01
-15117.76427	2.61E-01
-15080.80152	2.61E-01
-15043.83878	2.61E-01
-15006.87603	2.62E-01
-14969.91328	2.62E-01
-14932.95053	2.62E-01
-14895.98778	2.62E-01
-14859.02503	2.62E-01
-14822.06228	2.63E-01
-14785.09953	2.63E-01
-14748.13679	2.63E-01
-14711.17404	2.63E-01
-14674.21129	2.63E-01
-14637.24854	2.63E-01
-14600.28579	2.63E-01
-14563.32304	2.63E-01
-14526.36029	2.64E-01
-14489.39754	2.64E-01
-14452.43479	2.64E-01
-14415.47205	2.64E-01
-14378.5093	2.64E-01
-14341.54655	2.65E-01
-14304.5838	2.65E-01
-14267.62105	2.65E-01
-14230.6583	2.65E-01
-14193.69555	2.65E-01
-14156.7328	2.65E-01
-14119.77006	2.65E-01
-14082.80731	2.66E-01
-14045.84456	2.66E-01
-14008.88181	2.66E-01
-13971.91906	2.66E-01
-13934.95631	2.66E-01
-13897.99356	2.66E-01
-13861.03081	2.66E-01
-13824.06806	2.66E-01
-13787.10532	2.66E-01
-13750.14257	2.66E-01
-13713.17982	2.67E-01
-13676.21707	2.67E-01
-13639.25432	2.68E-01
-13602.29157	2.68E-01
-13565.32882	2.68E-01
-13528.36607	2.68E-01
-13491.40333	2.68E-01
-13454.44058	2.68E-01
-13417.47783	2.69E-01
-13380.51508	2.69E-01
-13343.55233	2.69E-01
-13306.58958	2.70E-01
-13269.62683	2.70E-01
-13232.66408	2.70E-01
-13195.70133	2.70E-01
-13158.73859	2.70E-01
-13121.77584	2.71E-01
-13084.81309	2.71E-01
-13047.85034	2.71E-01
-13010.88759	2.71E-01
-12973.92484	2.71E-01
-12936.96209	2.72E-01
-12899.99934	2.72E-01
-12863.03659	2.73E-01
-12826.07385	2.73E-01
-12789.1111	2.73E-01
-12752.14835	2.73E-01
-12715.1856	2.74E-01
-12678.22285	2.75E-01
-12641.2601	2.75E-01
-12604.29735	2.75E-01
-12567.3346	2.75E-01
-12530.37186	2.76E-01
-12493.40911	2.76E-01
-12456.44636	2.77E-01
-12419.48361	2.77E-01
-12382.52086	2.77E-01
-12345.55811	2.77E-01
-12308.59536	2.77E-01
-12271.63261	2.77E-01
-12234.66986	2.78E-01
-12197.70712	2.78E-01
-12160.74437	2.78E-01
-12123.78162	2.78E-01
-12086.81887	2.78E-01
-12049.85612	2.79E-01
-12012.89337	2.79E-01
-11975.93062	2.79E-01
-11938.96787	2.79E-01
-11902.00513	2.79E-01
-11865.04238	2.79E-01
-11828.07963	2.79E-01
-11791.11688	2.79E-01
-11754.15413	2.79E-01
-11717.19138	2.80E-01
-11680.22863	2.80E-01
-11643.26588	2.80E-01
-11606.30313	2.80E-01
-11569.34039	2.80E-01
-11532.37764	2.80E-01
-11495.41489	2.81E-01
-11458.45214	2.81E-01
-11421.48939	2.81E-01
-11384.52664	2.82E-01
-11347.56389	2.82E-01
-11310.60114	2.82E-01
-11273.63839	2.82E-01
-11236.67565	2.82E-01
-11199.7129	2.82E-01
-11162.75015	2.83E-01
-11125.7874	2.83E-01
-11088.82465	2.83E-01
-11051.8619	2.84E-01
-11014.89915	2.84E-01
-10977.9364	2.84E-01
-10940.97366	2.84E-01
-10904.01091	2.84E-01
-10867.04816	2.85E-01
-10830.08541	2.85E-01
-10793.12266	2.85E-01
-10756.15991	2.85E-01
-10719.19716	2.85E-01
-10682.23441	2.85E-01
-10645.27166	2.85E-01
-10608.30892	2.85E-01
-10571.34617	2.86E-01
-10534.38342	2.86E-01
-10497.42067	2.86E-01
-10460.45792	2.86E-01
-10423.49517	2.86E-01
-10386.53242	2.86E-01
-10349.56967	2.86E-01
-10312.60693	2.87E-01
-10275.64418	2.87E-01
-10238.68143	2.87E-01
-10201.71868	2.87E-01
-10164.75593	2.87E-01
-10127.79318	2.87E-01
-10090.83043	2.88E-01
-10053.86768	2.88E-01
-10016.90493	2.88E-01
-9979.942185	2.88E-01
-9942.979436	2.88E-01
-9906.016688	2.88E-01
-9869.053939	2.88E-01
-9832.09119	2.88E-01
-9795.128441	2.89E-01
-9758.165692	2.89E-01
-9721.202943	2.89E-01
-9684.240195	2.89E-01
-9647.277446	2.89E-01
-9610.314697	2.89E-01
-9573.351948	2.89E-01
-9536.389199	2.90E-01
-9499.42645	2.90E-01
-9462.463702	2.90E-01
-9425.500953	2.90E-01
-9388.538204	2.90E-01
-9351.575455	2.90E-01
-9314.612706	2.91E-01
-9277.649957	2.91E-01
-9240.687209	2.91E-01
-9203.72446	2.91E-01
-9166.761711	2.91E-01
-9129.798962	2.91E-01
-9092.836213	2.91E-01
-9055.873464	2.91E-01
-9018.910716	2.91E-01
-8981.947967	2.91E-01
-8944.985218	2.91E-01
-8908.022469	2.91E-01
-8871.05972	2.92E-01
-8834.096971	2.92E-01
-8797.134223	2.92E-01
-8760.171474	2.92E-01
-8723.208725	2.92E-01
-8686.245976	2.92E-01
-8649.283227	2.92E-01
-8612.320478	2.92E-01
-8575.35773	2.92E-01
-8538.394981	2.92E-01
-8501.432232	2.92E-01
-8464.469483	2.92E-01
-8427.506734	2.92E-01
-8390.543985	2.92E-01
-8353.581237	2.92E-01
-8316.618488	2.93E-01
-8279.655739	2.93E-01
-8242.69299	2.93E-01
-8205.730241	2.93E-01
-8168.767492	2.93E-01
-8131.804744	2.93E-01
-8094.841995	2.93E-01
-8057.879246	2.93E-01
-8020.916497	2.93E-01
-7983.953748	2.93E-01
-7946.990999	2.93E-01
-7910.028251	2.93E-01
-7873.065502	2.93E-01
-7836.102753	2.93E-01
-7799.140004	2.94E-01
-7762.177255	2.94E-01
-7725.214506	2.94E-01
-7688.251758	2.94E-01
-7651.289009	2.94E-01
-7614.32626	2.94E-01
-7577.363511	2.94E-01
-7540.400762	2.94E-01
-7503.438013	2.94E-01
-7466.475265	2.94E-01
-7429.512516	2.94E-01
-7392.549767	2.94E-01
-7355.587018	2.94E-01
-7318.624269	2.94E-01
-7281.66152	2.94E-01
-7244.698772	2.94E-01
-7207.736023	2.94E-01
-7170.773274	2.95E-01
-7133.810525	2.95E-01
-7096.847776	2.95E-01
-7059.885027	2.95E-01
-7022.922279	2.95E-01
-6985.95953	2.95E-01
-6948.996781	2.95E-01
-6912.034032	2.95E-01
-6875.071283	2.95E-01
-6838.108534	2.95E-01
-6801.145786	2.95E-01
-6764.183037	2.95E-01
-6727.220288	2.96E-01
-6690.257539	2.96E-01
-6653.29479	2.96E-01
-6616.332041	2.96E-01
-6579.369293	2.96E-01
-6542.406544	2.96E-01
-6505.443795	2.96E-01
-6468.481046	2.96E-01
-6431.518297	2.96E-01
-6394.555548	2.96E-01
-6357.5928	2.96E-01
-6320.630051	2.96E-01
-6283.667302	2.96E-01
-6246.704553	2.96E-01
-6209.741804	2.96E-01
-6172.779055	2.96E-01
-6135.816307	2.96E-01
-6098.853558	2.96E-01
-6061.890809	2.96E-01
-6024.92806	2.96E-01
-5987.965311	2.96E-01
-5951.002562	2.97E-01
-5914.039813	2.97E-01
-5877.077065	2.97E-01
-5840.114316	2.97E-01
-5803.151567	2.97E-01
-5766.188818	2.97E-01
-5729.226069	2.97E-01
-5692.26332	2.97E-01
-5655.300572	2.97E-01
-5618.337823	2.97E-01
-5581.375074	2.97E-01
-5544.412325	2.97E-01
-5507.449576	2.97E-01
-5470.486827	2.97E-01
-5433.524079	2.97E-01
-5396.56133	2.97E-01
-5359.598581	2.97E-01
-5322.635832	2.97E-01
-5285.673083	2.97E-01
-5248.710334	2.98E-01
-5211.747586	2.98E-01
-5174.784837	2.98E-01
-5137.822088	2.98E-01
-5100.859339	2.98E-01
-5063.89659	2.98E-01
-5026.933841	2.98E-01
-4989.971093	2.98E-01
-4953.008344	2.98E-01
-4916.045595	2.98E-01
-4879.082846	2.98E-01
-4842.120097	2.98E-01
-4805.157348	2.98E-01
-4768.1946	2.98E-01
-4731.231851	2.98E-01
-4694.269102	2.98E-01
-4657.306353	2.98E-01
-4620.343604	2.98E-01
-4583.380855	2.98E-01
-4546.418107	2.98E-01
-4509.455358	2.98E-01
-4472.492609	2.98E-01
-4435.52986	2.98E-01
-4398.567111	2.98E-01
-4361.604362	2.98E-01
-4324.641614	2.98E-01
-4287.678865	2.98E-01
-4250.716116	2.98E-01
-4213.753367	2.98E-01
-4176.790618	2.98E-01
-4139.827869	2.98E-01
-4102.865121	2.98E-01
-4065.902372	2.98E-01
-4028.939623	2.99E-01
-3991.976874	2.99E-01
-3955.014125	2.99E-01
-3918.051376	2.99E-01
-3881.088628	2.99E-01
-3844.125879	2.99E-01
-3807.16313	2.99E-01
-3770.200381	2.99E-01
-3733.237632	2.99E-01
-3696.274883	2.99E-01
-3659.312135	2.99E-01
-3622.349386	2.99E-01
-3585.386637	2.99E-01
-3548.423888	2.99E-01
-3511.461139	2.99E-01
-3474.49839	2.99E-01
-3437.535642	2.99E-01
-3400.572893	2.99E-01
-3363.610144	2.99E-01
-3326.647395	2.99E-01
-3289.684646	2.99E-01
-3252.721897	2.99E-01
-3215.759149	2.99E-01
-3178.7964	2.99E-01
-3141.833651	2.99E-01
-3104.870902	2.99E-01
-3067.908153	2.99E-01
-3030.945404	2.99E-01
-2993.982656	2.99E-01
-2957.019907	2.99E-01
-2920.057158	2.99E-01
-2883.094409	2.99E-01
-2846.13166	2.99E-01
-2809.168911	2.99E-01
-2772.206163	2.99E-01
-2735.243414	2.99E-01
-2698.280665	2.99E-01
-2661.317916	2.99E-01
-2624.355167	2.99E-01
-2587.392418	2.99E-01
-2550.42967	2.99E-01
-2513.466921	3.00E-01
-2476.504172	3.00E-01
-2439.541423	3.00E-01
-2402.578674	3.00E-01
-2365.615925	3.00E-01
-2328.653177	3.00E-01
-2291.690428	3.00E-01
-2254.727679	3.00E-01
-2217.76493	3.00E-01
-2180.802181	3.00E-01
-2143.839432	3.00E-01
-2106.876684	3.00E-01
-2069.913935	3.00E-01
-2032.951186	3.00E-01
-1995.988437	3.00E-01
-1959.025688	3.00E-01
-1922.062939	3.00E-01
-1885.100191	3.00E-01
-1848.137442	3.00E-01
-1811.174693	3.00E-01
-1774.211944	3.00E-01
-1737.249195	3.00E-01
-1700.286446	3.00E-01
-1663.323698	3.00E-01
-1626.360949	3.00E-01
-1589.3982	3.00E-01
-1552.435451	3.00E-01
-1515.472702	3.00E-01
-1478.509953	3.00E-01
-1441.547205	3.00E-01
-1404.584456	3.00E-01
-1367.621707	3.00E-01
-1330.658958	3.00E-01
-1293.696209	3.00E-01
-1256.73346	3.00E-01
-1219.770712	3.00E-01
-1182.807963	3.00E-01
-1145.845214	3.00E-01
-1108.882465	3.00E-01
-1071.919716	3.00E-01
-1034.956967	3.00E-01
-997.994219	3.00E-01
-961.03147	3.00E-01
-924.068721	3.00E-01
-887.105972	3.00E-01
-850.143223	3.00E-01
-813.180474	3.00E-01
-776.217726	3.00E-01
-739.254977	3.00E-01
-702.292228	3.00E-01
-665.329479	3.00E-01
-628.36673	3.00E-01
-591.403981	3.00E-01
-554.441233	3.00E-01
-517.478484	3.00E-01
-480.515735	3.00E-01
-443.552986	3.00E-01
-406.590237	3.00E-01
-369.627488	3.00E-01
-332.66474	3.00E-01
-295.701991	3.00E-01
-258.739242	3.00E-01
-221.776493	3.00E-01
-184.813744	3.00E-01
-147.850995	3.00E-01
-110.888247	3.00E-01
-73.925498	3.00E-01
-36.962749	3.00E-01
0	3.00E-01
36.962749	3.00E-01
73.925498	3.00E-01
110.888247	3.00E-01
147.850995	3.00E-01
184.813744	3.00E-01
221.776493	3.00E-01
258.739242	3.01E-01
295.701991	3.01E-01
332.66474	3.00E-01
369.627488	3.00E-01
406.590237	3.00E-01
443.552986	3.00E-01
480.515735	3.00E-01
517.478484	3.00E-01
554.441233	3.00E-01
591.403981	3.00E-01
628.36673	3.00E-01
665.329479	3.00E-01
702.292228	3.00E-01
739.254977	3.00E-01
776.217726	3.00E-01
813.180474	3.00E-01
850.143223	3.00E-01
887.105972	3.01E-01
924.068721	3.01E-01
961.03147	3.01E-01
997.994219	3.01E-01
1034.956967	3.01E-01
1071.919716	3.01E-01
1108.882465	3.01E-01
1145.845214	3.01E-01
1182.807963	3.00E-01
1219.770712	3.00E-01
1256.73346	3.00E-01
1293.696209	3.00E-01
1330.658958	3.00E-01
1367.621707	3.00E-01
1404.584456	3.00E-01
1441.547205	3.00E-01
1478.509953	3.00E-01
1515.472702	3.00E-01
1552.435451	3.00E-01
1589.3982	3.00E-01
1626.360949	3.00E-01
1663.323698	3.00E-01
1700.286446	3.00E-01
1737.249195	3.00E-01
1774.211944	3.00E-01
1811.174693	3.00E-01
1848.137442	3.00E-01
1885.100191	3.00E-01
1922.062939	3.00E-01
1959.025688	3.00E-01
1995.988437	3.00E-01
2032.951186	3.00E-01
2069.913935	3.00E-01
2106.876684	3.00E-01
2143.839432	3.00E-01
2180.802181	3.00E-01
2217.76493	3.00E-01
2254.727679	3.00E-01
2291.690428	3.00E-01
2328.653177	3.00E-01
2365.615925	3.00E-01
2402.578674	3.00E-01
2439.541423	3.00E-01
2476.504172	3.00E-01
2513.466921	3.00E-01
2550.42967	3.00E-01
2587.392418	3.00E-01
2624.355167	3.00E-01
2661.317916	3.00E-01
2698.280665	3.00E-01
2735.243414	3.00E-01
2772.206163	3.00E-01
2809.168911	3.00E-01
2846.13166	3.00E-01
2883.094409	3.00E-01
2920.057158	3.00E-01
2957.019907	3.00E-01
2993.982656	3.00E-01
3030.945404	3.00E-01
3067.908153	3.00E-01
3104.870902	3.00E-01
3141.833651	3.00E-01
3178.7964	3.00E-01
3215.759149	2.99E-01
3252.721897	2.99E-01
3289.684646	2.99E-01
3326.647395	2.99E-01
3363.610144	2.99E-01
3400.572893	2.99E-01
3437.535642	2.99E-01
3474.49839	2.99E-01
3511.461139	2.99E-01
3548.423888	2.99E-01
3585.386637	2.99E-01
3622.349386	2.99E-01
3659.312135	2.99E-01
3696.274883	2.99E-01
3733.237632	2.99E-01
3770.200381	2.99E-01
3807.16313	2.99E-01
3844.125879	2.99E-01
3881.088628	2.99E-01
3918.051376	2.99E-01
3955.014125	2.99E-01
3991.976874	2.99E-01
4028.939623	2.99E-01
4065.902372	2.99E-01
4102.865121	2.99E-01
4139.827869	2.99E-01
4176.790618	2.99E-01
4213.753367	2.99E-01
4250.716116	2.99E-01
4287.678865	2.99E-01
4324.641614	2.99E-01
4361.604362	2.99E-01
4398.567111	2.98E-01
4435.52986	2.98E-01
4472.492609	2.98E-01
4509.455358	2.98E-01
4546.418107	2.98E-01
4583.380855	2.98E-01
4620.343604	2.98E-01
4657.306353	2.98E-01
4694.269102	2.98E-01
4731.231851	2.98E-01
4768.1946	2.98E-01
4805.157348	2.98E-01
4842.120097	2.98E-01
4879.082846	2.98E-01
4916.045595	2.98E-01
4953.008344	2.98E-01
4989.971093	2.98E-01
5026.933841	2.98E-01
5063.89659	2.98E-01
5100.859339	2.98E-01
5137.822088	2.98E-01
5174.784837	2.98E-01
5211.747586	2.98E-01
5248.710334	2.98E-01
5285.673083	2.97E-01
5322.635832	2.97E-01
5359.598581	2.97E-01
5396.56133	2.97E-01
5433.524079	2.97E-01
5470.486827	2.97E-01
5507.449576	2.97E-01
5544.412325	2.97E-01
5581.375074	2.97E-01
5618.337823	2.97E-01
5655.300572	2.97E-01
5692.26332	2.96E-01
5729.226069	2.96E-01
5766.188818	2.96E-01
5803.151567	2.96E-01
5840.114316	2.96E-01
5877.077065	2.96E-01
5914.039813	2.96E-01
5951.002562	2.96E-01
5987.965311	2.96E-01
6024.92806	2.96E-01
6061.890809	2.96E-01
6098.853558	2.96E-01
6135.816307	2.96E-01
6172.779055	2.96E-01
6209.741804	2.96E-01
6246.704553	2.96E-01
6283.667302	2.96E-01
6320.630051	2.95E-01
6357.5928	2.95E-01
6394.555548	2.95E-01
6431.518297	2.95E-01
6468.481046	2.95E-01
6505.443795	2.95E-01
6542.406544	2.95E-01
6579.369293	2.95E-01
6616.332041	2.95E-01
6653.29479	2.95E-01
6690.257539	2.95E-01
6727.220288	2.95E-01
6764.183037	2.95E-01
6801.145786	2.95E-01
6838.108534	2.95E-01
6875.071283	2.95E-01
6912.034032	2.95E-01
6948.996781	2.94E-01
6985.95953	2.94E-01
7022.922279	2.94E-01
7059.885027	2.94E-01
7096.847776	2.94E-01
7133.810525	2.94E-01
7170.773274	2.94E-01
7207.736023	2.94E-01
7244.698772	2.94E-01
7281.66152	2.94E-01
7318.624269	2.94E-01
7355.587018	2.94E-01
7392.549767	2.94E-01
7429.512516	2.94E-01
7466.475265	2.94E-01
7503.438013	2.94E-01
7540.400762	2.94E-01
7577.363511	2.94E-01
7614.32626	2.94E-01
7651.289009	2.93E-01
7688.251758	2.93E-01
7725.214506	2.93E-01
7762.177255	2.93E-01
7799.140004	2.93E-01
7836.102753	2.93E-01
7873.065502	2.93E-01
7910.028251	2.93E-01
7946.990999	2.93E-01
7983.953748	2.93E-01
8020.916497	2.93E-01
8057.879246	2.93E-01
8094.841995	2.92E-01
8131.804744	2.92E-01
8168.767492	2.92E-01
8205.730241	2.91E-01
8242.69299	2.91E-01
8279.655739	2.91E-01
8316.618488	2.91E-01
8353.581237	2.91E-01
8390.543985	2.91E-01
8427.506734	2.91E-01
8464.469483	2.91E-01
8501.432232	2.91E-01
8538.394981	2.91E-01
8575.35773	2.90E-01
8612.320478	2.90E-01
8649.283227	2.90E-01
8686.245976	2.90E-01
8723.208725	2.90E-01
8760.171474	2.90E-01
8797.134223	2.90E-01
8834.096971	2.90E-01
8871.05972	2.90E-01
8908.022469	2.90E-01
8944.985218	2.90E-01
8981.947967	2.90E-01
9018.910716	2.90E-01
9055.873464	2.90E-01
9092.836213	2.89E-01
9129.798962	2.89E-01
9166.761711	2.89E-01
9203.72446	2.89E-01
9240.687209	2.89E-01
9277.649957	2.89E-01
9314.612706	2.89E-01
9351.575455	2.89E-01
9388.538204	2.89E-01
9425.500953	2.89E-01
9462.463702	2.89E-01
9499.42645	2.89E-01
9536.389199	2.88E-01
9573.351948	2.88E-01
9610.314697	2.88E-01
9647.277446	2.88E-01
9684.240195	2.88E-01
9721.202943	2.88E-01
9758.165692	2.88E-01
9795.128441	2.87E-01
9832.09119	2.87E-01
9869.053939	2.87E-01
9906.016688	2.87E-01
9942.979436	2.87E-01
9979.942185	2.87E-01
10016.90493	2.86E-01
10053.86768	2.86E-01
10090.83043	2.86E-01
10127.79318	2.86E-01
10164.75593	2.86E-01
10201.71868	2.86E-01
10238.68143	2.85E-01
10275.64418	2.85E-01
10312.60693	2.85E-01
10349.56967	2.85E-01
10386.53242	2.85E-01
10423.49517	2.84E-01
10460.45792	2.84E-01
10497.42067	2.84E-01
10534.38342	2.84E-01
10571.34617	2.84E-01
10608.30892	2.84E-01
10645.27166	2.84E-01
10682.23441	2.84E-01
10719.19716	2.84E-01
10756.15991	2.84E-01
10793.12266	2.84E-01
10830.08541	2.83E-01
10867.04816	2.83E-01
10904.01091	2.83E-01
10940.97366	2.83E-01
10977.9364	2.83E-01
11014.89915	2.83E-01
11051.8619	2.83E-01
11088.82465	2.83E-01
11125.7874	2.83E-01
11162.75015	2.82E-01
11199.7129	2.82E-01
11236.67565	2.82E-01
11273.63839	2.82E-01
11310.60114	2.82E-01
11347.56389	2.82E-01
11384.52664	2.82E-01
11421.48939	2.82E-01
11458.45214	2.81E-01
11495.41489	2.81E-01
11532.37764	2.81E-01
11569.34039	2.81E-01
11606.30313	2.80E-01
11643.26588	2.80E-01
11680.22863	2.80E-01
11717.19138	2.80E-01
11754.15413	2.80E-01
11791.11688	2.80E-01
11828.07963	2.80E-01
11865.04238	2.80E-01
11902.00513	2.79E-01
11938.96787	2.79E-01
11975.93062	2.78E-01
12012.89337	2.78E-01
12049.85612	2.78E-01
12086.81887	2.78E-01
12123.78162	2.78E-01
12160.74437	2.78E-01
12197.70712	2.77E-01
12234.66986	2.77E-01
12271.63261	2.77E-01
12308.59536	2.77E-01
12345.55811	2.77E-01
12382.52086	2.76E-01
12419.48361	2.76E-01
12456.44636	2.76E-01
12493.40911	2.76E-01
12530.37186	2.76E-01
12567.3346	2.76E-01
12604.29735	2.75E-01
12641.2601	2.75E-01
12678.22285	2.75E-01
12715.1856	2.75E-01
12752.14835	2.75E-01
12789.1111	2.74E-01
12826.07385	2.74E-01
12863.03659	2.74E-01
12899.99934	2.74E-01
12936.96209	2.73E-01
12973.92484	2.73E-01
13010.88759	2.73E-01
13047.85034	2.73E-01
13084.81309	2.73E-01
13121.77584	2.73E-01
13158.73859	2.72E-01
13195.70133	2.72E-01
13232.66408	2.72E-01
13269.62683	2.71E-01
13306.58958	2.71E-01
13343.55233	2.71E-01
13380.51508	2.70E-01
13417.47783	2.70E-01
13454.44058	2.70E-01
13491.40333	2.69E-01
13528.36607	2.69E-01
13565.32882	2.69E-01
13602.29157	2.68E-01
13639.25432	2.68E-01
13676.21707	2.68E-01
13713.17982	2.67E-01
13750.14257	2.67E-01
13787.10532	2.67E-01
13824.06806	2.67E-01
13861.03081	2.67E-01
13897.99356	2.67E-01
13934.95631	2.67E-01
13971.91906	2.67E-01
14008.88181	2.66E-01
14045.84456	2.66E-01
14082.80731	2.65E-01
14119.77006	2.65E-01
14156.7328	2.65E-01
14193.69555	2.64E-01
14230.6583	2.64E-01
14267.62105	2.64E-01
14304.5838	2.64E-01
14341.54655	2.64E-01
14378.5093	2.64E-01
14415.47205	2.63E-01
14452.43479	2.63E-01
14489.39754	2.63E-01
14526.36029	2.63E-01
14563.32304	2.63E-01
14600.28579	2.62E-01
14637.24854	2.62E-01
14674.21129	2.61E-01
14711.17404	2.61E-01
14748.13679	2.61E-01
14785.09953	2.61E-01
14822.06228	2.61E-01
14859.02503	2.61E-01
14895.98778	2.60E-01
14932.95053	2.60E-01
14969.91328	2.60E-01
15006.87603	2.60E-01
15043.83878	2.59E-01
15080.80152	2.59E-01
15117.76427	2.59E-01
15154.72702	2.59E-01
15191.68977	2.58E-01
15228.65252	2.58E-01
15265.61527	2.57E-01
15302.57802	2.57E-01
15339.54077	2.56E-01
15376.50352	2.56E-01
15413.46626	2.56E-01
15450.42901	2.55E-01
15487.39176	2.54E-01
15524.35451	2.54E-01
15561.31726	2.54E-01
15598.28001	2.54E-01
15635.24276	2.53E-01
15672.20551	2.53E-01
15709.16826	2.52E-01
15746.131	2.52E-01
15783.09375	2.52E-01
15820.0565	2.49E-01
15857.01925	2.49E-01
15893.982	2.48E-01
15930.94475	2.48E-01
15967.9075	2.48E-01
16004.87025	2.47E-01
16041.83299	2.47E-01
16078.79574	2.47E-01
16115.75849	2.46E-01
16152.72124	2.46E-01
16189.68399	2.45E-01
16226.64674	2.45E-01
16263.60949	2.45E-01
16300.57224	2.45E-01
16337.53499	2.44E-01
16374.49773	2.43E-01
16411.46048	2.43E-01
16448.42323	2.43E-01
16485.38598	2.42E-01
16522.34873	2.42E-01
16559.31148	2.41E-01
16596.27423	2.40E-01
16633.23698	2.40E-01
16670.19972	2.39E-01
16707.16247	2.38E-01
16744.12522	2.37E-01
16781.08797	2.37E-01
16818.05072	2.36E-01
16855.01347	2.36E-01
16891.97622	2.35E-01
16928.93897	2.35E-01
16965.90172	2.34E-01
17002.86446	2.33E-01
17039.82721	2.33E-01
17076.78996	2.33E-01
17113.75271	2.32E-01
17150.71546	2.32E-01
17187.67821	2.31E-01
17224.64096	2.30E-01
17261.60371	2.30E-01
17298.56645	2.29E-01
17335.5292	2.29E-01
17372.49195	2.28E-01
17409.4547	2.28E-01
17446.41745	2.27E-01
17483.3802	2.27E-01
17520.34295	2.27E-01
17557.3057	2.26E-01
17594.26845	2.26E-01
17631.23119	2.24E-01
17668.19394	2.24E-01
17705.15669	2.24E-01
17742.11944	2.24E-01
17779.08219	2.24E-01
17816.04494	2.23E-01
17853.00769	2.23E-01
17889.97044	2.23E-01
17926.93319	2.22E-01
17963.89593	2.20E-01
18000.85868	2.19E-01
18037.82143	2.19E-01
18074.78418	2.19E-01
18111.74693	2.18E-01
18148.70968	2.18E-01
18185.67243	2.18E-01
18222.63518	2.17E-01
18259.59792	2.17E-01
18296.56067	2.17E-01
18333.52342	2.16E-01
18370.48617	2.15E-01
18407.44892	2.14E-01
18444.41167	2.12E-01
18481.37442	2.12E-01
18518.33717	2.11E-01
18555.29992	2.10E-01
18592.26266	2.10E-01
18629.22541	2.10E-01
18666.18816	2.09E-01
18703.15091	2.08E-01
18740.11366	2.08E-01
18777.07641	2.08E-01
18814.03916	2.06E-01
18851.00191	2.06E-01
18887.96465	2.06E-01
18924.9274	2.05E-01
18961.89015	2.03E-01
18998.8529	2.02E-01
19035.81565	2.02E-01
19072.7784	2.02E-01
19109.74115	2.01E-01
19146.7039	2.00E-01
19183.66665	2.00E-01
19220.62939	1.97E-01
19257.59214	1.97E-01
19294.55489	1.95E-01
19331.51764	1.95E-01
19368.48039	1.94E-01
19405.44314	1.94E-01
19442.40589	1.94E-01
19479.36864	1.92E-01
19516.33139	1.92E-01
19553.29413	1.92E-01
19590.25688	1.92E-01
19627.21963	1.91E-01
19664.18238	1.91E-01
19701.14513	1.90E-01
19738.10788	1.90E-01
19775.07063	1.90E-01
19812.03338	1.89E-01
19848.99612	1.89E-01
19885.95887	1.89E-01
19922.92162	1.87E-01
19959.88437	1.86E-01
19996.84712	1.83E-01
20033.80987	1.83E-01
20070.77262	1.82E-01
20107.73537	1.82E-01
20144.69812	1.81E-01
20181.66086	1.78E-01
20218.62361	1.77E-01
20255.58636	1.76E-01
20292.54911	1.76E-01
20329.51186	1.75E-01
20366.47461	1.74E-01
20403.43736	1.73E-01
20440.40011	1.72E-01
20477.36285	1.71E-01
20514.3256	1.71E-01
20551.28835	1.69E-01
20588.2511	1.69E-01
20625.21385	1.66E-01
20662.1766	1.66E-01
20699.13935	1.63E-01
20736.1021	1.62E-01
20773.06485	1.61E-01
20810.02759	1.60E-01
20846.99034	1.59E-01
20883.95309	1.59E-01
20920.91584	1.56E-01
20957.87859	1.56E-01
20994.84134	1.54E-01
21031.80409	1.53E-01
21068.76684	1.53E-01
21105.72958	1.51E-01
21142.69233	1.51E-01
21179.65508	1.51E-01
21216.61783	1.50E-01
21253.58058	1.49E-01
21290.54333	1.48E-01
21327.50608	1.47E-01
21364.46883	1.46E-01
21401.43158	1.37E-01
21438.39432	1.37E-01
21475.35707	1.37E-01
21512.31982	1.36E-01
21549.28257	1.35E-01
21586.24532	1.34E-01
21623.20807	1.33E-01
21660.17082	1.28E-01
21697.13357	1.25E-01
21734.09632	1.25E-01
21771.05906	1.25E-01
21808.02181	1.21E-01
21844.98456	1.21E-01
21881.94731	1.18E-01
21918.91006	1.17E-01
21955.87281	1.16E-01
21992.83556	1.15E-01
22029.79831	1.14E-01
22066.76105	1.12E-01
22103.7238	1.12E-01
22140.68655	1.11E-01
22177.6493	1.10E-01
22214.61205	1.09E-01
22251.5748	1.08E-01
22288.53755	1.06E-01
22325.5003	1.03E-01
22362.46305	1.02E-01
22399.42579	9.93E-02
22436.38854	9.78E-02
22473.35129	9.67E-02
22510.31404	9.38E-02
22547.27679	9.04E-02
22584.23954	8.60E-02
22621.20229	8.56E-02
22658.16504	8.55E-02
22695.12778	8.53E-02
22732.09053	8.03E-02
22769.05328	7.51E-02
22806.01603	7.43E-02
22842.97878	7.18E-02
22879.94153	7.14E-02
22916.90428	7.10E-02
22953.86703	7.05E-02
22990.82978	6.99E-02
23027.79252	6.54E-02
23064.75527	6.32E-02
23101.71802	6.26E-02
23138.68077	6.17E-02
23175.64352	5.93E-02
23212.60627	5.92E-02
23249.56902	5.58E-02
23286.53177	5.55E-02
23323.49451	5.37E-02
23360.45726	5.19E-02
23397.42001	5.02E-02
23434.38276	4.85E-02
23471.34551	4.79E-02
23508.30826	4.65E-02
23545.27101	4.60E-02
23582.23376	4.45E-02
23619.19651	4.17E-02
23656.15925	4.15E-02
23693.122	4.14E-02
23730.08475	3.79E-02
23767.0475	3.60E-02
23804.01025	3.33E-02
23840.973	3.07E-02
23877.93575	2.87E-02
23914.8985	2.86E-02
23951.86125	2.42E-02
23988.82399	2.40E-02
24025.78674	2.35E-02
24062.74949	2.03E-02
24099.71224	1.51E-02
24136.67499	1.39E-02
24173.63774	1.26E-02
24210.60049	9.23E-03
24247.56324	5.93E-03
24284.52598	4.96E-03
24321.48873	4.48E-03
24358.45148	4.21E-03
24395.41423	3.99E-03
24432.37698	1.84E-03