-53930.449795	6.0074479858018065e-03
-53833.973141	7.3176954964981524e-03
-53737.496487	8.2556341972382565e-03
-53641.019832	1.3867858048620056e-02
-53544.543178	1.4663538233908846e-02
-53448.066524	2.0619404191884620e-02
-53351.589869	2.2339048060022897e-02
-53255.113215	2.7995346967815585e-02
-53158.636560	2.8164659684565257e-02
-53062.159906	3.5153243631165551e-02
-52965.683252	3.5323452182395347e-02
-52869.206597	3.8209114209876882e-02
-52772.729943	4.4031859164000910e-02
-52676.253289	4.5123702228416156e-02
-52579.776634	4.5713698817047524e-02
-52483.299980	5.0246083785953528e-02
-52386.823325	5.2425828243071355e-02
-52290.346671	5.4764493736969053e-02
-52193.870017	5.7144725950746038e-02
-52097.393362	6.0665355457762811e-02
-52000.916708	6.1323077133094019e-02
-51904.440054	6.5226944630721873e-02
-51807.963399	7.1881382316223610e-02
-51711.486745	7.3737372192212783e-02
-51615.010090	7.5141861490202813e-02
-51518.533436	7.7116280684468699e-02
-51422.056782	7.7564018757651121e-02
-51325.580127	8.2170399654618045e-02
-51229.103473	8.3644764042060338e-02
-51132.626819	8.5614524897029434e-02
-51036.150164	8.7929182026858912e-02
-50939.673510	8.8898833268180766e-02
-50843.196855	9.2316800143771555e-02
-50746.720201	9.5711296155982173e-02
-50650.243547	1.0006272255989648e-01
-50553.766892	1.0061742327000965e-01
-50457.290238	1.0224461701976671e-01
-50360.813584	1.1051746927723403e-01
-50264.336929	1.1424181154528966e-01
-50167.860275	1.1857245458955638e-01
-50071.383620	1.1970461020565508e-01
-49974.906966	1.2969370216076670e-01
-49878.430312	1.3031200711901272e-01
-49781.953657	1.3838257995129086e-01
-49685.477003	1.3994975279098310e-01
-49589.000349	1.4122309192116406e-01
-49492.523694	1.4346339478929160e-01
-49396.047040	1.4702648685090811e-01
-49299.570385	1.5102620863818256e-01
-49203.093731	1.5300725700773521e-01
-49106.617077	1.5327493235042416e-01
-49010.140422	1.5387514145216979e-01
-48913.663768	1.5575030218616076e-01
-48817.187114	1.5594738577180856e-01
-48720.710459	1.5852613490656225e-01
-48624.233805	1.5855014327063208e-01
-48527.757150	1.5926627335411783e-01
-48431.280496	1.5935424430007517e-01
-48334.803842	1.6231515642408956e-01
-48238.327187	1.6304866569649154e-01
-48141.850533	1.6373540253936897e-01
-48045.373879	1.6551875302777172e-01
-47948.897224	1.6693387081732022e-01
-47852.420570	1.6737599704728937e-01
-47755.943915	1.7099280884273110e-01
-47659.467261	1.7202353521090782e-01
-47562.990607	1.7279657286083258e-01
-47466.513952	1.7475615101896297e-01
-47370.037298	1.7795703587255093e-01
-47273.560644	1.7797190013208414e-01
-47177.083989	1.7904889414679373e-01
-47080.607335	1.8140425505837421e-01
-46984.130680	1.8475894722161926e-01
-46887.654026	1.8502183048019255e-01
-46791.177372	1.8685744051518616e-01
-46694.700717	1.8808579217209190e-01
-46598.224063	1.8861973464868328e-01
-46501.747409	1.8890224556871729e-01
-46405.270754	1.9080026890153287e-01
-46308.794100	1.9176819679110799e-01
-46212.317445	1.9238644970297042e-01
-46115.840791	1.9254689292648933e-01
-46019.364137	1.9529647069517031e-01
-45922.887482	1.9578656555897309e-01
-45826.410828	2.0040464180130241e-01
-45729.934174	2.0070504443706730e-01
-45633.457519	2.0080045935752985e-01
-45536.980865	2.0105720964741833e-01
-45440.504210	2.0200712365245752e-01
-45344.027556	2.0297868861558227e-01
-45247.550902	2.0449630664103233e-01
-45151.074247	2.0520966927326814e-01
-45054.597593	2.0830219753439755e-01
-44958.120939	2.0936777815753704e-01
-44861.644284	2.0960868889452253e-01
-44765.167630	2.0986208810908802e-01
-44668.690975	2.1237778515750161e-01
-44572.214321	2.1268023655125631e-01
-44475.737667	2.1337949479394336e-01
-44379.261012	2.1620012970367034e-01
-44282.784358	2.1662576732251362e-01
-44186.307704	2.1820447214194788e-01
-44089.831049	2.1831201187803437e-01
-43993.354395	2.1894464188765955e-01
-43896.877740	2.1957988799692971e-01
-43800.401086	2.2035215684163315e-01
-43703.924432	2.2192579020268580e-01
-43607.447777	2.2203660224951208e-01
-43510.971123	2.2225397424998122e-01
-43414.494469	2.2260331535548170e-01
-43318.017814	2.2370724102465592e-01
-43221.541160	2.2434848610239416e-01
-43125.064505	2.2447327927736874e-01
-43028.587851	2.2695364606897769e-01
-42932.111197	2.2784118103162118e-01
-42835.634542	2.2925617813429922e-01
-42739.157888	2.2958827137377008e-01
-42642.681234	2.2975398885990042e-01
-42546.204579	2.2993677715553065e-01
-42449.727925	2.3037772992083669e-01
-42353.251270	2.3065649290583953e-01
-42256.774616	2.3127205977793880e-01
-42160.297962	2.3370361395210190e-01
-42063.821307	2.3477122868526240e-01
-41967.344653	2.3638716551753083e-01
-41870.867999	2.3642014954640522e-01
-41774.391344	2.3648890856548649e-01
-41677.914690	2.3727588731259541e-01
-41581.438035	2.3810333952481791e-01
-41484.961381	2.3816125345223679e-01
-41388.484727	2.3817349278611594e-01
-41292.008072	2.3852754225813455e-01
-41195.531418	2.3907577719490644e-01
-41099.054764	2.3973272352345004e-01
-41002.578109	2.3978608024442394e-01
-40906.101455	2.3984200000598702e-01
-40809.624800	2.4140926587416925e-01
-40713.148146	2.4187512147626941e-01
-40616.671492	2.4246046318163761e-01
-40520.194837	2.4253695463775737e-01
-40423.718183	2.4351414481863451e-01
-40327.241529	2.4368614358043356e-01
-40230.764874	2.4399778350074047e-01
-40134.288220	2.4461291222710815e-01
-40037.811565	2.4481742873846554e-01
-39941.334911	2.4490421649355609e-01
-39844.858257	2.4562038383831697e-01
-39748.381602	2.4678393868616086e-01
-39651.904948	2.4774945903729267e-01
-39555.428294	2.4825261888923658e-01
-39458.951639	2.4840395024964917e-01
-39362.474985	2.4858471303766796e-01
-39265.998330	2.4962072639878458e-01
-39169.521676	2.4992434561523999e-01
-39073.045022	2.5060070792240213e-01
-38976.568367	2.5086687394502766e-01
-38880.091713	2.5099291557576142e-01
-38783.615059	2.5218470951511252e-01
-38687.138404	2.5266105912859782e-01
-38590.661750	2.5358259465943389e-01
-38494.185095	2.5370132167319304e-01
-38397.708441	2.5439589713219057e-01
-38301.231787	2.5468999641340201e-01
-38204.755132	2.5471197491977265e-01
-38108.278478	2.5655802820230439e-01
-38011.801824	2.5660295654982962e-01
-37915.325169	2.5669791091561689e-01
-37818.848515	2.5674889004078000e-01
-37722.371860	2.5717131174071239e-01
-37625.895206	2.5725256781339051e-01
-37529.418552	2.5730927488710426e-01
-37432.941897	2.5759182375618067e-01
-37336.465243	2.5782052255526600e-01
-37239.988589	2.5790410538003811e-01
-37143.511934	2.5873569228229265e-01
-37047.035280	2.5904115398378191e-01
-36950.558625	2.5920928175305752e-01
-36854.081971	2.5929068060139493e-01
-36757.605317	2.5963971813445447e-01
-36661.128662	2.5967014831425894e-01
-36564.652008	2.5985091577108033e-01
-36468.175354	2.6008022952839871e-01
-36371.698699	2.6048699908747869e-01
-36275.222045	2.6170673915997966e-01
-36178.745390	2.6203888881009563e-01
-36082.268736	2.6374372162328730e-01
-35985.792082	2.6496571130550817e-01
-35889.315427	2.6541657442756500e-01
-35792.838773	2.6554528190311733e-01
-35696.362119	2.6681317609276034e-01
-35599.885464	2.6693848540680026e-01
-35503.408810	2.6748637523605939e-01
-35406.932155	2.6749977579768724e-01
-35310.455501	2.6753781047646485e-01
-35213.978847	2.6805315193629553e-01
-35117.502192	2.6823924726300064e-01
-35021.025538	2.6854266983543701e-01
-34924.548884	2.6863426420378667e-01
-34828.072229	2.6913081007853035e-01
-34731.595575	2.6955359921839350e-01
-34635.118920	2.6971159544409978e-01
-34538.642266	2.6978871842048241e-01
-34442.165612	2.7053432111811238e-01
-34345.688957	2.7076587492234100e-01
-34249.212303	2.7089853713750217e-01
-34152.735649	2.7144212896253067e-01
-34056.258994	2.7184326855988844e-01
-33959.782340	2.7195004551323454e-01
-33863.305685	2.7202084814839345e-01
-33766.829031	2.7240804450851919e-01
-33670.352377	2.7304466115102000e-01
-33573.875722	2.7321654126559891e-01
-33477.399068	2.7360516669877460e-01
-33380.922414	2.7369758250479298e-01
-33284.445759	2.7461422072785863e-01
-33187.969105	2.7551461961840928e-01
-33091.492450	2.7553305935808209e-01
-32995.015796	2.7570826956943795e-01
-32898.539142	2.7573322018378404e-01
-32802.062487	2.7608908686641542e-01
-32705.585833	2.7613786531407525e-01
-32609.109179	2.7626061571920135e-01
-32512.632524	2.7628490093681074e-01
-32416.155870	2.7664932054367514e-01
-32319.679215	2.7675965662665653e-01
-32223.202561	2.7725739802322147e-01
-32126.725907	2.7731774439706874e-01
-32030.249252	2.7766700380661835e-01
-31933.772598	2.7783562412334650e-01
-31837.295944	2.7791604194586950e-01
-31740.819289	2.7793444086357977e-01
-31644.342635	2.7799512850429497e-01
-31547.865981	2.7803309308125607e-01
-31451.389326	2.7833428384314740e-01
-31354.912672	2.7861589456089908e-01
-31258.436017	2.7877395423792645e-01
-31161.959363	2.7940599448457909e-01
-31065.482709	2.7948870666419234e-01
-30969.006054	2.7970244192691213e-01
-30872.529400	2.7978269075957524e-01
-30776.052746	2.7986496653979787e-01
-30679.576091	2.8002341161661320e-01
-30583.099437	2.8023412263213671e-01
-30486.622782	2.8026864349712044e-01
-30390.146128	2.8062675728974701e-01
-30293.669474	2.8086551406263743e-01
-30197.192819	2.8121016110981872e-01
-30100.716165	2.8140996697937587e-01
-30004.239511	2.8149244720421640e-01
-29907.762856	2.8172869977105092e-01
-29811.286202	2.8176406440617180e-01
-29714.809547	2.8177915472558557e-01
-29618.332893	2.8209319202576266e-01
-29521.856239	2.8231586742048609e-01
-29425.379584	2.8276487224877556e-01
-29328.902930	2.8283673978355700e-01
-29232.426276	2.8298295051863204e-01
-29135.949621	2.8306491990604432e-01
-29039.472967	2.8308726334261114e-01
-28942.996312	2.8363908879838207e-01
-28846.519658	2.8379458643562783e-01
-28750.043004	2.8399560269467988e-01
-28653.566349	2.8414009145067037e-01
-28557.089695	2.8428961749165360e-01
-28460.613041	2.8455899969602882e-01
-28364.136386	2.8519062545010826e-01
-28267.659732	2.8540053786076663e-01
-28171.183077	2.8573792473286946e-01
-28074.706423	2.8581530880571465e-01
-27978.229769	2.8590354832283238e-01
-27881.753114	2.8600664433972772e-01
-27785.276460	2.8601915994869426e-01
-27688.799806	2.8631208123733110e-01
-27592.323151	2.8645725881352280e-01
-27495.846497	2.8665342857533027e-01
-27399.369842	2.8668456722649488e-01
-27302.893188	2.8670385691105810e-01
-27206.416534	2.8676360514298832e-01
-27109.939879	2.8690406031045068e-01
-27013.463225	2.8697065375824277e-01
-26916.986571	2.8701414891312149e-01
-26820.509916	2.8717575374579229e-01
-26724.033262	2.8721331296221853e-01
-26627.556607	2.8726127099091758e-01
-26531.079953	2.8730026923053115e-01
-26434.603299	2.8784772916983664e-01
-26338.126644	2.8807392351192979e-01
-26241.649990	2.8809507174359367e-01
-26145.173336	2.8813212392309012e-01
-26048.696681	2.8821632230717220e-01
-25952.220027	2.8827153672078343e-01
-25855.743372	2.8835365940480773e-01
-25759.266718	2.8851779460289911e-01
-25662.790064	2.8857935830989939e-01
-25566.313409	2.8912621197259686e-01
-25469.836755	2.8925023257086896e-01
-25373.360101	2.8945480056226569e-01
-25276.883446	2.8998903318911923e-01
-25180.406792	2.9003972278473084e-01
-25083.930137	2.9024542188196523e-01
-24987.453483	2.9042805194059890e-01
-24890.976829	2.9060526864618141e-01
-24794.500174	2.9089260823513080e-01
-24698.023520	2.9090979209670675e-01
-24601.546866	2.9093941357891384e-01
-24505.070211	2.9103763281597123e-01
-24408.593557	2.9123056019653409e-01
-24312.116902	2.9125230750630760e-01
-24215.640248	2.9133378866735782e-01
-24119.163594	2.9135043045715492e-01
-24022.686939	2.9142042139495555e-01
-23926.210285	2.9162127054898412e-01
-23829.733631	2.9181220741973896e-01
-23733.256976	2.9183256716729306e-01
-23636.780322	2.9188792409305564e-01
-23540.303667	2.9191356462703433e-01
-23443.827013	2.9203631250442785e-01
-23347.350359	2.9212167176248216e-01
-23250.873704	2.9218639437566696e-01
-23154.397050	2.9228750202635578e-01
-23057.920396	2.9236543474721233e-01
-22961.443741	2.9244103700990204e-01
-22864.967087	2.9259924310955648e-01
-22768.490432	2.9266964654884864e-01
-22672.013778	2.9271853574386220e-01
-22575.537124	2.9299912182268550e-01
-22479.060469	2.9300855932437259e-01
-22382.583815	2.9301254547812383e-01
-22286.107161	2.9301757166995823e-01
-22189.630506	2.9305615658762740e-01
-22093.153852	2.9314292638324568e-01
-21996.677197	2.9317476846464474e-01
-21900.200543	2.9322900915500361e-01
-21803.723889	2.9326662824602329e-01
-21707.247234	2.9341872849867218e-01
-21610.770580	2.9353157935063234e-01
-21514.293926	2.9362623587487285e-01
-21417.817271	2.9368171230177426e-01
-21321.340617	2.9370191867572903e-01
-21224.863962	2.9373412592407055e-01
-21128.387308	2.9378882833676295e-01
-21031.910654	2.9381057871901239e-01
-20935.433999	2.9382793994363798e-01
-20838.957345	2.9387293863821229e-01
-20742.480691	2.9389005509471777e-01
-20646.004036	2.9389945948643909e-01
-20549.527382	2.9393838348997992e-01
-20453.050727	2.9399316500144984e-01
-20356.574073	2.9400891134544271e-01
-20260.097419	2.9404003737471385e-01
-20163.620764	2.9410140363699838e-01
-20067.144110	2.9417470540316309e-01
-19970.667456	2.9439741360257016e-01
-19874.190801	2.9446642059187700e-01
-19777.714147	2.9456477713596807e-01
-19681.237492	2.9464838193967124e-01
-19584.760838	2.9466658906012633e-01
-19488.284184	2.9469179463454054e-01
-19391.807529	2.9471136801388420e-01
-19295.330875	2.9481376721094371e-01
-19198.854221	2.9491433065046690e-01
-19102.377566	2.9500989206679595e-01
-19005.900912	2.9514223145272483e-01
-18909.424257	2.9524361621443879e-01
-18812.947603	2.9530945837961764e-01
-18716.470949	2.9535149652186216e-01
-18619.994294	2.9536988527033098e-01
-18523.517640	2.9539286771274792e-01
-18427.040986	2.9545288985382134e-01
-18330.564331	2.9546961328564708e-01
-18234.087677	2.9550761394097008e-01
-18137.611022	2.9554151277594959e-01
-18041.134368	2.9560705654548297e-01
-17944.657714	2.9569128308887366e-01
-17848.181059	2.9580750044675008e-01
-17751.704405	2.9586426726343373e-01
-17655.227751	2.9588181377985157e-01
-17558.751096	2.9590981193135091e-01
-17462.274442	2.9608864518127004e-01
-17365.797787	2.9609860095794815e-01
-17269.321133	2.9622210680256983e-01
-17172.844479	2.9623964449349688e-01
-17076.367824	2.9628442317281617e-01
-16979.891170	2.9646519174997621e-01
-16883.414516	2.9650255449398782e-01
-16786.937861	2.9650910856668544e-01
-16690.461207	2.9654627994613575e-01
-16593.984552	2.9659048974310798e-01
-16497.507898	2.9662465274717531e-01
-16401.031244	2.9669654911626642e-01
-16304.554589	2.9672789606342398e-01
-16208.077935	2.9673251607975398e-01
-16111.601281	2.9674024840497082e-01
-16015.124626	2.9689822581116609e-01
-15918.647972	2.9691785789512692e-01
-15822.171317	2.9692313478274024e-01
-15725.694663	2.9697361517279791e-01
-15629.218009	2.9697521428152251e-01
-15532.741354	2.9701793737837556e-01
-15436.264700	2.9727328979638812e-01
-15339.788046	2.9733223762824273e-01
-15243.311391	2.9743018305243824e-01
-15146.834737	2.9747049944680137e-01
-15050.358082	2.9768147436174475e-01
-14953.881428	2.9770072726071395e-01
-14857.404774	2.9769684217345771e-01
-14760.928119	2.9771486672402392e-01
-14664.451465	2.9772715609408662e-01
-14567.974811	2.9774554210180432e-01
-14471.498156	2.9779737080282842e-01
-14375.021502	2.9781246901344494e-01
-14278.544847	2.9787187645200963e-01
-14182.068193	2.9785931738038729e-01
-14085.591539	2.9787556544631272e-01
-13989.114884	2.9786542590706183e-01
-13892.638230	2.9795719037615409e-01
-13796.161576	2.9800334689096325e-01
-13699.684921	2.9801722119848956e-01
-13603.208267	2.9799792315179591e-01
-13506.731612	2.9804060455634074e-01
-13410.254958	2.9813085387819899e-01
-13313.778304	2.9815571520754280e-01
-13217.301649	2.9820276589402644e-01
-13120.824995	2.9826954874988620e-01
-13024.348341	2.9827612606193848e-01
-12927.871686	2.9829779620693248e-01
-12831.395032	2.9838055283245585e-01
-12734.918377	2.9846892419713761e-01
-12638.441723	2.9859519814092866e-01
-12541.965069	2.9859800555324206e-01
-12445.488414	2.9860511268475604e-01
-12349.011760	2.9861138445936386e-01
-12252.535106	2.9864145220120614e-01
-12156.058451	2.9865443683477910e-01
-12059.581797	2.9867380507896663e-01
-11963.105142	2.9873170934296139e-01
-11866.628488	2.9876437894679803e-01
-11770.151834	2.9880497316900395e-01
-11673.675179	2.9887236857065197e-01
-11577.198525	2.9889468238963646e-01
-11480.721871	2.9896493832585497e-01
-11384.245216	2.9898222205414393e-01
-11287.768562	2.9899019263099297e-01
-11191.291907	2.9900066281537119e-01
-11094.815253	2.9902754366441414e-01
-10998.338599	2.9904211675079173e-01
-10901.861944	2.9916380959003491e-01
-10805.385290	2.9915581320784912e-01
-10708.908636	2.9915562076179458e-01
-10612.431981	2.9917199541839418e-01
-10515.955327	2.9920234504740789e-01
-10419.478672	2.9921967163620561e-01
-10323.002018	2.9929240522245032e-01
-10226.525364	2.9933381646005086e-01
-10130.048709	2.9934641097235787e-01
-10033.572055	2.9938504619314793e-01
-9937.095401	2.9947710163577257e-01
-9840.618746	2.9949027879756102e-01
-9744.142092	2.9949701620861036e-01
-9647.665437	2.9953786290794265e-01
-9551.188783	2.9954969357671490e-01
-9454.712129	2.9954087645063193e-01
-9358.235474	2.9952459920923186e-01
-9261.758820	2.9948701209685091e-01
-9165.282166	2.9949199116706227e-01
-9068.805511	2.9959196217344647e-01
-8972.328857	2.9959277984523780e-01
-8875.852202	2.9962031119467375e-01
-8779.375548	2.9963657268948152e-01
-8682.898894	2.9968693937338076e-01
-8586.422239	2.9970660593345066e-01
-8489.945585	2.9971384800368978e-01
-8393.468931	2.9976316345964404e-01
-8296.992276	2.9976885844557127e-01
-8200.515622	2.9977682796321903e-01
-8104.038967	2.9983489780531780e-01
-8007.562313	2.9986478558254637e-01
-7911.085659	2.9995398432209991e-01
-7814.609004	2.9997838965687246e-01
-7718.132350	2.9999078672853052e-01
-7621.655696	3.0003544030411744e-01
-7525.179041	3.0004455905065092e-01
-7428.702387	3.0004365447637560e-01
-7332.225732	3.0008982790702882e-01
-7235.749078	3.0009756127497716e-01
-7139.272424	3.0009923291353791e-01
-7042.795769	3.0006363374754369e-01
-6946.319115	3.0006346374808723e-01
-6849.842461	3.0006874824467328e-01
-6753.365806	3.0005758466689697e-01
-6656.889152	3.0006397426219633e-01
-6560.412497	3.0006440578469401e-01
-6463.935843	3.0005940859189628e-01
-6367.459189	3.0010445295877564e-01
-6270.982534	3.0011495273488131e-01
-6174.505880	3.0011017324091849e-01
-6078.029226	3.0010626031717608e-01
-5981.552571	3.0009922802395561e-01
-5885.075917	3.0010366733440991e-01
-5788.599262	3.0011043796728826e-01
-5692.122608	3.0012281602212826e-01
-5595.645954	3.0012741957794448e-01
-5499.169299	3.0012733968237970e-01
-5402.692645	3.0011486492797440e-01
-5306.215991	3.0013472718317807e-01
-5209.739336	3.0022117831860795e-01
-5113.262682	3.0021043580114237e-01
-5016.786027	3.0024294042602628e-01
-4920.309373	3.0026658487355989e-01
-4823.832719	3.0026522358693025e-01
-4727.356064	3.0027409093576451e-01
-4630.879410	3.0027816466689899e-01
-4534.402756	3.0030042453808703e-01
-4437.926101	3.0030939182579064e-01
-4341.449447	3.0033489796352913e-01
-4244.972792	3.0034749669632710e-01
-4148.496138	3.0035886896440128e-01
-4052.019484	3.0034969498075736e-01
-3955.542829	3.0034903178318639e-01
-3859.066175	3.0035254351301882e-01
-3762.589521	3.0032889448924882e-01
-3666.112866	3.0031946352082139e-01
-3569.636212	3.0031959667767000e-01
-3473.159557	3.0028135598255584e-01
-3376.682903	3.0028240048162541e-01
-3280.206249	3.0030514032103212e-01
-3183.729594	3.0036197836527012e-01
-3087.252940	3.0038982812627135e-01
-2990.776286	3.0044200120012832e-01
-2894.299631	3.0046225963419065e-01
-2797.822977	3.0046673860602635e-01
-2701.346322	3.0047105485042391e-01
-2604.869668	3.0050505731282628e-01
-2508.393014	3.0053741170942155e-01
-2411.916359	3.0053893024629663e-01
-2315.439705	3.0053804295980990e-01
-2218.963051	3.0054603370022026e-01
-2122.486396	3.0054894414973232e-01
-2026.009742	3.0055331763080595e-01
-1929.533087	3.0056330446850088e-01
-1833.056433	3.0056173936183556e-01
-1736.579779	3.0054427155767094e-01
-1640.103124	3.0052344153002103e-01
-1543.626470	3.0054811169990309e-01
-1447.149816	3.0057033295361957e-01
-1350.673161	3.0057363971836637e-01
-1254.196507	3.0054616297446440e-01
-1157.719852	3.0056958841579529e-01
-1061.243198	3.0057257707633628e-01
-964.766544	3.0056784361946265e-01
-868.289889	3.0057710925218506e-01
-771.813235	3.0058921286285112e-01
-675.336581	3.0058255740308193e-01
-578.859926	3.0057983180210074e-01
-482.383272	3.0059324793532055e-01
-385.906617	3.0058726041292205e-01
-289.429963	3.0054831624752210e-01
-192.953309	3.0052478794449028e-01
-96.476654	3.0051247506731926e-01
0.000000	3.0047888364888031e-01
96.476654	3.0047853440925565e-01
192.953309	3.0043415162159093e-01
289.429963	3.0041085670114576e-01
385.906617	3.0039198522078453e-01
482.383272	3.0036682270390896e-01
578.859926	3.0035179706650672e-01
675.336581	3.0033813503812523e-01
771.813235	3.0037139367178900e-01
868.289889	3.0037768000044407e-01
964.766544	3.0040356385307676e-01
1061.243198	3.0039770143357675e-01
1157.719852	3.0032275136369135e-01
1254.196507	3.0032089800646328e-01
1350.673161	3.0013515720255651e-01
1447.149816	3.0011684108402809e-01
1543.626470	3.0014335960406385e-01
1640.103124	3.0016084279878102e-01
1736.579779	3.0016817031470361e-01
1833.056433	3.0015986666425520e-01
1929.533087	3.0014830955180599e-01
2026.009742	3.0014935789455993e-01
2122.486396	3.0011900848590345e-01
2218.963051	3.0011186401257212e-01
2315.439705	3.0006174367172478e-01
2411.916359	3.0005489664443602e-01
2508.393014	3.0006767113879751e-01
2604.869668	3.0003069679503591e-01
2701.346322	2.9999835704670097e-01
2797.822977	2.9999477818207115e-01
2894.299631	2.9996446768251500e-01
2990.776286	2.9995808223743770e-01
3087.252940	2.9994464179114189e-01
3183.729594	2.9994228016164076e-01
3280.206249	2.9992789711141599e-01
3376.682903	2.9992769199345787e-01
3473.159557	2.9987800366053585e-01
3569.636212	2.9987887298250304e-01
3666.112866	2.9986562326129790e-01
3762.589521	2.9987324035654339e-01
3859.066175	2.9983816046224626e-01
3955.542829	2.9984110238625100e-01
4052.019484	2.9982997754047896e-01
4148.496138	2.9981252467102348e-01
4244.972792	2.9973583930814446e-01
4341.449447	2.9970146118409985e-01
4437.926101	2.9968597810639586e-01
4534.402756	2.9970638867346860e-01
4630.879410	2.9963604530582899e-01
4727.356064	2.9964508111669674e-01
4823.832719	2.9964710317675941e-01
4920.309373	2.9961802366277512e-01
5016.786027	2.9954639054218907e-01
5113.262682	2.9951245946737765e-01
5209.739336	2.9951592397330673e-01
5306.215991	2.9948716373610346e-01
5402.692645	2.9946757228998988e-01
5499.169299	2.9942911872921563e-01
5595.645954	2.9942913445520597e-01
5692.122608	2.9942543675630445e-01
5788.599262	2.9938790729066017e-01
5885.075917	2.9934345493559150e-01
5981.552571	2.9928965338941521e-01
6078.029226	2.9928935150096159e-01
6174.505880	2.9929421035181974e-01
6270.982534	2.9916406203116408e-01
6367.459189	2.9880311804076765e-01
6463.935843	2.9860226759134578e-01
6560.412497	2.9858808653298619e-01
6656.889152	2.9853690017359341e-01
6753.365806	2.9847716133134788e-01
6849.842461	2.9842927925769858e-01
6946.319115	2.9844327968714635e-01
7042.795769	2.9831697829192100e-01
7139.272424	2.9819264996299494e-01
7235.749078	2.9817245123596048e-01
7332.225732	2.9815088197674089e-01
7428.702387	2.9808557144474856e-01
7525.179041	2.9807650611867642e-01
7621.655696	2.9791952799111376e-01
7718.132350	2.9782415010929891e-01
7814.609004	2.9781824934333656e-01
7911.085659	2.9781072069230358e-01
8007.562313	2.9780477509393483e-01
8104.038967	2.9779727345135570e-01
8200.515622	2.9776188690128980e-01
8296.992276	2.9769186318474461e-01
8393.468931	2.9763312401133563e-01
8489.945585	2.9749936647724334e-01
8586.422239	2.9750514272769008e-01
8682.898894	2.9751975417099075e-01
8779.375548	2.9745008566421755e-01
8875.852202	2.9724077454140446e-01
8972.328857	2.9718982991987020e-01
9068.805511	2.9713411692698660e-01
9165.282166	2.9706223655856218e-01
9261.758820	2.9703965427254064e-01
9358.235474	2.9701745587828776e-01
9454.712129	2.9697280941888904e-01
9551.188783	2.9695950149803879e-01
9647.665437	2.9695601660177301e-01
9744.142092	2.9691139176028108e-01
9840.618746	2.9663564417939270e-01
9937.095401	2.9661687847452645e-01
10033.572055	2.9656373329704683e-01
10130.048709	2.9653521212542794e-01
10226.525364	2.9650102587347837e-01
10323.002018	2.9646014309578705e-01
10419.478672	2.9644207831076042e-01
10515.955327	2.9642319531385375e-01
10612.431981	2.9630766474903203e-01
10708.908636	2.9628515166548020e-01
10805.385290	2.9627892365657821e-01
10901.861944	2.9627966744295298e-01
10998.338599	2.9625644424911862e-01
11094.815253	2.9621035704296456e-01
11191.291907	2.9615636204411216e-01
11287.768562	2.9611653228948248e-01
11384.245216	2.9608380544027041e-01
11480.721871	2.9603339523630789e-01
11577.198525	2.9596649169149147e-01
11673.675179	2.9593208158754752e-01
11770.151834	2.9587781014865727e-01
11866.628488	2.9582448004152356e-01
11963.105142	2.9565722958914359e-01
12059.581797	2.9567734313046257e-01
12156.058451	2.9569011210664342e-01
12252.535106	2.9562718177722336e-01
12349.011760	2.9559013647062360e-01
12445.488414	2.9561172094714239e-01
12541.965069	2.9561072225791102e-01
12638.441723	2.9554803831467480e-01
12734.918377	2.9549748074804005e-01
12831.395032	2.9538161742472929e-01
12927.871686	2.9537800433496253e-01
13024.348341	2.9521560808494990e-01
13120.824995	2.9508612478601931e-01
13217.301649	2.9484280238098443e-01
13313.778304	2.9457864310629495e-01
13410.254958	2.9457308782012709e-01
13506.731612	2.9452245711732361e-01
13603.208267	2.9450885958756623e-01
13699.684921	2.9441131219121247e-01
13796.161576	2.9439393816373516e-01
13892.638230	2.9437101733854482e-01
13989.114884	2.9436252750925063e-01
14085.591539	2.9435258840718348e-01
14182.068193	2.9432342189362026e-01
14278.544847	2.9431939521812339e-01
14375.021502	2.9398664882661807e-01
14471.498156	2.9393245483140018e-01
14567.974811	2.9388537819763200e-01
14664.451465	2.9374159920630782e-01
14760.928119	2.9347172402705823e-01
14857.404774	2.9339465918951002e-01
14953.881428	2.9298503648137669e-01
15050.358082	2.9297549606338763e-01
15146.834737	2.9286556371889932e-01
15243.311391	2.9281396542488042e-01
15339.788046	2.9272450404714279e-01
15436.264700	2.9272181794878072e-01
15532.741354	2.9270380936133972e-01
15629.218009	2.9269352714188118e-01
15725.694663	2.9235141557902877e-01
15822.171317	2.9225516385677197e-01
15918.647972	2.9210841324436032e-01
16015.124626	2.9190171502448498e-01
16111.601281	2.9188438208490430e-01
16208.077935	2.9185804756481742e-01
16304.554589	2.9166502902660951e-01
16401.031244	2.9161630804719102e-01
16497.507898	2.9151108620798150e-01
16593.984552	2.9150511040910548e-01
16690.461207	2.9146958258513117e-01
16786.937861	2.9136923784497154e-01
16883.414516	2.9133256084968329e-01
16979.891170	2.9126153577832586e-01
17076.367824	2.9124143453588286e-01
17172.844479	2.9095107939533738e-01
17269.321133	2.9080500512461616e-01
17365.797787	2.9058285330168376e-01
17462.274442	2.9055003253803574e-01
17558.751096	2.9056142360341058e-01
17655.227751	2.9055168934594405e-01
17751.704405	2.9053511621348554e-01
17848.181059	2.9052416837657269e-01
17944.657714	2.9049213762039672e-01
18041.134368	2.9031406444905639e-01
18137.611022	2.9021612390256435e-01
18234.087677	2.9009714584348878e-01
18330.564331	2.9006637647988454e-01
18427.040986	2.8944728149169890e-01
18523.517640	2.8938151747333807e-01
18619.994294	2.8928449733747436e-01
18716.470949	2.8922301421724805e-01
18812.947603	2.8914970369344151e-01
18909.424257	2.8903735325754121e-01
19005.900912	2.8883821430988871e-01
19102.377566	2.8864189086271724e-01
19198.854221	2.8813063698468516e-01
19295.330875	2.8808591476195505e-01
19391.807529	2.8802682368132176e-01
19488.284184	2.8793215204879452e-01
19584.760838	2.8775424733933269e-01
19681.237492	2.8760543424430346e-01
19777.714147	2.8742683525833279e-01
19874.190801	2.8733814009678910e-01
19970.667456	2.8719217138705661e-01
20067.144110	2.8703562801323484e-01
20163.620764	2.8695971718499136e-01
20260.097419	2.8675711208903654e-01
20356.574073	2.8672421269601106e-01
20453.050727	2.8658595565015860e-01
20549.527382	2.8590917152758472e-01
20646.004036	2.8589800406244797e-01
20742.480691	2.8555371907756999e-01
20838.957345	2.8545657030907634e-01
20935.433999	2.8542615757064371e-01
21031.910654	2.8517712110313098e-01
21128.387308	2.8500128667006724e-01
21224.863962	2.8473597669734330e-01
21321.340617	2.8468425879379988e-01
21417.817271	2.8411377385569164e-01
21514.293926	2.8353750137647876e-01
21610.770580	2.8348968190043200e-01
21707.247234	2.8303864201266721e-01
21803.723889	2.8262914091077107e-01
21900.200543	2.8234076580077111e-01
21996.677197	2.8229435953953047e-01
22093.153852	2.8223228365328190e-01
22189.630506	2.8216624739786594e-01
22286.107161	2.8212409867533333e-01
22382.583815	2.8185209815230483e-01
22479.060469	2.8161554148991524e-01
22575.537124	2.8142899950101380e-01
22672.013778	2.8128153836218805e-01
22768.490432	2.8123076548924492e-01
22864.967087	2.8106261711510894e-01
22961.443741	2.8084280443399262e-01
23057.920396	2.8076540789233417e-01
23154.397050	2.8059584410074084e-01
23250.873704	2.8014131011942395e-01
23347.350359	2.8005596204229893e-01
23443.827013	2.7994192686811847e-01
23540.303667	2.7987893633763056e-01
23636.780322	2.7965187308416428e-01
23733.256976	2.7961335703752116e-01
23829.733631	2.7918343388363259e-01
23926.210285	2.7893212595199696e-01
24022.686939	2.7872459172537567e-01
24119.163594	2.7863393355265859e-01
24215.640248	2.7836325388565525e-01
24312.116902	2.7774917168488378e-01
24408.593557	2.7756762168774313e-01
24505.070211	2.7600417939539862e-01
24601.546866	2.7566807038446578e-01
24698.023520	2.7565140992335702e-01
24794.500174	2.7563490063573076e-01
24890.976829	2.7552947138699990e-01
24987.453483	2.7547326601333488e-01
25083.930137	2.7541409242688625e-01
25180.406792	2.7521476544791729e-01
25276.883446	2.7519931132074132e-01
25373.360101	2.7512582679210035e-01
25469.836755	2.7428510005652856e-01
25566.313409	2.7393911504020541e-01
25662.790064	2.7360813420393526e-01
25759.266718	2.7292059123761342e-01
25855.743372	2.7284127319856660e-01
25952.220027	2.7277872789726038e-01
26048.696681	2.7248807783795836e-01
26145.173336	2.7236230392489558e-01
26241.649990	2.7148087764348516e-01
26338.126644	2.7012676263915120e-01
26434.603299	2.6954897022060986e-01
26531.079953	2.6946500831429487e-01
26627.556607	2.6923026963858598e-01
26724.033262	2.6849238154954086e-01
26820.509916	2.6848117359717399e-01
26916.986571	2.6802203156226706e-01
27013.463225	2.6789946276645882e-01
27109.939879	2.6738059344145265e-01
27206.416534	2.6733835913027343e-01
27302.893188	2.6633898070030326e-01
27399.369842	2.6625237313773920e-01
27495.846497	2.6600264232114940e-01
27592.323151	2.6543306481270434e-01
27688.799806	2.6525287101711831e-01
27785.276460	2.6480256940306252e-01
27881.753114	2.6462806832212704e-01
27978.229769	2.6453097790912683e-01
28074.706423	2.6437476966600554e-01
28171.183077	2.6398155177144850e-01
28267.659732	2.6311298783573278e-01
28364.136386	2.6199033176189768e-01
28460.613041	2.6099865351076751e-01
28557.089695	2.6029650175080743e-01
28653.566349	2.6024640715162678e-01
28750.043004	2.6014654138917548e-01
28846.519658	2.5993257080429660e-01
28942.996312	2.5961785962645967e-01
29039.472967	2.5919565812126827e-01
29135.949621	2.5905168009252416e-01
29232.426276	2.5859424296349381e-01
29328.902930	2.5786233086465754e-01
29425.379584	2.5774621330146086e-01
29521.856239	2.5725481257624533e-01
29618.332893	2.5649745184230849e-01
29714.809547	2.5604665401415061e-01
29811.286202	2.5591383329850353e-01
29907.762856	2.5437485753979250e-01
30004.239511	2.5432566497885317e-01
30100.716165	2.5297223925310663e-01
30197.192819	2.5152715210540078e-01
30293.669474	2.5126533298375908e-01
30390.146128	2.5039393854514952e-01
30486.622782	2.4988768985122931e-01
30583.099437	2.4835089103454502e-01
30679.576091	2.4827053919192182e-01
30776.052746	2.4781116126488273e-01
30872.529400	2.4748169042224802e-01
30969.006054	2.4714002651174410e-01
31065.482709	2.4498055949456418e-01
31161.959363	2.4484758129048759e-01
31258.436017	2.4424833900086909e-01
31354.912672	2.4396720417769288e-01
31451.389326	2.4333488927231148e-01
31547.865981	2.4316970438582375e-01
31644.342635	2.4292292773392543e-01
31740.819289	2.4248763591521538e-01
31837.295944	2.4146592604976905e-01
31933.772598	2.4116151966607099e-01
32030.249252	2.4062885578527668e-01
32126.725907	2.4042760104340052e-01
32223.202561	2.4035845882228959e-01
32319.679215	2.4004813123193719e-01
32416.155870	2.3954360869970540e-01
32512.632524	2.3834926998510370e-01
32609.109179	2.3788727067169105e-01
32705.585833	2.3772679225873283e-01
32802.062487	2.3739738299746546e-01
32898.539142	2.3670677354251921e-01
32995.015796	2.3584096583068428e-01
33091.492450	2.3499406128202333e-01
33187.969105	2.3441557414448191e-01
33284.445759	2.3432726285714064e-01
33380.922414	2.3384345535579443e-01
33477.399068	2.3162281141725050e-01
33573.875722	2.3149372328394952e-01
33670.352377	2.3140973251041821e-01
33766.829031	2.3092267134638453e-01
33863.305685	2.3071214987151870e-01
33959.782340	2.3052079791513344e-01
34056.258994	2.3026016858740361e-01
34152.735649	2.2994939889212224e-01
34249.212303	2.2992146825292648e-01
34345.688957	2.2965150953730992e-01
34442.165612	2.2950096083446117e-01
34538.642266	2.2920676404232662e-01
34635.118920	2.2912363987519305e-01
34731.595575	2.2905261024085874e-01
34828.072229	2.2855256587981260e-01
34924.548884	2.2845550470574974e-01
35021.025538	2.2826657536763678e-01
35117.502192	2.2818126871678973e-01
35213.978847	2.2814729431465228e-01
35310.455501	2.2801903515693880e-01
35406.932155	2.2790386726343614e-01
35503.408810	2.2776500363703425e-01
35599.885464	2.2752401009934373e-01
35696.362119	2.2746487202290627e-01
35792.838773	2.2744302675741318e-01
35889.315427	2.2711926925330575e-01
35985.792082	2.2693854296698487e-01
36082.268736	2.2667278025330120e-01
36178.745390	2.2656668134320665e-01
36275.222045	2.2613613296219151e-01
36371.698699	2.2550736660595611e-01
36468.175354	2.2534408764203326e-01
36564.652008	2.2512162163802651e-01
36661.128662	2.2477713009860123e-01
36757.605317	2.2474012490572545e-01
36854.081971	2.2462899902686639e-01
36950.558625	2.2454234395914979e-01
37047.035280	2.2436541296736795e-01
37143.511934	2.2431705887184666e-01
37239.988589	2.2424845031818610e-01
37336.465243	2.2392168749871599e-01
37432.941897	2.2382019839079417e-01
37529.418552	2.2361312504529421e-01
37625.895206	2.2321589720236612e-01
37722.371860	2.2312034215501650e-01
37818.848515	2.2306623037372950e-01
37915.325169	2.2294199154112046e-01
38011.801824	2.2198583864180729e-01
38108.278478	2.2187679054760370e-01
38204.755132	2.2159636446060543e-01
38301.231787	2.2099155771670834e-01
38397.708441	2.2076410765366616e-01
38494.185095	2.2069524164621196e-01
38590.661750	2.2016628848225797e-01
38687.138404	2.1994455698512136e-01
38783.615059	2.1979793955332924e-01
38880.091713	2.1977325867462402e-01
38976.568367	2.1971804668348111e-01
39073.045022	2.1963914358734690e-01
39169.521676	2.1952765576450339e-01
39265.998330	2.1937619766378916e-01
39362.474985	2.1885256899065259e-01
39458.951639	2.1876209213063713e-01
39555.428294	2.1858264982979403e-01
39651.904948	2.1824908961214778e-01
39748.381602	2.1820361989117729e-01
39844.858257	2.1810311191997589e-01
39941.334911	2.1796913984036048e-01
40037.811565	2.1782948213617942e-01
40134.288220	2.1738116112672234e-01
40230.764874	2.1715713185853383e-01
40327.241529	2.1681591138152861e-01
40423.718183	2.1673252371345705e-01
40520.194837	2.1669880791265081e-01
40616.671492	2.1660688584685517e-01
40713.148146	2.1657418058673839e-01
40809.624800	2.1627951509337673e-01
40906.101455	2.1599174822432302e-01
41002.578109	2.1587958019145301e-01
41099.054764	2.1542087985860689e-01
41195.531418	2.1534603223756021e-01
41292.008072	2.1529474268010515e-01
41388.484727	2.1523902934599159e-01
41484.961381	2.1499944299137957e-01
41581.438035	2.1442022369523728e-01
41677.914690	2.1381611949868065e-01
41774.391344	2.1367744468363331e-01
41870.867999	2.1345350884058267e-01
41967.344653	2.1340132044497220e-01
42063.821307	2.1311988894495715e-01
42160.297962	2.1291541213730503e-01
42256.774616	2.1287299517332556e-01
42353.251270	2.1159986778706397e-01
42449.727925	2.1157563176517971e-01
42546.204579	2.1152132217679154e-01
42642.681234	2.1130554404640026e-01
42739.157888	2.1087111540763079e-01
42835.634542	2.1066652817171971e-01
42932.111197	2.1006237486486071e-01
43028.587851	2.0967616163576064e-01
43125.064505	2.0855149593111846e-01
43221.541160	2.0826295718231547e-01
43318.017814	2.0741117746722998e-01
43414.494469	2.0716235471205849e-01
43510.971123	2.0666248809810095e-01
43607.447777	2.0661467081689142e-01
43703.924432	2.0648148244299253e-01
43800.401086	2.0577543959642811e-01
43896.877740	2.0556085790262316e-01
43993.354395	2.0534648745416464e-01
44089.831049	2.0517945947738608e-01
44186.307704	2.0472768489004656e-01
44282.784358	2.0414792702139875e-01
44379.261012	2.0336129958434299e-01
44475.737667	2.0303276629847131e-01
44572.214321	2.0253859802630428e-01
44668.690975	2.0209497333200555e-01
44765.167630	2.0198888466381829e-01
44861.644284	2.0186306488199426e-01
44958.120939	2.0170263933774391e-01
45054.597593	2.0109410139234454e-01
45151.074247	2.0090657617565272e-01
45247.550902	2.0074592658663504e-01
45344.027556	2.0047905083285816e-01
45440.504210	1.9979836670085227e-01
45536.980865	1.9970647859189897e-01
45633.457519	1.9901502135737548e-01
45729.934174	1.9894265603892389e-01
45826.410828	1.9826834102226779e-01
45922.887482	1.9814361687466961e-01
46019.364137	1.9804627998507643e-01
46115.840791	1.9768159973045135e-01
46212.317445	1.9761219121381970e-01
46308.794100	1.9720107395848574e-01
46405.270754	1.9677890346870899e-01
46501.747409	1.9619685687711638e-01
46598.224063	1.9609879093833757e-01
46694.700717	1.9524861174222088e-01
46791.177372	1.9447079884706678e-01
46887.654026	1.9441625925625744e-01
46984.130680	1.9417440311185474e-01
47080.607335	1.9343321613460215e-01
47177.083989	1.9267962207348943e-01
47273.560644	1.9250836939164795e-01
47370.037298	1.9196467000035644e-01
47466.513952	1.9149685152027249e-01
47562.990607	1.9076231264879370e-01
47659.467261	1.9053295837091974e-01
47755.943915	1.8920993701152583e-01
47852.420570	1.8886491759675561e-01
47948.897224	1.8766953408650086e-01
48045.373879	1.8741604568209730e-01
48141.850533	1.8693132276628133e-01
48238.327187	1.8615176559024238e-01
48334.803842	1.8551978795054747e-01
48431.280496	1.8539000037818110e-01
48527.757150	1.8517584081688548e-01
48624.233805	1.8515961319544480e-01
48720.710459	1.8493085642746607e-01
48817.187114	1.8481984928459760e-01
48913.663768	1.8454182444504827e-01
49010.140422	1.8420033598730978e-01
49106.617077	1.8119421201460659e-01
49203.093731	1.8098079284094570e-01
49299.570385	1.8063863464924751e-01
49396.047040	1.7978768737574044e-01
49492.523694	1.7915035350054134e-01
49589.000349	1.7759534918840300e-01
49685.477003	1.7650564800157531e-01
49781.953657	1.7614721388331309e-01
49878.430312	1.7493319371414068e-01
49974.906966	1.7405039353594187e-01
50071.383620	1.7243653688719335e-01
50167.860275	1.7211135971783287e-01
50264.336929	1.7003486461967857e-01
50360.813584	1.6910300883123963e-01
50457.290238	1.6897516882594441e-01
50553.766892	1.6873302210499219e-01
50650.243547	1.6749830057064388e-01
50746.720201	1.6717138286532046e-01
50843.196855	1.6709235257443830e-01
50939.673510	1.6664540748530435e-01
51036.150164	1.6659977680348340e-01
51132.626819	1.6630737363695172e-01
51229.103473	1.6588906919269822e-01
51325.580127	1.6558852924185372e-01
51422.056782	1.6515293390796301e-01
51518.533436	1.6429302247214944e-01
51615.010090	1.6414955559649896e-01
51711.486745	1.6292199138574318e-01
51807.963399	1.6261529502586414e-01
51904.440054	1.6252151007885765e-01
52000.916708	1.6197756883648187e-01
52097.393362	1.6178265082427698e-01
52193.870017	1.6093809314809085e-01
52290.346671	1.6053789679285654e-01
52386.823325	1.6032332824751311e-01
52483.299980	1.5927633199014909e-01
52579.776634	1.5767636186531442e-01
52676.253289	1.5675805892466271e-01
52772.729943	1.5641126215168796e-01
52869.206597	1.5582936331517741e-01
52965.683252	1.5572206903399091e-01
53062.159906	1.5471775365715423e-01
53158.636560	1.5463745112739544e-01
53255.113215	1.5416685481902243e-01
53351.589869	1.5370559201438361e-01
53448.066524	1.5284376799977606e-01
53544.543178	1.5230676769058274e-01
53641.019832	1.5134943526883468e-01
53737.496487	1.5104215041874611e-01
53833.973141	1.5029778613160341e-01
53930.449795	1.4985288469974034e-01
54026.926450	1.4953562688670044e-01
54123.403104	1.4894476830918027e-01
54219.879759	1.4859560432916818e-01
54316.356413	1.4811386295622411e-01
54412.833067	1.4570582602450108e-01
54509.309722	1.4496248795472538e-01
54605.786376	1.4438076739932948e-01
54702.263030	1.4389872271676499e-01
54798.739685	1.4368387334805241e-01
54895.216339	1.4211970470764870e-01
54991.692994	1.4169472333362762e-01
55088.169648	1.4107837868240125e-01
55184.646302	1.4016175793554111e-01
55281.122957	1.3961487339899309e-01
55377.599611	1.3922006962723840e-01
55474.076265	1.3901119085603025e-01
55570.552920	1.3719094726585584e-01
55667.029574	1.3672720691294274e-01
55763.506229	1.3580583877433525e-01
55859.982883	1.3533491566002806e-01
55956.459537	1.3461315073072710e-01
56052.936192	1.3446498415383132e-01
56149.412846	1.3418148779345215e-01
56245.889500	1.3380943358498887e-01
56342.366155	1.3371599741980034e-01
56438.842809	1.3147042839699746e-01
56535.319464	1.3103700739298521e-01
56631.796118	1.3005518235556576e-01
56728.272772	1.2994809127291906e-01
56824.749427	1.2983453371320947e-01
56921.226081	1.2965929695103603e-01
57017.702735	1.2923931035492517e-01
57114.179390	1.2774396781104233e-01
57210.656044	1.2722106747099676e-01
57307.132699	1.2622878714149824e-01
57403.609353	1.2588576720131633e-01
57500.086007	1.2230356374357680e-01
57596.562662	1.2180703105370534e-01
57693.039316	1.2146948832601882e-01
57789.515970	1.2110613823241137e-01
57885.992625	1.1963861114938602e-01
57982.469279	1.1952015248807629e-01
58078.945934	1.1831708811535056e-01
58175.422588	1.1628902221267889e-01
58271.899242	1.1602004251789771e-01
58368.375897	1.1570524023097524e-01
58464.852551	1.1563910614953751e-01
58561.329205	1.1367173990052186e-01
58657.805860	1.1104558170626713e-01
58754.282514	1.1083163572306012e-01
58850.759169	1.1030526771557095e-01
58947.235823	1.0995297204043800e-01
59043.712477	1.0940633054520278e-01
59140.189132	1.0845784335451404e-01
59236.665786	1.0769602663053814e-01
59333.142440	1.0729661348397447e-01
59429.619095	1.0613331890803439e-01
59526.095749	1.0589090506904486e-01
59622.572404	1.0500551225794508e-01
59719.049058	1.0285376057290234e-01
59815.525712	1.0207443171008924e-01
59912.002367	1.0187311769848598e-01
60008.479021	1.0129981333856475e-01
60104.955675	1.0116328249901237e-01
60201.432330	1.0005678011286974e-01
60297.908984	9.9417095408784878e-02
60394.385639	9.9249429540212375e-02
60490.862293	9.9081238624010956e-02
60587.338947	9.8882886759887809e-02
60683.815602	9.8616490770513890e-02
60780.292256	9.7923318260470044e-02
60876.768910	9.3977524167014770e-02
60973.245565	9.1790502269075550e-02
61069.722219	9.0553043859631629e-02
61166.198874	9.0398536276853320e-02
61262.675528	9.0346051297343702e-02
61359.152182	8.9903584808872949e-02
61455.628837	8.9699944172323950e-02
61552.105491	8.8529553350145340e-02
61648.582145	8.8199778790876884e-02
61745.058800	8.7323894497295315e-02
61841.535454	8.6683677936406370e-02
61938.012109	8.6200596467142357e-02
62034.488763	8.6154865733912664e-02
62130.965417	8.5441338308310910e-02
62227.442072	8.5026232246347644e-02
62323.918726	8.3547277558171248e-02
62420.395380	8.2451455699714904e-02
62516.872035	8.1251933126649384e-02
62613.348689	8.1183973718928729e-02
62709.825344	8.0680455742525595e-02
62806.301998	8.0458838094885465e-02
62902.778652	8.0086690540415589e-02
62999.255307	7.9857602137701850e-02
63095.731961	7.9197908922753399e-02
63192.208615	7.8589906576057328e-02
63288.685270	7.7921370395515346e-02
63385.161924	7.7364413800007803e-02
63481.638579	7.5313227046532275e-02
63578.115233	7.5180335313773827e-02
63674.591887	7.4481383417941138e-02
63771.068542	7.0178729970256634e-02
63867.545196	6.9307487693211808e-02
63964.021850	6.9127523173556749e-02
64060.498505	6.8594188416008200e-02
64156.975159	6.8444110060286126e-02
64253.451813	6.7289164484795327e-02
64349.928468	6.7254822159409366e-02
64446.405122	6.6223670476468044e-02
64542.881777	6.5923143514482682e-02
64639.358431	6.5851422304884985e-02
64735.835085	6.4472684080405310e-02
64832.311740	6.2155165419723268e-02
64928.788394	6.2092810351577300e-02
65025.265048	6.1940119223307041e-02
65121.741703	6.0906761082472692e-02
65218.218357	6.0688548938192297e-02
65314.695012	5.8747197893300851e-02
65411.171666	5.8590260914747401e-02
65507.648320	5.7912631924410138e-02
65604.124975	5.4777967145474581e-02
65700.601629	5.4402907438142044e-02
65797.078283	5.1902415715876275e-02
65893.554938	5.1854744480001172e-02
65990.031592	5.0747154664488092e-02
66086.508247	5.0463107163910698e-02
66182.984901	4.8415211162311282e-02
66279.461555	4.6601800926242207e-02
66375.938210	4.6255137027417313e-02
66472.414864	4.4428787090935229e-02
66568.891518	4.3831389352616081e-02
66665.368173	4.3532409463309309e-02
66761.844827	4.1676015918365741e-02
66858.321482	3.8581664756906560e-02
66954.798136	3.8339425390042800e-02
67051.274790	3.7816689595370455e-02
67147.751445	3.5216193021639988e-02
67244.228099	3.4421646876435431e-02
67340.704753	3.3633014927964569e-02
67437.181408	3.2056632412393489e-02
67533.658062	3.1116057979802970e-02
67630.134717	3.0962557111230832e-02
67726.611371	3.0632460627446144e-02
67823.088025	2.8808180021138677e-02
67919.564680	2.8200371763731059e-02
68016.041334	2.7269505299861087e-02
68112.517988	2.6504351307489408e-02
68208.994643	2.5704682931609539e-02
68305.471297	1.8538260423796433e-02
68401.947952	1.8350079114378973e-02
68498.424606	1.5898817013020542e-02
68594.901260	1.5316134511636662e-02
68691.377915	1.3485415989649092e-02
68787.854569	1.3292508432280166e-02
68884.331223	1.3154106009813499e-02
68980.807878	1.2880494575643045e-02
69077.284532	1.1547117845676597e-02
69173.761187	1.0536135092695589e-02
69270.237841	9.9510766936351715e-03
69366.714495	7.3745051536483032e-03
69463.191150	5.0561655817006890e-03
69559.667804	1.7658411890522916e-03
69656.144458	9.9639525257171351e-04
69752.621113	2.1036912741153457e-04
