-55859.982883	2.0914185705589463e-03
-55763.506229	4.1176169978035292e-03
-55667.029574	1.1099930103149512e-02
-55570.552920	1.1561105693542059e-02
-55474.076265	1.4612317933008030e-02
-55377.599611	2.0865780105296976e-02
-55281.122957	2.1056234515781518e-02
-55184.646302	2.2798632579716156e-02
-55088.169648	2.7861172394051767e-02
-54991.692994	2.8532510753481406e-02
-54895.216339	3.0832297030940287e-02
-54798.739685	3.0903963789352843e-02
-54702.263030	3.3456196223319912e-02
-54605.786376	3.4822343805559243e-02
-54509.309722	4.3227958732871739e-02
-54412.833067	4.5781624502007109e-02
-54316.356413	4.9813417163401395e-02
-54219.879759	5.7404360214459181e-02
-54123.403104	5.7979306783823917e-02
-54026.926450	5.8622515940576617e-02
-53930.449795	6.4431644210602254e-02
-53833.973141	6.4679611194709705e-02
-53737.496487	6.7822915218684346e-02
-53641.019832	7.3622368476324321e-02
-53544.543178	7.3990735614564845e-02
-53448.066524	7.4468394559384504e-02
-53351.589869	7.9418417562939658e-02
-53255.113215	8.2438633929340754e-02
-53158.636560	8.5475512817072760e-02
-53062.159906	8.6206513752880812e-02
-52965.683252	9.0932578136396727e-02
-52869.206597	9.1627029025414392e-02
-52772.729943	9.3082939222565428e-02
-52676.253289	9.5828134403558349e-02
-52579.776634	9.6710352199616892e-02
-52483.299980	1.0027613176443355e-01
-52386.823325	1.0525105896653708e-01
-52290.346671	1.0628341862146991e-01
-52193.870017	1.0997461501359133e-01
-52097.393362	1.1269669766517978e-01
-52000.916708	1.1366939474379978e-01
-51904.440054	1.1572891821381948e-01
-51807.963399	1.2175949676774667e-01
-51711.486745	1.2195138451340923e-01
-51615.010090	1.2553794743840743e-01
-51518.533436	1.2663480717598555e-01
-51422.056782	1.2804037147544658e-01
-51325.580127	1.3226351438208722e-01
-51229.103473	1.3269064826225485e-01
-51132.626819	1.3512176387466870e-01
-51036.150164	1.3626234033488144e-01
-50939.673510	1.3857126412419365e-01
-50843.196855	1.3914997319841407e-01
-50746.720201	1.4107960066880226e-01
-50650.243547	1.4435118819055603e-01
-50553.766892	1.4698279155964253e-01
-50457.290238	1.4897799411398260e-01
-50360.813584	1.4906363589029140e-01
-50264.336929	1.4990052446171045e-01
-50167.860275	1.5111706768584562e-01
-50071.383620	1.5403623392308188e-01
-49974.906966	1.5629212431116524e-01
-49878.430312	1.5667894563972307e-01
-49781.953657	1.5688301673431659e-01
-49685.477003	1.5711145452677203e-01
-49589.000349	1.5739149238528796e-01
-49492.523694	1.5751888004837486e-01
-49396.047040	1.5862613146592353e-01
-49299.570385	1.6035795868307970e-01
-49203.093731	1.6096712612962752e-01
-49106.617077	1.6111135548094249e-01
-49010.140422	1.6149728097502014e-01
-48913.663768	1.6452000567816955e-01
-48817.187114	1.6833626056389547e-01
-48720.710459	1.6853370248333535e-01
-48624.233805	1.6892374881602201e-01
-48527.757150	1.7127961433209760e-01
-48431.280496	1.7316355424399468e-01
-48334.803842	1.7477838547803448e-01
-48238.327187	1.7554360729103616e-01
-48141.850533	1.7592917445132170e-01
-48045.373879	1.7617947060509442e-01
-47948.897224	1.7736698879207055e-01
-47852.420570	1.7762552662306130e-01
-47755.943915	1.7779289872223361e-01
-47659.467261	1.7859733709350026e-01
-47562.990607	1.8011196331573881e-01
-47466.513952	1.8147218372108595e-01
-47370.037298	1.8169358127518861e-01
-47273.560644	1.8206063597734509e-01
-47177.083989	1.8446275370972393e-01
-47080.607335	1.8554479556801742e-01
-46984.130680	1.8703685265297637e-01
-46887.654026	1.8720599411858130e-01
-46791.177372	1.8747071778045521e-01
-46694.700717	1.8828577560520607e-01
-46598.224063	1.8998847479647482e-01
-46501.747409	1.9260219737267015e-01
-46405.270754	1.9286005196276285e-01
-46308.794100	1.9453436529502136e-01
-46212.317445	1.9537274394940360e-01
-46115.840791	1.9595547044080669e-01
-46019.364137	1.9607779892303204e-01
-45922.887482	1.9878068368730106e-01
-45826.410828	1.9956207627294104e-01
-45729.934174	2.0010069864773239e-01
-45633.457519	2.0011759050917655e-01
-45536.980865	2.0096302729551824e-01
-45440.504210	2.0106607606438109e-01
-45344.027556	2.0197529274636888e-01
-45247.550902	2.0262471007373292e-01
-45151.074247	2.0275777130435838e-01
-45054.597593	2.0348657093538122e-01
-44958.120939	2.0441845368108105e-01
-44861.644284	2.0497002573994494e-01
-44765.167630	2.0524617594256628e-01
-44668.690975	2.0576089982667797e-01
-44572.214321	2.0583592199702599e-01
-44475.737667	2.0654772388680451e-01
-44379.261012	2.0850416266642108e-01
-44282.784358	2.0866178741021071e-01
-44186.307704	2.0997314217203944e-01
-44089.831049	2.1012411999448147e-01
-43993.354395	2.1080773442694295e-01
-43896.877740	2.1121793066225800e-01
-43800.401086	2.1202015378712916e-01
-43703.924432	2.1236266508288049e-01
-43607.447777	2.1257881259221800e-01
-43510.971123	2.1460141409974323e-01
-43414.494469	2.1479503444240000e-01
-43318.017814	2.1483374288784279e-01
-43221.541160	2.1600630408455784e-01
-43125.064505	2.1645418023745575e-01
-43028.587851	2.1660683907467465e-01
-42932.111197	2.1709784122601197e-01
-42835.634542	2.1761403238389887e-01
-42739.157888	2.1797990369982079e-01
-42642.681234	2.1999663537829120e-01
-42546.204579	2.2022535363053425e-01
-42449.727925	2.2087868461851182e-01
-42353.251270	2.2117106409866152e-01
-42256.774616	2.2206677808099373e-01
-42160.297962	2.2284009326296747e-01
-42063.821307	2.2341039129362875e-01
-41967.344653	2.2494547223041753e-01
-41870.867999	2.2505872631606200e-01
-41774.391344	2.2595438736173537e-01
-41677.914690	2.2792903759198097e-01
-41581.438035	2.2804320744785855e-01
-41484.961381	2.3243347722842894e-01
-41388.484727	2.3298033512716768e-01
-41292.008072	2.3431979549267851e-01
-41195.531418	2.3581829155440368e-01
-41099.054764	2.3627931021878668e-01
-41002.578109	2.3819279331652513e-01
-40906.101455	2.3850641810103382e-01
-40809.624800	2.3871295924575192e-01
-40713.148146	2.3874115720200087e-01
-40616.671492	2.3904495056143377e-01
-40520.194837	2.3957026077365592e-01
-40423.718183	2.4013020188462109e-01
-40327.241529	2.4027258018446804e-01
-40230.764874	2.4042420610627080e-01
-40134.288220	2.4046708303765180e-01
-40037.811565	2.4093010289277123e-01
-39941.334911	2.4104023420722645e-01
-39844.858257	2.4118195185937602e-01
-39748.381602	2.4128212757728978e-01
-39651.904948	2.4188682921957863e-01
-39555.428294	2.4452678200519634e-01
-39458.951639	2.4682347624442760e-01
-39362.474985	2.4777142792922019e-01
-39265.998330	2.4778450732884266e-01
-39169.521676	2.4789838578016360e-01
-39073.045022	2.4846814393516989e-01
-38976.568367	2.4906966315940665e-01
-38880.091713	2.4926344058951275e-01
-38783.615059	2.5040982334475809e-01
-38687.138404	2.5055938768534891e-01
-38590.661750	2.5172865006942385e-01
-38494.185095	2.5261847134352339e-01
-38397.708441	2.5325519351051096e-01
-38301.231787	2.5363537658446811e-01
-38204.755132	2.5377873128377054e-01
-38108.278478	2.5411285579491077e-01
-38011.801824	2.5437606686857694e-01
-37915.325169	2.5585226603621397e-01
-37818.848515	2.5641618836539670e-01
-37722.371860	2.5713128314727290e-01
-37625.895206	2.5760130970958128e-01
-37529.418552	2.5853494201233984e-01
-37432.941897	2.5965055357659211e-01
-37336.465243	2.6028866842623716e-01
-37239.988589	2.6042846858886176e-01
-37143.511934	2.6080272763150636e-01
-37047.035280	2.6118841858173009e-01
-36950.558625	2.6255753232638240e-01
-36854.081971	2.6370793324270692e-01
-36757.605317	2.6376343169763167e-01
-36661.128662	2.6391156763468882e-01
-36564.652008	2.6393296582772757e-01
-36468.175354	2.6401613604201835e-01
-36371.698699	2.6473478829314273e-01
-36275.222045	2.6502647781288990e-01
-36178.745390	2.6521591769881087e-01
-36082.268736	2.6544396909605195e-01
-35985.792082	2.6558122542772322e-01
-35889.315427	2.6573006213698985e-01
-35792.838773	2.6609501854964052e-01
-35696.362119	2.6655888813727047e-01
-35599.885464	2.6672060158081179e-01
-35503.408810	2.6720533666202934e-01
-35406.932155	2.6755411725623063e-01
-35310.455501	2.6769714595767741e-01
-35213.978847	2.6802991949602317e-01
-35117.502192	2.6826680993675894e-01
-35021.025538	2.6874732118133915e-01
-34924.548884	2.6885348516435270e-01
-34828.072229	2.6893775556649396e-01
-34731.595575	2.6895224133265760e-01
-34635.118920	2.6912713716729558e-01
-34538.642266	2.6920512060584495e-01
-34442.165612	2.6925142050204198e-01
-34345.688957	2.6992418627158515e-01
-34249.212303	2.7018844858513802e-01
-34152.735649	2.7033212073145274e-01
-34056.258994	2.7038089153425859e-01
-33959.782340	2.7063769913766689e-01
-33863.305685	2.7078515695805905e-01
-33766.829031	2.7125727654490561e-01
-33670.352377	2.7175086420505778e-01
-33573.875722	2.7311884477519499e-01
-33477.399068	2.7412133832755781e-01
-33380.922414	2.7418970403366272e-01
-33284.445759	2.7465236070955462e-01
-33187.969105	2.7492313034223931e-01
-33091.492450	2.7507294817064148e-01
-32995.015796	2.7509222898481756e-01
-32898.539142	2.7563402008401439e-01
-32802.062487	2.7622568188590146e-01
-32705.585833	2.7638656141253243e-01
-32609.109179	2.7666186702891976e-01
-32512.632524	2.7696042096599355e-01
-32416.155870	2.7702544247853556e-01
-32319.679215	2.7705607574007868e-01
-32223.202561	2.7739209853798380e-01
-32126.725907	2.7750205411293133e-01
-32030.249252	2.7779738218982236e-01
-31933.772598	2.7802493731211203e-01
-31837.295944	2.7807661631843011e-01
-31740.819289	2.7811916720769764e-01
-31644.342635	2.7823954871914336e-01
-31547.865981	2.7882751041944676e-01
-31451.389326	2.7907346758472312e-01
-31354.912672	2.7966794265540995e-01
-31258.436017	2.7978528814148923e-01
-31161.959363	2.8002368121292326e-01
-31065.482709	2.8007968250937504e-01
-30969.006054	2.8020247971983636e-01
-30872.529400	2.8021788823638066e-01
-30776.052746	2.8035879465258284e-01
-30679.576091	2.8071110519193548e-01
-30583.099437	2.8080934534598734e-01
-30486.622782	2.8082000578740707e-01
-30390.146128	2.8092472024470300e-01
-30293.669474	2.8106705580744212e-01
-30197.192819	2.8123313746562617e-01
-30100.716165	2.8129317752751154e-01
-30004.239511	2.8150537011263421e-01
-29907.762856	2.8152370274880772e-01
-29811.286202	2.8173210300038520e-01
-29714.809547	2.8180606498903715e-01
-29618.332893	2.8187348613580393e-01
-29521.856239	2.8211505984054230e-01
-29425.379584	2.8232867527661604e-01
-29328.902930	2.8257849279514580e-01
-29232.426276	2.8258717518165566e-01
-29135.949621	2.8298461262878316e-01
-29039.472967	2.8303568082618263e-01
-28942.996312	2.8341928797426263e-01
-28846.519658	2.8390176542042617e-01
-28750.043004	2.8396694530608002e-01
-28653.566349	2.8406275077222448e-01
-28557.089695	2.8413730848813401e-01
-28460.613041	2.8430427949651588e-01
-28364.136386	2.8462128020110877e-01
-28267.659732	2.8466701628442792e-01
-28171.183077	2.8470896947555374e-01
-28074.706423	2.8517384635247056e-01
-27978.229769	2.8537752400339644e-01
-27881.753114	2.8549050803431353e-01
-27785.276460	2.8564542013081745e-01
-27688.799806	2.8577164341173306e-01
-27592.323151	2.8579249519507516e-01
-27495.846497	2.8597813264901439e-01
-27399.369842	2.8611366609034200e-01
-27302.893188	2.8615129669909417e-01
-27206.416534	2.8617072594169518e-01
-27109.939879	2.8626934404898369e-01
-27013.463225	2.8633553603169287e-01
-26916.986571	2.8645351178390421e-01
-26820.509916	2.8648947720655515e-01
-26724.033262	2.8674504608838275e-01
-26627.556607	2.8681416917187846e-01
-26531.079953	2.8685323025820020e-01
-26434.603299	2.8698296654083366e-01
-26338.126644	2.8723636286008125e-01
-26241.649990	2.8730822804537937e-01
-26145.173336	2.8734108028569944e-01
-26048.696681	2.8735155270999335e-01
-25952.220027	2.8738411803515007e-01
-25855.743372	2.8745619089039914e-01
-25759.266718	2.8750951654204604e-01
-25662.790064	2.8760007094438339e-01
-25566.313409	2.8762773208079756e-01
-25469.836755	2.8763776663805729e-01
-25373.360101	2.8786690273935900e-01
-25276.883446	2.8796300908528494e-01
-25180.406792	2.8811412751732018e-01
-25083.930137	2.8827844929616120e-01
-24987.453483	2.8840063903802815e-01
-24890.976829	2.8844618322211940e-01
-24794.500174	2.8848645453542160e-01
-24698.023520	2.8852471531156820e-01
-24601.546866	2.8860830324378023e-01
-24505.070211	2.8870583058996463e-01
-24408.593557	2.8872370762040800e-01
-24312.116902	2.8892475455965522e-01
-24215.640248	2.8916342513995691e-01
-24119.163594	2.8926712555304057e-01
-24022.686939	2.8935776113122746e-01
-23926.210285	2.8980154023068749e-01
-23829.733631	2.8985895837419867e-01
-23733.256976	2.8993141971556863e-01
-23636.780322	2.9002974170284235e-01
-23540.303667	2.9051011028949991e-01
-23443.827013	2.9055305499202339e-01
-23347.350359	2.9055330356672504e-01
-23250.873704	2.9058675437833764e-01
-23154.397050	2.9074364085538440e-01
-23057.920396	2.9080809227019833e-01
-22961.443741	2.9093978055380826e-01
-22864.967087	2.9099406244953835e-01
-22768.490432	2.9112377732584876e-01
-22672.013778	2.9129862471470136e-01
-22575.537124	2.9138109878232238e-01
-22479.060469	2.9145995968456090e-01
-22382.583815	2.9148054859770139e-01
-22286.107161	2.9163963638327650e-01
-22189.630506	2.9165642542603548e-01
-22093.153852	2.9176008138816739e-01
-21996.677197	2.9179366304185078e-01
-21900.200543	2.9181616357751367e-01
-21803.723889	2.9186681449752139e-01
-21707.247234	2.9188597299640734e-01
-21610.770580	2.9197289868696713e-01
-21514.293926	2.9201316249412052e-01
-21417.817271	2.9204586009557154e-01
-21321.340617	2.9206865394162723e-01
-21224.863962	2.9219958126744261e-01
-21128.387308	2.9233825134043384e-01
-21031.910654	2.9240241474483802e-01
-20935.433999	2.9241628266108954e-01
-20838.957345	2.9253873768817223e-01
-20742.480691	2.9259164172543223e-01
-20646.004036	2.9278199433694430e-01
-20549.527382	2.9280324695092674e-01
-20453.050727	2.9286919692740909e-01
-20356.574073	2.9293337985584317e-01
-20260.097419	2.9300889727191681e-01
-20163.620764	2.9303084929136497e-01
-20067.144110	2.9308600813509650e-01
-19970.667456	2.9314875729050688e-01
-19874.190801	2.9333393247670969e-01
-19777.714147	2.9335030186941113e-01
-19681.237492	2.9352798038183503e-01
-19584.760838	2.9354960998541424e-01
-19488.284184	2.9367058127327395e-01
-19391.807529	2.9369564756469085e-01
-19295.330875	2.9389019472447026e-01
-19198.854221	2.9390628112567913e-01
-19102.377566	2.9411196540405277e-01
-19005.900912	2.9413469932266628e-01
-18909.424257	2.9416825459346502e-01
-18812.947603	2.9417501617827335e-01
-18716.470949	2.9446037084655013e-01
-18619.994294	2.9466435545602271e-01
-18523.517640	2.9490723407997760e-01
-18427.040986	2.9498496687810138e-01
-18330.564331	2.9502015472246751e-01
-18234.087677	2.9507874670401840e-01
-18137.611022	2.9513026817299554e-01
-18041.134368	2.9522794284128667e-01
-17944.657714	2.9523692833882331e-01
-17848.181059	2.9528257349326120e-01
-17751.704405	2.9533603089249111e-01
-17655.227751	2.9557431432475678e-01
-17558.751096	2.9567690045837991e-01
-17462.274442	2.9579465899649293e-01
-17365.797787	2.9580991745849222e-01
-17269.321133	2.9581385561543566e-01
-17172.844479	2.9588917468375242e-01
-17076.367824	2.9590243655806658e-01
-16979.891170	2.9592764974883240e-01
-16883.414516	2.9616026549962987e-01
-16786.937861	2.9620537282585002e-01
-16690.461207	2.9631379700545024e-01
-16593.984552	2.9634149861371839e-01
-16497.507898	2.9636681422448025e-01
-16401.031244	2.9636497922893251e-01
-16304.554589	2.9644650971411363e-01
-16208.077935	2.9653367905616734e-01
-16111.601281	2.9660809211830363e-01
-16015.124626	2.9667343341733826e-01
-15918.647972	2.9671006036507452e-01
-15822.171317	2.9675276423854735e-01
-15725.694663	2.9677159762158462e-01
-15629.218009	2.9677590078258853e-01
-15532.741354	2.9681958444294926e-01
-15436.264700	2.9694094903912138e-01
-15339.788046	2.9696667743853178e-01
-15243.311391	2.9700673573577491e-01
-15146.834737	2.9718417223182131e-01
-15050.358082	2.9725232554323622e-01
-14953.881428	2.9730542116170533e-01
-14857.404774	2.9735007423320009e-01
-14760.928119	2.9743485204657111e-01
-14664.451465	2.9750290769171894e-01
-14567.974811	2.9749743638154247e-01
-14471.498156	2.9752353014788602e-01
-14375.021502	2.9753383206246142e-01
-14278.544847	2.9753793105903970e-01
-14182.068193	2.9755059875702555e-01
-14085.591539	2.9766884841247154e-01
-13989.114884	2.9769016687281868e-01
-13892.638230	2.9772504802668520e-01
-13796.161576	2.9773649797392454e-01
-13699.684921	2.9788988260915150e-01
-13603.208267	2.9799619664800375e-01
-13506.731612	2.9803155041734897e-01
-13410.254958	2.9802887597313804e-01
-13313.778304	2.9807501418745386e-01
-13217.301649	2.9808778003026676e-01
-13120.824995	2.9814218779138285e-01
-13024.348341	2.9816498311802597e-01
-12927.871686	2.9817190525037357e-01
-12831.395032	2.9818810069331331e-01
-12734.918377	2.9819575189350495e-01
-12638.441723	2.9823874436798842e-01
-12541.965069	2.9825746639478951e-01
-12445.488414	2.9827770402077480e-01
-12349.011760	2.9831000250536882e-01
-12252.535106	2.9831747119175667e-01
-12156.058451	2.9834101399298435e-01
-12059.581797	2.9851432323151278e-01
-11963.105142	2.9859528099646060e-01
-11866.628488	2.9860089551844526e-01
-11770.151834	2.9861885657093562e-01
-11673.675179	2.9866223906053613e-01
-11577.198525	2.9872173230220089e-01
-11480.721871	2.9883035574434125e-01
-11384.245216	2.9888779645311381e-01
-11287.768562	2.9890277807602600e-01
-11191.291907	2.9890153798879909e-01
-11094.815253	2.9891862793591950e-01
-10998.338599	2.9895777049681338e-01
-10901.861944	2.9903827995542515e-01
-10805.385290	2.9913646967409102e-01
-10708.908636	2.9914867490235819e-01
-10612.431981	2.9921648841854764e-01
-10515.955327	2.9921997988884574e-01
-10419.478672	2.9921183970774390e-01
-10323.002018	2.9920297029921272e-01
-10226.525364	2.9922280595894435e-01
-10130.048709	2.9931762896547459e-01
-10033.572055	2.9937549830706428e-01
-9937.095401	2.9939193694398925e-01
-9840.618746	2.9941738984080923e-01
-9744.142092	2.9942137905020433e-01
-9647.665437	2.9945059168313432e-01
-9551.188783	2.9951278171490725e-01
-9454.712129	2.9957133601105584e-01
-9358.235474	2.9959153358948426e-01
-9261.758820	2.9968624368849256e-01
-9165.282166	2.9971354410428952e-01
-9068.805511	2.9969841206964182e-01
-8972.328857	2.9970927101910050e-01
-8875.852202	2.9969672321089413e-01
-8779.375548	2.9970098973612364e-01
-8682.898894	2.9969147229315779e-01
-8586.422239	2.9973674167278880e-01
-8489.945585	2.9975025037544589e-01
-8393.468931	2.9977116784358920e-01
-8296.992276	2.9978429400251905e-01
-8200.515622	2.9978911649683704e-01
-8104.038967	2.9979262623271868e-01
-8007.562313	2.9976783224653003e-01
-7911.085659	2.9980715325998170e-01
-7814.609004	2.9982102144076384e-01
-7718.132350	2.9984778503431153e-01
-7621.655696	2.9983707982833135e-01
-7525.179041	2.9983546096020874e-01
-7428.702387	2.9982584968231391e-01
-7332.225732	2.9987570251212464e-01
-7235.749078	2.9987877471516905e-01
-7139.272424	2.9986462224685068e-01
-7042.795769	2.9988838487483582e-01
-6946.319115	2.9990406709134554e-01
-6849.842461	2.9991165966909067e-01
-6753.365806	2.9991618534029829e-01
-6656.889152	2.9999289225435100e-01
-6560.412497	2.9999298260622198e-01
-6463.935843	2.9998786712279224e-01
-6367.459189	2.9998700128952221e-01
-6270.982534	2.9999246729238516e-01
-6174.505880	3.0000139113555108e-01
-6078.029226	2.9999021637742007e-01
-5981.552571	2.9998297247498390e-01
-5885.075917	2.9996320868879445e-01
-5788.599262	2.9994785848798533e-01
-5692.122608	2.9997523823811967e-01
-5595.645954	3.0000265454508318e-01
-5499.169299	3.0001678024594758e-01
-5402.692645	3.0001200842996706e-01
-5306.215991	2.9999887792732027e-01
-5209.739336	2.9999612183144475e-01
-5113.262682	2.9998313617034611e-01
-5016.786027	2.9999028601638522e-01
-4920.309373	2.9999450968439795e-01
-4823.832719	2.9999990074183236e-01
-4727.356064	2.9998225823440078e-01
-4630.879410	3.0001413813774702e-01
-4534.402756	3.0002689919246539e-01
-4437.926101	3.0003002666973788e-01
-4341.449447	3.0005000254168235e-01
-4244.972792	3.0005264479309557e-01
-4148.496138	3.0005202651219087e-01
-4052.019484	3.0005660177933313e-01
-3955.542829	3.0006619201279605e-01
-3859.066175	3.0006874004664286e-01
-3762.589521	3.0004810858889958e-01
-3666.112866	3.0003660431962637e-01
-3569.636212	3.0002733029827178e-01
-3473.159557	3.0004477682591180e-01
-3376.682903	3.0004790416813903e-01
-3280.206249	3.0004452386719838e-01
-3183.729594	3.0005570011723953e-01
-3087.252940	3.0005524199059164e-01
-2990.776286	3.0005985623929793e-01
-2894.299631	3.0002919294058567e-01
-2797.822977	3.0003824631956572e-01
-2701.346322	3.0001783673876259e-01
-2604.869668	3.0004138232008559e-01
-2508.393014	3.0007552342388688e-01
-2411.916359	3.0018388271024382e-01
-2315.439705	3.0018523440916800e-01
-2218.963051	3.0018005176505996e-01
-2122.486396	3.0018824478266670e-01
-2026.009742	3.0018228770170563e-01
-1929.533087	3.0016357541184358e-01
-1833.056433	3.0023430555083697e-01
-1736.579779	3.0025114299414568e-01
-1640.103124	3.0024501056132247e-01
-1543.626470	3.0024308286551810e-01
-1447.149816	3.0024377495224580e-01
-1350.673161	3.0025033326201089e-01
-1254.196507	3.0030090911376289e-01
-1157.719852	3.0032871746360018e-01
-1061.243198	3.0033768554431495e-01
-964.766544	3.0033250308072201e-01
-868.289889	3.0033507359129358e-01
-771.813235	3.0032747163059959e-01
-675.336581	3.0036704823590055e-01
-578.859926	3.0038015223777553e-01
-482.383272	3.0038180361639877e-01
-385.906617	3.0043150324447193e-01
-289.429963	3.0043838256455624e-01
-192.953309	3.0044513593416422e-01
-96.476654	3.0044913596079498e-01
0.000000	3.0045611020869567e-01
96.476654	3.0046244651197945e-01
192.953309	3.0051097859367065e-01
289.429963	3.0055207053540312e-01
385.906617	3.0054719075501374e-01
482.383272	3.0059722166840741e-01
578.859926	3.0059139976275817e-01
675.336581	3.0053025354265389e-01
771.813235	3.0053176019429978e-01
868.289889	3.0053701646572906e-01
964.766544	3.0050784493001470e-01
1061.243198	3.0049289736871543e-01
1157.719852	3.0048726954887456e-01
1254.196507	3.0050472825015334e-01
1350.673161	3.0049501899462677e-01
1447.149816	3.0045142405600439e-01
1543.626470	3.0045092980370131e-01
1640.103124	3.0044324993251276e-01
1736.579779	3.0040950994315507e-01
1833.056433	3.0034573414058352e-01
1929.533087	3.0033756487470009e-01
2026.009742	3.0029447890189748e-01
2122.486396	3.0025977570613521e-01
2218.963051	3.0021904168149355e-01
2315.439705	3.0022038983523130e-01
2411.916359	3.0021649524817212e-01
2508.393014	3.0019019256715074e-01
2604.869668	3.0017946976227244e-01
2701.346322	3.0018051700903547e-01
2797.822977	3.0015350440928579e-01
2894.299631	3.0010166929642623e-01
2990.776286	3.0012537551708485e-01
3087.252940	3.0011151754973098e-01
3183.729594	3.0011622870949001e-01
3280.206249	3.0011096028822309e-01
3376.682903	3.0009845426920762e-01
3473.159557	3.0010004510402660e-01
3569.636212	3.0006583181751928e-01
3666.112866	3.0006376488152825e-01
3762.589521	3.0007940046244119e-01
3859.066175	3.0009066309801785e-01
3955.542829	3.0008753820305750e-01
4052.019484	3.0003616856806548e-01
4148.496138	3.0002046637526847e-01
4244.972792	3.0001599150474623e-01
4341.449447	2.9999697537433467e-01
4437.926101	2.9993255131700708e-01
4534.402756	2.9992017433994123e-01
4630.879410	2.9991392967246894e-01
4727.356064	2.9988039295016133e-01
4823.832719	2.9985834079499202e-01
4920.309373	2.9988951139012987e-01
5016.786027	2.9989581709458407e-01
5113.262682	2.9991659156958866e-01
5209.739336	2.9992662657838398e-01
5306.215991	2.9987084594421393e-01
5402.692645	2.9986560770072473e-01
5499.169299	2.9985080047207124e-01
5595.645954	2.9980325301225791e-01
5692.122608	2.9980373875035982e-01
5788.599262	2.9976859660084787e-01
5885.075917	2.9975548195549795e-01
5981.552571	2.9969856469934003e-01
6078.029226	2.9968610884917446e-01
6174.505880	2.9967855528041865e-01
6270.982534	2.9963693625565097e-01
6367.459189	2.9952185594441805e-01
6463.935843	2.9947941881010054e-01
6560.412497	2.9937297311087196e-01
6656.889152	2.9923336450862464e-01
6753.365806	2.9922048228856052e-01
6849.842461	2.9921033358594928e-01
6946.319115	2.9920246787272392e-01
7042.795769	2.9913145514449668e-01
7139.272424	2.9909229440869356e-01
7235.749078	2.9897207271222415e-01
7332.225732	2.9891826679758626e-01
7428.702387	2.9887136067207482e-01
7525.179041	2.9885385072896459e-01
7621.655696	2.9879469157678118e-01
7718.132350	2.9876472999840220e-01
7814.609004	2.9874697940263539e-01
7911.085659	2.9874410329912943e-01
8007.562313	2.9853905536301373e-01
8104.038967	2.9853257207388156e-01
8200.515622	2.9853089594678411e-01
8296.992276	2.9852237334849491e-01
8393.468931	2.9836538870892043e-01
8489.945585	2.9838573904670890e-01
8586.422239	2.9837965687706358e-01
8682.898894	2.9836157449510287e-01
8779.375548	2.9832785651825106e-01
8875.852202	2.9829975476488008e-01
8972.328857	2.9826724216354722e-01
9068.805511	2.9821563674927909e-01
9165.282166	2.9814237764593643e-01
9261.758820	2.9808759631574655e-01
9358.235474	2.9796326849714144e-01
9454.712129	2.9782596789304150e-01
9551.188783	2.9780601813139496e-01
9647.665437	2.9770604024716962e-01
9744.142092	2.9761644399705933e-01
9840.618746	2.9725787135563286e-01
9937.095401	2.9725491494621292e-01
10033.572055	2.9709964344316531e-01
10130.048709	2.9709908369591481e-01
10226.525364	2.9710551099954557e-01
10323.002018	2.9706915017107965e-01
10419.478672	2.9705228399721312e-01
10515.955327	2.9697080426820971e-01
10612.431981	2.9699593441655620e-01
10708.908636	2.9696058802238079e-01
10805.385290	2.9695483469641898e-01
10901.861944	2.9687562096284320e-01
10998.338599	2.9687124780010832e-01
11094.815253	2.9683371512135670e-01
11191.291907	2.9680087254716225e-01
11287.768562	2.9673274467053640e-01
11384.245216	2.9667141270720065e-01
11480.721871	2.9664817517464404e-01
11577.198525	2.9666723830596148e-01
11673.675179	2.9667302191045669e-01
11770.151834	2.9666656919484402e-01
11866.628488	2.9665512929414695e-01
11963.105142	2.9661013159066196e-01
12059.581797	2.9660150146618697e-01
12156.058451	2.9635438748655574e-01
12252.535106	2.9629555855501283e-01
12349.011760	2.9612813226595480e-01
12445.488414	2.9611572804670427e-01
12541.965069	2.9600936736905969e-01
12638.441723	2.9598491236158797e-01
12734.918377	2.9575177945255388e-01
12831.395032	2.9573111626157522e-01
12927.871686	2.9569983761908469e-01
13024.348341	2.9566225666761997e-01
13120.824995	2.9552438611257154e-01
13217.301649	2.9535080560990856e-01
13313.778304	2.9523555273314317e-01
13410.254958	2.9501016039029920e-01
13506.731612	2.9500134389096566e-01
13603.208267	2.9500768208987116e-01
13699.684921	2.9479140397665365e-01
13796.161576	2.9450925332267924e-01
13892.638230	2.9448821969308792e-01
13989.114884	2.9437187709608859e-01
14085.591539	2.9434156935844480e-01
14182.068193	2.9395781507821750e-01
14278.544847	2.9375323325956126e-01
14375.021502	2.9360196254733378e-01
14471.498156	2.9342968501105832e-01
14567.974811	2.9341324890852505e-01
14664.451465	2.9339619804774292e-01
14760.928119	2.9328232896930728e-01
14857.404774	2.9316328950217269e-01
14953.881428	2.9316683159057955e-01
15050.358082	2.9315912749648487e-01
15146.834737	2.9303217785961966e-01
15243.311391	2.9294028219439627e-01
15339.788046	2.9294759880654575e-01
15436.264700	2.9290512218044507e-01
15532.741354	2.9262866826093664e-01
15629.218009	2.9257570028231478e-01
15725.694663	2.9255782681063530e-01
15822.171317	2.9256885592304865e-01
15918.647972	2.9255631493492001e-01
16015.124626	2.9238090339230116e-01
16111.601281	2.9216944543700052e-01
16208.077935	2.9217941331159364e-01
16304.554589	2.9203797225426864e-01
16401.031244	2.9200723385974603e-01
16497.507898	2.9197084488221442e-01
16593.984552	2.9193391510570194e-01
16690.461207	2.9144196012819612e-01
16786.937861	2.9136295316078897e-01
16883.414516	2.9132289608290951e-01
16979.891170	2.9120569649722305e-01
17076.367824	2.9057159913451552e-01
17172.844479	2.8983703162778796e-01
17269.321133	2.8978168321409864e-01
17365.797787	2.8973051129987953e-01
17462.274442	2.8963735640129540e-01
17558.751096	2.8963593540568033e-01
17655.227751	2.8941526297812176e-01
17751.704405	2.8942077637748237e-01
17848.181059	2.8938598578588259e-01
17944.657714	2.8925053763385167e-01
18041.134368	2.8924433925013454e-01
18137.611022	2.8921628706000163e-01
18234.087677	2.8920951134255041e-01
18330.564331	2.8918422617340189e-01
18427.040986	2.8912302322751110e-01
18523.517640	2.8903402488477897e-01
18619.994294	2.8897474390508365e-01
18716.470949	2.8852303276772256e-01
18812.947603	2.8835411609454459e-01
18909.424257	2.8818204579320439e-01
19005.900912	2.8817429862459770e-01
19102.377566	2.8813718396485771e-01
19198.854221	2.8812139384841756e-01
19295.330875	2.8809452861495505e-01
19391.807529	2.8785354137573282e-01
19488.284184	2.8784519540757963e-01
19584.760838	2.8781376415337501e-01
19681.237492	2.8779592004110532e-01
19777.714147	2.8778353224180508e-01
19874.190801	2.8776520431256780e-01
19970.667456	2.8765165067751464e-01
20067.144110	2.8762031570052055e-01
20163.620764	2.8734330942976283e-01
20260.097419	2.8719381331346644e-01
20356.574073	2.8713615517666657e-01
20453.050727	2.8704819060826470e-01
20549.527382	2.8689407490506513e-01
20646.004036	2.8686460650763956e-01
20742.480691	2.8657943256014989e-01
20838.957345	2.8648724612800153e-01
20935.433999	2.8630716045074744e-01
21031.910654	2.8601974842222344e-01
21128.387308	2.8593808779199503e-01
21224.863962	2.8585292736822943e-01
21321.340617	2.8576753046058034e-01
21417.817271	2.8557166416167240e-01
21514.293926	2.8532286815039060e-01
21610.770580	2.8467552836975646e-01
21707.247234	2.8453430175575195e-01
21803.723889	2.8446235457625030e-01
21900.200543	2.8439115276092725e-01
21996.677197	2.8436218700896365e-01
22093.153852	2.8423771825180577e-01
22189.630506	2.8421661073280829e-01
22286.107161	2.8419798120328410e-01
22382.583815	2.8386779894253061e-01
22479.060469	2.8362088460196089e-01
22575.537124	2.8352786932257773e-01
22672.013778	2.8341652417715385e-01
22768.490432	2.8336793276022715e-01
22864.967087	2.8317502984380732e-01
22961.443741	2.8275137027847003e-01
23057.920396	2.8261880254301230e-01
23154.397050	2.8250454430811778e-01
23250.873704	2.8248441863696228e-01
23347.350359	2.8164869533374198e-01
23443.827013	2.8148038262908714e-01
23540.303667	2.8118259732070372e-01
23636.780322	2.8084465860730584e-01
23733.256976	2.8064218835111143e-01
23829.733631	2.8047633975062836e-01
23926.210285	2.8038643766097654e-01
24022.686939	2.8035121600372870e-01
24119.163594	2.8002378841131670e-01
24215.640248	2.7984966820200313e-01
24312.116902	2.7967824943582598e-01
24408.593557	2.7960559199998930e-01
24505.070211	2.7959158237491166e-01
24601.546866	2.7922924896167406e-01
24698.023520	2.7902711889188769e-01
24794.500174	2.7894700638028791e-01
24890.976829	2.7879107645137097e-01
24987.453483	2.7854879029502666e-01
25083.930137	2.7845900955544656e-01
25180.406792	2.7842608335525021e-01
25276.883446	2.7807456789039786e-01
25373.360101	2.7658749526223853e-01
25469.836755	2.7652919302723417e-01
25566.313409	2.7639170778460920e-01
25662.790064	2.7629595332224588e-01
25759.266718	2.7608456395417730e-01
25855.743372	2.7605230603827319e-01
25952.220027	2.7569222628757084e-01
26048.696681	2.7549520645757825e-01
26145.173336	2.7548707454983118e-01
26241.649990	2.7539265425319620e-01
26338.126644	2.7490894881706146e-01
26434.603299	2.7447357581821447e-01
26531.079953	2.7437876714164600e-01
26627.556607	2.7426876500947539e-01
26724.033262	2.7425655108875141e-01
26820.509916	2.7403001708087554e-01
26916.986571	2.7381025955458832e-01
27013.463225	2.7375754281238612e-01
27109.939879	2.7340008875610983e-01
27206.416534	2.7311099310610143e-01
27302.893188	2.7290973330672819e-01
27399.369842	2.7248567355428882e-01
27495.846497	2.7227506721715888e-01
27592.323151	2.7125957545546964e-01
27688.799806	2.7103440422600023e-01
27785.276460	2.7060794052658282e-01
27881.753114	2.6970320365384809e-01
27978.229769	2.6912128913228728e-01
28074.706423	2.6872158303387533e-01
28171.183077	2.6818883034764185e-01
28267.659732	2.6818804472469987e-01
28364.136386	2.6749390634564812e-01
28460.613041	2.6722234240274850e-01
28557.089695	2.6653742028461463e-01
28653.566349	2.6644292008277387e-01
28750.043004	2.6602302208017337e-01
28846.519658	2.6597650223228919e-01
28942.996312	2.6581004388489671e-01
29039.472967	2.6580684790219178e-01
29135.949621	2.6343909905103075e-01
29232.426276	2.6288886069686063e-01
29328.902930	2.6122946058767754e-01
29425.379584	2.6078837257350285e-01
29521.856239	2.6014247640113858e-01
29618.332893	2.5977278834218054e-01
29714.809547	2.5950326236598426e-01
29811.286202	2.5876685992642157e-01
29907.762856	2.5872032771557285e-01
30004.239511	2.5808110398868656e-01
30100.716165	2.5800851903167105e-01
30197.192819	2.5710688946337573e-01
30293.669474	2.5701530602685124e-01
30390.146128	2.5701415161143121e-01
30486.622782	2.5545947648879347e-01
30583.099437	2.5466718334476957e-01
30679.576091	2.5437033351804572e-01
30776.052746	2.5402086631248627e-01
30872.529400	2.5394096525247511e-01
30969.006054	2.5282040826964691e-01
31065.482709	2.5223687690657637e-01
31161.959363	2.5216358913357045e-01
31258.436017	2.5076371201148023e-01
31354.912672	2.5061341771298046e-01
31451.389326	2.4993505062854232e-01
31547.865981	2.4963188604069533e-01
31644.342635	2.4831521102438411e-01
31740.819289	2.4827488457445920e-01
31837.295944	2.4809472932283541e-01
31933.772598	2.4800125827249217e-01
32030.249252	2.4797838545553993e-01
32126.725907	2.4724169163467455e-01
32223.202561	2.4509997917240078e-01
32319.679215	2.4496447870700749e-01
32416.155870	2.4397235731364678e-01
32512.632524	2.4266784515636880e-01
32609.109179	2.4212842679356666e-01
32705.585833	2.4107540873592043e-01
32802.062487	2.4084094536508960e-01
32898.539142	2.4021959225647546e-01
32995.015796	2.3837582432807575e-01
33091.492450	2.3781876342302247e-01
33187.969105	2.3707969178736543e-01
33284.445759	2.3692602754010320e-01
33380.922414	2.3567616671363958e-01
33477.399068	2.3554056800039411e-01
33573.875722	2.3511568459581611e-01
33670.352377	2.3479010655276158e-01
33766.829031	2.3454485833791369e-01
33863.305685	2.3432418096720914e-01
33959.782340	2.3405244077029777e-01
34056.258994	2.3389742101599609e-01
34152.735649	2.3343608801167734e-01
34249.212303	2.3140496275088090e-01
34345.688957	2.3132713829539958e-01
34442.165612	2.3129679167503694e-01
34538.642266	2.3066370554166282e-01
34635.118920	2.3063776471385888e-01
34731.595575	2.2959584095659882e-01
34828.072229	2.2910454400007960e-01
34924.548884	2.2888246995848166e-01
35021.025538	2.2829470316199499e-01
35117.502192	2.2803731401816055e-01
35213.978847	2.2711268601769069e-01
35310.455501	2.2503775584886146e-01
35406.932155	2.2481853316344921e-01
35503.408810	2.2465614773589387e-01
35599.885464	2.2431544729592759e-01
35696.362119	2.2253752390812348e-01
35792.838773	2.2185384346814238e-01
35889.315427	2.2117318928852675e-01
35985.792082	2.1959327692698477e-01
36082.268736	2.1871598870013872e-01
36178.745390	2.1821653630872304e-01
36275.222045	2.1608255186122469e-01
36371.698699	2.1565100955328201e-01
36468.175354	2.1474860803645882e-01
36564.652008	2.1461642445283247e-01
36661.128662	2.1352955721932276e-01
36757.605317	2.1338338535415685e-01
36854.081971	2.1286501949151906e-01
36950.558625	2.1273102228385349e-01
37047.035280	2.1266120789952511e-01
37143.511934	2.1242636464888920e-01
37239.988589	2.1241548496243820e-01
37336.465243	2.1238457389570994e-01
37432.941897	2.1228014223650421e-01
37529.418552	2.1206141972823134e-01
37625.895206	2.1172341624831095e-01
37722.371860	2.1143036420438058e-01
37818.848515	2.1139213297380607e-01
37915.325169	2.1135972951798615e-01
38011.801824	2.1110826997999477e-01
38108.278478	2.1090048966677377e-01
38204.755132	2.1081352824339802e-01
38301.231787	2.1061422699485005e-01
38397.708441	2.0995163340149503e-01
38494.185095	2.0972014758383964e-01
38590.661750	2.0954194205175444e-01
38687.138404	2.0865232597730968e-01
38783.615059	2.0849380108592980e-01
38880.091713	2.0843919475171194e-01
38976.568367	2.0817671834193893e-01
39073.045022	2.0800328839044968e-01
39169.521676	2.0786961693958447e-01
39265.998330	2.0748945992476001e-01
39362.474985	2.0734053223232993e-01
39458.951639	2.0676862260350143e-01
39555.428294	2.0649221191645925e-01
39651.904948	2.0618613070823191e-01
39748.381602	2.0611954063962101e-01
39844.858257	2.0609246199630527e-01
39941.334911	2.0592434709528018e-01
40037.811565	2.0589648016044781e-01
40134.288220	2.0555768665731880e-01
40230.764874	2.0471766079716591e-01
40327.241529	2.0407488091643214e-01
40423.718183	2.0381923633212418e-01
40520.194837	2.0342311693107698e-01
40616.671492	2.0286247779307962e-01
40713.148146	2.0249959138124687e-01
40809.624800	2.0199340719893968e-01
40906.101455	2.0186537927470957e-01
41002.578109	2.0124901402760947e-01
41099.054764	2.0103280172784455e-01
41195.531418	2.0082646468673190e-01
41292.008072	2.0077013294678181e-01
41388.484727	2.0056539707107141e-01
41484.961381	2.0036113960260324e-01
41581.438035	1.9980418390401841e-01
41677.914690	1.9951307515965258e-01
41774.391344	1.9949139289618972e-01
41870.867999	1.9943201197003144e-01
41967.344653	1.9914086022584318e-01
42063.821307	1.9877462241502622e-01
42160.297962	1.9870560751593183e-01
42256.774616	1.9845094237307184e-01
42353.251270	1.9829725028999379e-01
42449.727925	1.9796327103411410e-01
42546.204579	1.9787715877932457e-01
42642.681234	1.9753990980930472e-01
42739.157888	1.9732794953210370e-01
42835.634542	1.9701426064461777e-01
42932.111197	1.9695357335710623e-01
43028.587851	1.9655702141416323e-01
43125.064505	1.9648857169033301e-01
43221.541160	1.9636360496873304e-01
43318.017814	1.9630701464708822e-01
43414.494469	1.9563998025912172e-01
43510.971123	1.9557976908245817e-01
43607.447777	1.9555903537338234e-01
43703.924432	1.9493233755354650e-01
43800.401086	1.9471512584346398e-01
43896.877740	1.9452243463916402e-01
43993.354395	1.9407733749009684e-01
44089.831049	1.9403784309262370e-01
44186.307704	1.9392284658741132e-01
44282.784358	1.9379656140436052e-01
44379.261012	1.9360128179161246e-01
44475.737667	1.9351412008948346e-01
44572.214321	1.9286978269379959e-01
44668.690975	1.9221252330711924e-01
44765.167630	1.9208684838530632e-01
44861.644284	1.9100146340194543e-01
44958.120939	1.9053655717043050e-01
45054.597593	1.9049799848949864e-01
45151.074247	1.8949608303010129e-01
45247.550902	1.8829622562053680e-01
45344.027556	1.8790278349404463e-01
45440.504210	1.8722740936794594e-01
45536.980865	1.8530176567665227e-01
45633.457519	1.8507221848443461e-01
45729.934174	1.8438487586555011e-01
45826.410828	1.8432141696106727e-01
45922.887482	1.8427426573035346e-01
46019.364137	1.8393966598617953e-01
46115.840791	1.8358885917827356e-01
46212.317445	1.8313472646255929e-01
46308.794100	1.8276452484849406e-01
46405.270754	1.8262073166388060e-01
46501.747409	1.8178972896705189e-01
46598.224063	1.8158661792670644e-01
46694.700717	1.8100237260746629e-01
46791.177372	1.7903938260001856e-01
46887.654026	1.7879358679798732e-01
46984.130680	1.7866412853301700e-01
47080.607335	1.7809503095203591e-01
47177.083989	1.7799175959412911e-01
47273.560644	1.7690946431294646e-01
47370.037298	1.7578395148180756e-01
47466.513952	1.7573327792317037e-01
47562.990607	1.7519930022989791e-01
47659.467261	1.7468098078756500e-01
47755.943915	1.7370416667722377e-01
47852.420570	1.7346430797923124e-01
47948.897224	1.7316713338280015e-01
48045.373879	1.7262874188105901e-01
48141.850533	1.7258113822913110e-01
48238.327187	1.7237556169036264e-01
48334.803842	1.7219977452246668e-01
48431.280496	1.7205952622718160e-01
48527.757150	1.7145792641776322e-01
48624.233805	1.7071601838596781e-01
48720.710459	1.7059611479622744e-01
48817.187114	1.6924720679257080e-01
48913.663768	1.6888123546858677e-01
49010.140422	1.6868745335041926e-01
49106.617077	1.6784525005927153e-01
49203.093731	1.6599130652011157e-01
49299.570385	1.6555133807166525e-01
49396.047040	1.6501141723757723e-01
49492.523694	1.6343663091069352e-01
49589.000349	1.6289447696078407e-01
49685.477003	1.6004061197403294e-01
49781.953657	1.5730539235216778e-01
49878.430312	1.5703859399271794e-01
49974.906966	1.5647781896406351e-01
50071.383620	1.5586989874259990e-01
50167.860275	1.5551850475746229e-01
50264.336929	1.5446501938060292e-01
50360.813584	1.5439506931675506e-01
50457.290238	1.5420935047040416e-01
50553.766892	1.5303982781156200e-01
50650.243547	1.5236473597916730e-01
50746.720201	1.5130475493845363e-01
50843.196855	1.4911200292496155e-01
50939.673510	1.4900731881285595e-01
51036.150164	1.4572347687255952e-01
51132.626819	1.4471717309491847e-01
51229.103473	1.4459045381422359e-01
51325.580127	1.4392700297780378e-01
51422.056782	1.4371231451357372e-01
51518.533436	1.4267392967722564e-01
51615.010090	1.3839406340162297e-01
51711.486745	1.3759136389224191e-01
51807.963399	1.3587025136503289e-01
51904.440054	1.3564234311640466e-01
52000.916708	1.3501020222549490e-01
52097.393362	1.3428327382914662e-01
52193.870017	1.3398115261176113e-01
52290.346671	1.3372349447434570e-01
52386.823325	1.3228155899390559e-01
52483.299980	1.3215953492776175e-01
52579.776634	1.3108789902449161e-01
52676.253289	1.3074477110821522e-01
52772.729943	1.2937110587167636e-01
52869.206597	1.2925163167556705e-01
52965.683252	1.2886976313754819e-01
53062.159906	1.2877723126442567e-01
53158.636560	1.2781979576494082e-01
53255.113215	1.2753242034546883e-01
53351.589869	1.2685406921056411e-01
53448.066524	1.2139986229856399e-01
53544.543178	1.2101168723395871e-01
53641.019832	1.2086223907278841e-01
53737.496487	1.2061866704313709e-01
53833.973141	1.2016422622069642e-01
53930.449795	1.1996351016465584e-01
54026.926450	1.1944725324754742e-01
54123.403104	1.1831350077525826e-01
54219.879759	1.1826207213566386e-01
54316.356413	1.1745088375598116e-01
54412.833067	1.1739802860737789e-01
54509.309722	1.1682218895147130e-01
54605.786376	1.1645582884715382e-01
54702.263030	1.1629086287423226e-01
54798.739685	1.1590121958522441e-01
54895.216339	1.1563491307040068e-01
54991.692994	1.1543719910015496e-01
55088.169648	1.1533166854320728e-01
55184.646302	1.1500885417272101e-01
55281.122957	1.1431259196906804e-01
55377.599611	1.1422325945899030e-01
55474.076265	1.1347304069324109e-01
55570.552920	1.1243298979234539e-01
55667.029574	1.1141276793872427e-01
55763.506229	1.1114021893072998e-01
55859.982883	1.1022859248820625e-01
55956.459537	1.0973657028002416e-01
56052.936192	1.0870644500336465e-01
56149.412846	1.0861334055992700e-01
56245.889500	1.0858358218898288e-01
56342.366155	1.0783516544335547e-01
56438.842809	1.0758507538369798e-01
56535.319464	1.0707202622285736e-01
56631.796118	1.0692963972255577e-01
56728.272772	1.0652582799797744e-01
56824.749427	1.0649210552465502e-01
56921.226081	1.0509927088057136e-01
57017.702735	1.0493490048880383e-01
57114.179390	1.0340541780494204e-01
57210.656044	1.0285432033566153e-01
57307.132699	1.0136629758673738e-01
57403.609353	1.0129201922748041e-01
57500.086007	1.0088362614614815e-01
57596.562662	1.0052869655173470e-01
57693.039316	1.0047230490845459e-01
57789.515970	1.0043512579531928e-01
57885.992625	1.0029554950400564e-01
57982.469279	1.0012374616988365e-01
58078.945934	9.9802507137659535e-02
58175.422588	9.9416455906432166e-02
58271.899242	9.8833328994951272e-02
58368.375897	9.8790459524588647e-02
58464.852551	9.8646114243930355e-02
58561.329205	9.8196878960776127e-02
58657.805860	9.6436134447893562e-02
58754.282514	9.5287472435786086e-02
58850.759169	9.5144102364922489e-02
58947.235823	9.4706984929214172e-02
59043.712477	9.4654655666047000e-02
59140.189132	9.4421213969748327e-02
59236.665786	9.4375287833858928e-02
59333.142440	9.3973715790008724e-02
59429.619095	9.3893147169516786e-02
59526.095749	9.3629702724209604e-02
59622.572404	9.2603778546685306e-02
59719.049058	9.2411311750878924e-02
59815.525712	9.2101780998955204e-02
59912.002367	9.0644112919051237e-02
60008.479021	9.0302064301732640e-02
60104.955675	8.9950624522379341e-02
60201.432330	8.9912908147293358e-02
60297.908984	8.9569112995963929e-02
60394.385639	8.8311778571244615e-02
60490.862293	8.8018703514344862e-02
60587.338947	8.7394879889382840e-02
60683.815602	8.6151413771041518e-02
60780.292256	8.6072284272785460e-02
60876.768910	8.3980078039068401e-02
60973.245565	8.3548422758635776e-02
61069.722219	8.3368712711734280e-02
61166.198874	8.2719904502984262e-02
61262.675528	8.1201605317910291e-02
61359.152182	8.0073070113912737e-02
61455.628837	7.9450671917079968e-02
61552.105491	7.9305543815080523e-02
61648.582145	7.9180890190143863e-02
61745.058800	7.8654155478993848e-02
61841.535454	7.8486212559627358e-02
61938.012109	7.7863680552076098e-02
62034.488763	7.7620905651418257e-02
62130.965417	7.7401906364548814e-02
62227.442072	7.6690836998598397e-02
62323.918726	7.6347221303359913e-02
62420.395380	7.6061424003917327e-02
62516.872035	7.5916910315207295e-02
62613.348689	7.5722847230323576e-02
62709.825344	7.4558307217122477e-02
62806.301998	7.4464634955777084e-02
62902.778652	7.3941265421094887e-02
62999.255307	7.3128803907433135e-02
63095.731961	7.2245474482946603e-02
63192.208615	7.1961362824430802e-02
63288.685270	7.1782519222477997e-02
63385.161924	7.1574653769248209e-02
63481.638579	7.0551881644726325e-02
63578.115233	7.0482999631487797e-02
63674.591887	6.9995890601692839e-02
63771.068542	6.8227603048738011e-02
63867.545196	6.7837541531811360e-02
63964.021850	6.7774810582435771e-02
64060.498505	6.7090135124354452e-02
64156.975159	6.6750113881646728e-02
64253.451813	6.5819676246907710e-02
64349.928468	6.5555439423113523e-02
64446.405122	6.4915268806319759e-02
64542.881777	6.4072767431405525e-02
64639.358431	6.3264693889097612e-02
64735.835085	6.3219382008139161e-02
64832.311740	6.2698470608425344e-02
64928.788394	6.2207576257501909e-02
65025.265048	6.2121740863828365e-02
65121.741703	6.1629251851457151e-02
65218.218357	6.0729104370432614e-02
65314.695012	6.0552775949635845e-02
65411.171666	6.0356663721885341e-02
65507.648320	6.0078593648797654e-02
65604.124975	5.9835723798257141e-02
65700.601629	5.9702853072681715e-02
65797.078283	5.9552182996835581e-02
65893.554938	5.9500611156128140e-02
65990.031592	5.9378180466966669e-02
66086.508247	5.9178733302626192e-02
66182.984901	5.9053142400238859e-02
66279.461555	5.8739398410124322e-02
66375.938210	5.8143396840957873e-02
66472.414864	5.7641399576618416e-02
66568.891518	5.5916497645486250e-02
66665.368173	5.5829389716698027e-02
66761.844827	5.4839787762952286e-02
66858.321482	5.4738366400967714e-02
66954.798136	5.4177561049643636e-02
67051.274790	5.3593651345694417e-02
67147.751445	5.3417367156733550e-02
67244.228099	5.3279912999607985e-02
67340.704753	5.3041768801783608e-02
67437.181408	5.2956757477211527e-02
67533.658062	5.2546902179810791e-02
67630.134717	5.2283622201881742e-02
67726.611371	5.2053347813255213e-02
67823.088025	5.1859582089633947e-02
67919.564680	5.1356010973285737e-02
68016.041334	5.0912154507849694e-02
68112.517988	4.9441377388768644e-02
68208.994643	4.8765942255087728e-02
68305.471297	4.7824652931373314e-02
68401.947952	4.7454602878173519e-02
68498.424606	4.7272196412561800e-02
68594.901260	4.7071490084045653e-02
68691.377915	4.6682093919328017e-02
68787.854569	4.6409962570593197e-02
68884.331223	4.6144272040518533e-02
68980.807878	4.5848131765379489e-02
69077.284532	4.5734165761769051e-02
69173.761187	4.4463099771536424e-02
69270.237841	4.4328936237803242e-02
69366.714495	4.3841185593056317e-02
69463.191150	4.3445908306915366e-02
69559.667804	4.2587427077359373e-02
69656.144458	4.2513977319177061e-02
69752.621113	4.2077556107224169e-02
69849.097767	4.1826783939035557e-02
69945.574422	4.1767357014087396e-02
70042.051076	4.1631060911982022e-02
70138.527730	4.1397568953035493e-02
70235.004385	4.1081000130781010e-02
70331.481039	4.0558112840852305e-02
70427.957693	4.0323038458726687e-02
70524.434348	3.9933218381095592e-02
70620.911002	3.9628643636131479e-02
70717.387657	3.9019417504344900e-02
70813.864311	3.8906243026892204e-02
70910.340965	3.8731691194568145e-02
71006.817620	3.7733316027161241e-02
71103.294274	3.7606831413646978e-02
71199.770928	3.7550384684994186e-02
71296.247583	3.6784272669226369e-02
71392.724237	3.6309131468570885e-02
71489.200892	3.6217812694382456e-02
71585.677546	3.6003407095731937e-02
71682.154200	3.4565158756139830e-02
71778.630855	3.4216106186063966e-02
71875.107509	3.4055835286673525e-02
71971.584163	3.3921890865616103e-02
72068.060818	3.3480076099686777e-02
72164.537472	3.3024146458183488e-02
72261.014127	3.2371553808230792e-02
72357.490781	3.1752990143372233e-02
72453.967435	3.1436714741371240e-02
72550.444090	3.0498695037391443e-02
72646.920744	2.9046319048582299e-02
72743.397398	2.8973470962249046e-02
72839.874053	2.8762923003800664e-02
72936.350707	2.8539358703080879e-02
73032.827362	2.8296225181203408e-02
73129.304016	2.8094542131034028e-02
73225.780670	2.7463192049479047e-02
73322.257325	2.6998997860970375e-02
73418.733979	2.6665235341708317e-02
73515.210633	2.5808839217041940e-02
73611.687288	2.4559232038357252e-02
73708.163942	2.4323366719432880e-02
73804.640597	2.3846156188715596e-02
73901.117251	2.2999978978489481e-02
73997.593905	2.2047180169722288e-02
74094.070560	2.2002753439193244e-02
74190.547214	2.0655083002811162e-02
74287.023868	2.0105318179567951e-02
74383.500523	1.9956671295391276e-02
74479.977177	1.9110289706876355e-02
74576.453832	1.7527034971717009e-02
74672.930486	1.6303754271359053e-02
74769.407140	1.4736696515587584e-02
74865.883795	1.4490957170585281e-02
74962.360449	1.2918866599370769e-02
75058.837103	1.2431756495231852e-02
75155.313758	1.1960179141043973e-02
75251.790412	1.1781016023598857e-02
75348.267067	1.1197464914418566e-02
75444.743721	1.1134593043317390e-02
75541.220375	1.0406418747504137e-02
75637.697030	1.0369758391945346e-02
75734.173684	9.8746647608990365e-03
75830.650338	9.1975594900070672e-03
75927.126993	8.9604806749648963e-03
76023.603647	8.5533463499735500e-03
76120.080302	8.2612259070210005e-03
76216.556956	7.7347218877102343e-03
76313.033610	7.3129617414245292e-03
76409.510265	6.5608496385464324e-03
76505.986919	6.3612103713010177e-03
76602.463573	6.2038135416255333e-03
76698.940228	6.1189326835510323e-03
76795.416882	6.0400809849966985e-03
76891.893537	2.9693866110042698e-03
76988.370191	2.0572463079853468e-03
77084.846845	1.3769476263552948e-03
77181.323500	1.3237454030467254e-03
77277.800154	7.4540594025719132e-04
77374.276808	6.9070920071165765e-04
