-50876.128798	1.4107467658660129e-04
-50794.202665	8.6117490199992650e-04
-50712.276531	1.3495407463627574e-03
-50630.350398	6.2753327138179976e-03
-50548.424265	9.2725583860837554e-03
-50466.498131	1.0530818620383159e-02
-50384.571998	1.1438604542846557e-02
-50302.645865	1.1576496075372670e-02
-50220.719731	1.2298511460960636e-02
-50138.793598	1.3024357166896568e-02
-50056.867465	1.3020526846548655e-02
-49974.941331	1.3225448985163760e-02
-49893.015198	1.4077695262581959e-02
-49811.089065	1.5590671800020973e-02
-49729.162932	1.5998600917077308e-02
-49647.236798	1.9283100615441712e-02
-49565.310665	2.1673220512560550e-02
-49483.384532	2.1663644711690685e-02
-49401.458398	2.3278124738350288e-02
-49319.532265	2.6505169631494414e-02
-49237.606132	2.6507084791668398e-02
-49155.679998	2.6648806644542205e-02
-49073.753865	2.7374652350476827e-02
-48991.827732	2.7663841536746284e-02
-48909.901598	2.9033181061134828e-02
-48827.975465	3.0728097815098301e-02
-48746.049332	3.1467349642250751e-02
-48664.123198	3.4022173314326720e-02
-48582.197065	3.4008767193108941e-02
-48500.270932	3.4744188699913428e-02
-48418.344798	3.4788237383914726e-02
-48336.418665	3.6450596414920690e-02
-48254.492532	3.7538407393735658e-02
-48172.566398	3.9480379810141276e-02
-48090.640265	4.1077623395232236e-02
-48008.714132	4.4408086937766073e-02
-47926.787998	4.5748699059545081e-02
-47844.861865	4.5859778349635366e-02
-47762.935732	4.6938013527580473e-02
-47681.009598	4.9988696033955685e-02
-47599.083465	5.2286375890127017e-02
-47517.157332	5.3410167594906272e-02
-47435.231198	5.4564717845665731e-02
-47353.305065	5.4549465065525028e-02
-47271.378932	5.4667909095416654e-02
-47189.452798	5.5282318428170094e-02
-47107.526665	5.5580386578268859e-02
-47025.600532	5.7109985859590449e-02
-46943.674398	5.7198267712040840e-02
-46861.748265	6.0306274959054045e-02
-46779.822132	6.0322213628289899e-02
-46697.895998	6.0928365951808255e-02
-46615.969865	6.0932813660000286e-02
-46534.043732	6.1293279346961785e-02
-46452.117598	6.2456312192154605e-02
-46370.191465	6.3235477348565675e-02
-46288.265332	6.3572091677753989e-02
-46206.339198	6.3939110160865745e-02
-46124.413065	6.4894365955888184e-02
-46042.486932	6.5508780793247928e-02
-45960.560798	6.5845679137526147e-02
-45878.634665	6.6154054645089111e-02
-45796.708532	6.7893930680756623e-02
-45714.782398	6.7949718744750712e-02
-45632.856265	6.7972999320038238e-02
-45550.930132	6.7974392994119295e-02
-45469.003998	6.8547483437728068e-02
-45387.077865	7.1975568100438966e-02
-45305.151732	7.1943616817381387e-02
-45223.225598	7.1877613668783466e-02
-45141.299465	7.2175210567040252e-02
-45059.373332	7.7934646096761442e-02
-44977.447198	7.8074929545914371e-02
-44895.521065	7.9326718247705180e-02
-44813.594932	8.1696859146009174e-02
-44731.668798	8.2847221993330972e-02
-44649.742665	8.3052848288041978e-02
-44567.816532	8.3071631858747053e-02
-44485.890398	8.3999516514660130e-02
-44403.964265	8.5679363158486413e-02
-44322.038132	8.8836713399626913e-02
-44240.111998	9.5423940161400114e-02
-44158.185865	9.6387861220862278e-02
-44076.259732	9.6728047380093662e-02
-43994.333598	9.9051009627303468e-02
-43912.407465	1.0169926502902889e-01
-43830.481332	1.0176676364907558e-01
-43748.555198	1.0407146774880105e-01
-43666.629065	1.0545520335740810e-01
-43584.702932	1.0576360050493495e-01
-43502.776798	1.0671274424559772e-01
-43420.850665	1.0852756948863967e-01
-43338.924532	1.0917857913806925e-01
-43256.998398	1.1090834315313873e-01
-43175.072265	1.1097104278765436e-01
-43093.146132	1.1320147273028285e-01
-43011.219998	1.1629010374630618e-01
-42929.293865	1.1661328086878232e-01
-42847.367732	1.1725375213642189e-01
-42765.441598	1.1733549623380062e-01
-42683.515465	1.1712684167934813e-01
-42601.589332	1.1770645978758207e-01
-42519.663198	1.1752496000265773e-01
-42437.737065	1.1778303043075707e-01
-42355.810932	1.1899423561445731e-01
-42273.884798	1.1946814399309312e-01
-42191.958665	1.2095710040166564e-01
-42110.032532	1.2184558733963920e-01
-42028.106398	1.2222592193671061e-01
-41946.180265	1.2281411654112537e-01
-41864.254132	1.2297729449122598e-01
-41782.327998	1.2459841435805563e-01
-41700.401865	1.2450144363557587e-01
-41618.475732	1.2449664559953226e-01
-41536.549598	1.2454624720663014e-01
-41454.623465	1.2560798029325893e-01
-41372.697332	1.2676189241538852e-01
-41290.771198	1.2741376065326021e-01
-41208.845065	1.2752132729662607e-01
-41126.918932	1.2844108087206396e-01
-41044.992798	1.2904734414745905e-01
-40963.066665	1.2880658580066778e-01
-40881.140532	1.2871766524784400e-01
-40799.214398	1.2930743468837438e-01
-40717.288265	1.2944576989005901e-01
-40635.362132	1.2977781417688430e-01
-40553.435999	1.3038264695389340e-01
-40471.509865	1.3076298744674789e-01
-40389.583732	1.3160099546131901e-01
-40307.657599	1.3287789466980698e-01
-40225.731465	1.3356126405857305e-01
-40143.805332	1.3402409230990250e-01
-40061.879199	1.3433770305144269e-01
-39979.953065	1.3499230068783183e-01
-39898.026932	1.3735394026952069e-01
-39816.100799	1.3775289612741679e-01
-39734.174665	1.3788359922445598e-01
-39652.248532	1.3799805291297990e-01
-39570.322399	1.3816885458781553e-01
-39488.396265	1.3817304246082998e-01
-39406.470132	1.3832010315044713e-01
-39324.543999	1.3889466566552494e-01
-39242.617865	1.3963045015362699e-01
-39160.691732	1.3973935112157754e-01
-39078.765599	1.4104643313984716e-01
-38996.839465	1.4142668362673291e-01
-38914.913332	1.4141926903576993e-01
-38832.987199	1.4278014432955927e-01
-38751.061065	1.4285571822557383e-01
-38669.134932	1.4360390603172851e-01
-38587.208799	1.4371388649665587e-01
-38505.282665	1.4386837805698260e-01
-38423.356532	1.4437856287416478e-01
-38341.430399	1.4497732162878094e-01
-38259.504265	1.4573557178430932e-01
-38177.578132	1.4616471295145689e-01
-38095.651999	1.4632668379600391e-01
-38013.725865	1.4613124289183443e-01
-37931.799732	1.4914583022033265e-01
-37849.873599	1.4945400793937758e-01
-37767.947465	1.5082308523854315e-01
-37686.021332	1.5288804616442797e-01
-37604.095199	1.5372526001935355e-01
-37522.169065	1.5672074483835224e-01
-37440.242932	1.5680396339983615e-01
-37358.316799	1.5697950171128386e-01
-37276.390665	1.5696101870713658e-01
-37194.464532	1.5922114404626977e-01
-37112.538399	1.5963906113584689e-01
-37030.612265	1.6024661475994173e-01
-36948.686132	1.6025637742610446e-01
-36866.759999	1.6052746513019564e-01
-36784.833865	1.6134714533482925e-01
-36702.907732	1.6185734819592212e-01
-36620.981599	1.6245032792423789e-01
-36539.055465	1.6253273466420987e-01
-36457.129332	1.6248611080076553e-01
-36375.203199	1.6335567738047382e-01
-36293.277065	1.6357362666625469e-01
-36211.350932	1.6374241927961455e-01
-36129.424799	1.6398408023945632e-01
-36047.498665	1.6422378654634581e-01
-35965.572532	1.6499840739531996e-01
-35883.646399	1.6663850781904671e-01
-35801.720265	1.6667662835039737e-01
-35719.794132	1.6699152961513236e-01
-35637.867999	1.6697964436959925e-01
-35555.941865	1.6733867878749167e-01
-35474.015732	1.6796339582160250e-01
-35392.089599	1.6869420882650601e-01
-35310.163465	1.6866489123775016e-01
-35228.237332	1.7055067197475149e-01
-35146.311199	1.7205482073757272e-01
-35064.385065	1.7243501861506946e-01
-34982.458932	1.7245851570795737e-01
-34900.532799	1.7353624678809151e-01
-34818.606665	1.7506259817328071e-01
-34736.680532	1.7518251648367464e-01
-34654.754399	1.7554553615429941e-01
-34572.828265	1.7554642770464665e-01
-34490.902132	1.7760847577953592e-01
-34408.975999	1.7762280037667602e-01
-34327.049865	1.7874203069639255e-01
-34245.123732	1.7883943199669039e-01
-34163.197599	1.7917266291193307e-01
-34081.271465	1.7913335157479371e-01
-33999.345332	1.7945968706014120e-01
-33917.419199	1.7908991826701984e-01
-33835.493065	1.7984913645118158e-01
-33753.566932	1.7996373307124383e-01
-33671.640799	1.8007073989841949e-01
-33589.714665	1.8076043613146622e-01
-33507.788532	1.8136315870149014e-01
-33425.862399	1.8202551257145291e-01
-33343.936265	1.8193545726325300e-01
-33262.010132	1.8221358828296930e-01
-33180.083999	1.8253805852385466e-01
-33098.157865	1.8307280017220839e-01
-33016.231732	1.8315611822189709e-01
-32934.305599	1.8335418354178176e-01
-32852.379465	1.8398015457639419e-01
-32770.453332	1.8366574711056929e-01
-32688.527199	1.8465349503627515e-01
-32606.601065	1.8520475651384402e-01
-32524.674932	1.8529204471110136e-01
-32442.748799	1.8554269954588098e-01
-32360.822665	1.8561267744105142e-01
-32278.896532	1.8580852899673261e-01
-32196.970399	1.8685551840096079e-01
-32115.044265	1.8705708341799696e-01
-32033.118132	1.8703014821955058e-01
-31951.191999	1.8705535096187792e-01
-31869.265865	1.8716408068127810e-01
-31787.339732	1.8767574523230568e-01
-31705.413599	1.8802795451492013e-01
-31623.487466	1.8815817132555507e-01
-31541.561332	1.8858330874934479e-01
-31459.635199	1.8897994862743417e-01
-31377.709066	1.9020921087272416e-01
-31295.782932	1.9074759057537552e-01
-31213.856799	1.9099437103881367e-01
-31131.930666	1.9100517488257351e-01
-31050.004532	1.9100763446729113e-01
-30968.078399	1.9106427845480045e-01
-30886.152266	1.9105937846633184e-01
-30804.226132	1.9107605926382695e-01
-30722.299999	1.9188189852729601e-01
-30640.373866	1.9197656808645566e-01
-30558.447732	1.9203815114369172e-01
-30476.521599	1.9243332250126019e-01
-30394.595466	1.9440746622764932e-01
-30312.669332	1.9428194523726738e-01
-30230.743199	1.9437746311581250e-01
-30148.817066	1.9435121913415129e-01
-30066.890932	1.9434966925175109e-01
-29984.964799	1.9474154714735445e-01
-29903.038666	1.9536897710556680e-01
-29821.112532	1.9564809392704754e-01
-29739.186399	1.9568602085647638e-01
-29657.260266	1.9596565685861811e-01
-29575.334132	1.9608562099606119e-01
-29493.407999	1.9633449656351912e-01
-29411.481866	1.9635215590186120e-01
-29329.555732	1.9635708144442163e-01
-29247.629599	1.9698368732695953e-01
-29165.703466	1.9695760494413800e-01
-29083.777332	1.9747728059130920e-01
-29001.851199	1.9761779357232506e-01
-28919.925066	1.9762958503178676e-01
-28837.998932	1.9838971206933600e-01
-28756.072799	1.9941860548981533e-01
-28674.146666	2.0053227608030244e-01
-28592.220532	2.0064114008298586e-01
-28510.294399	2.0100013702227140e-01
-28428.368266	2.0121497025847648e-01
-28346.442132	2.0161158639811352e-01
-28264.515999	2.0182287749634406e-01
-28182.589866	2.0192974672203240e-01
-28100.663732	2.0177959414066671e-01
-28018.737599	2.0218246845251864e-01
-27936.811466	2.0218835656990344e-01
-27854.885332	2.0233165563407782e-01
-27772.959199	2.0264967979194487e-01
-27691.033066	2.0293165751611236e-01
-27609.106932	2.0325441684008333e-01
-27527.180799	2.0341881833421172e-01
-27445.254666	2.0373630269309917e-01
-27363.328532	2.0411651933321479e-01
-27281.402399	2.0431755153958661e-01
-27199.476266	2.0448959139900896e-01
-27117.550132	2.0453711039948763e-01
-27035.623999	2.0472133149427849e-01
-26953.697866	2.0475191391469869e-01
-26871.771732	2.0472530613062057e-01
-26789.845599	2.0466834407387474e-01
-26707.919466	2.0486300987090886e-01
-26625.993332	2.0529753624578978e-01
-26544.067199	2.0542305884871742e-01
-26462.141066	2.0535244476468081e-01
-26380.214932	2.0629010701187478e-01
-26298.288799	2.0606284463168531e-01
-26216.362666	2.0685112754501669e-01
-26134.436532	2.0689616036147712e-01
-26052.510399	2.0680283806311542e-01
-25970.584266	2.0732311037010479e-01
-25888.658132	2.0725710407337544e-01
-25806.731999	2.0746228370366954e-01
-25724.805866	2.0854112517103895e-01
-25642.879732	2.0899267560413651e-01
-25560.953599	2.0968690168690560e-01
-25479.027466	2.1000154892087239e-01
-25397.101332	2.1101717127518596e-01
-25315.175199	2.1116255453684432e-01
-25233.249066	2.1104016660672767e-01
-25151.322932	2.1122389303409200e-01
-25069.396799	2.1190612416185520e-01
-24987.470666	2.1202582842538628e-01
-24905.544532	2.1310710901280608e-01
-24823.618399	2.1320945025926402e-01
-24741.692266	2.1407535730663019e-01
-24659.766132	2.1457716025055393e-01
-24577.839999	2.1538143378634172e-01
-24495.913866	2.1546428905371509e-01
-24413.987732	2.1560945105652385e-01
-24332.061599	2.1670696910878234e-01
-24250.135466	2.1692973012614702e-01
-24168.209332	2.1798369962817363e-01
-24086.283199	2.1842434020864468e-01
-24004.357066	2.1873106897352962e-01
-23922.430932	2.1873617052855723e-01
-23840.504799	2.1872043599905916e-01
-23758.578666	2.1882234121659039e-01
-23676.652532	2.1880051781380869e-01
-23594.726399	2.1941398701005732e-01
-23512.800266	2.1963360486736452e-01
-23430.874132	2.1968176413498147e-01
-23348.947999	2.1978925675401401e-01
-23267.021866	2.1989965203022796e-01
-23185.095732	2.2049828320261697e-01
-23103.169599	2.2145401938632778e-01
-23021.243466	2.2241407635724739e-01
-22939.317332	2.2238301903754917e-01
-22857.391199	2.2374510695627942e-01
-22775.465066	2.2380030143074400e-01
-22693.538932	2.2494361580460298e-01
-22611.612799	2.2498602498110162e-01
-22529.686666	2.2478450312576345e-01
-22447.760533	2.2541710029327533e-01
-22365.834399	2.2594411337739259e-01
-22283.908266	2.2597621687548636e-01
-22201.982133	2.2600342151577671e-01
-22120.055999	2.2617786436058115e-01
-22038.129866	2.2636868449356223e-01
-21956.203733	2.2615641076391085e-01
-21874.277599	2.2605413982152611e-01
-21792.351466	2.2604010163909710e-01
-21710.425333	2.2634532645749689e-01
-21628.499199	2.2763388711205562e-01
-21546.573066	2.2770614544455151e-01
-21464.646933	2.2767577207778980e-01
-21382.720799	2.2764353568442186e-01
-21300.794666	2.2860291051637113e-01
-21218.868533	2.2873537268984631e-01
-21136.942399	2.2886997802243217e-01
-21055.016266	2.2899993724023998e-01
-20973.090133	2.2891752168017424e-01
-20891.163999	2.2892210398609319e-01
-20809.237866	2.2916479240557755e-01
-20727.311733	2.2936791247503366e-01
-20645.385599	2.2935573685903016e-01
-20563.459466	2.2931038192816558e-01
-20481.533333	2.2952866116888060e-01
-20399.607199	2.3021113105627694e-01
-20317.681066	2.3026941092340353e-01
-20235.754933	2.3045790966913476e-01
-20153.828799	2.3111633765630721e-01
-20071.902666	2.3107282411335606e-01
-19989.976533	2.3186171427175878e-01
-19908.050399	2.3334339934945086e-01
-19826.124266	2.3335364317765950e-01
-19744.198133	2.3317872566905384e-01
-19662.271999	2.3452375676782825e-01
-19580.345866	2.3462513026943951e-01
-19498.419733	2.3456394081580562e-01
-19416.493599	2.3457619590646309e-01
-19334.567466	2.3560891782528562e-01
-19252.641333	2.3666326735656382e-01
-19170.715199	2.3708304757479939e-01
-19088.789066	2.3762453455760607e-01
-19006.862933	2.3784338670316751e-01
-18924.936799	2.3830929574146864e-01
-18843.010666	2.3833714280511814e-01
-18761.084533	2.3833476732593983e-01
-18679.158399	2.3869228844608975e-01
-18597.232266	2.3890561512123087e-01
-18515.306133	2.3892167082409446e-01
-18433.379999	2.4023598278200883e-01
-18351.453866	2.4045635445444480e-01
-18269.527733	2.4052445809561773e-01
-18187.601599	2.4096011017108218e-01
-18105.675466	2.4214368351123869e-01
-18023.749333	2.4321146010135397e-01
-17941.823199	2.4416837377770040e-01
-17859.897066	2.4467032228120442e-01
-17777.970933	2.4482442648626621e-01
-17696.044799	2.4486003933548064e-01
-17614.118666	2.4574475224231968e-01
-17532.192533	2.4574395868029758e-01
-17450.266399	2.4588852934419875e-01
-17368.340266	2.4599412668027179e-01
-17286.414133	2.4615264485197519e-01
-17204.487999	2.4610776349779617e-01
-17122.561866	2.4647684101065021e-01
-17040.635733	2.4720789553821862e-01
-16958.709599	2.4719536414891546e-01
-16876.783466	2.4786735342501379e-01
-16794.857333	2.4787910590826828e-01
-16712.931199	2.4829694955031426e-01
-16631.005066	2.4831321152727673e-01
-16549.078933	2.4791814618595281e-01
-16467.152799	2.4844737627061786e-01
-16385.226666	2.4902696576213965e-01
-16303.300533	2.5028224078710054e-01
-16221.374399	2.5052763254619242e-01
-16139.448266	2.5051457225763724e-01
-16057.522133	2.5042836440166938e-01
-15975.595999	2.5104787975028992e-01
-15893.669866	2.5101343469435944e-01
-15811.743733	2.5134234232488684e-01
-15729.817599	2.5299161568738920e-01
-15647.891466	2.5263835243366412e-01
-15565.965333	2.5266439383170874e-01
-15484.039199	2.5306769872455959e-01
-15402.113066	2.5318863051751106e-01
-15320.186933	2.5341464445988149e-01
-15238.260799	2.5386741292226095e-01
-15156.334666	2.5374899044428162e-01
-15074.408533	2.5373005558354744e-01
-14992.482399	2.5376814962458039e-01
-14910.556266	2.5444128923399001e-01
-14828.630133	2.5492193598339041e-01
-14746.703999	2.5518251075585491e-01
-14664.777866	2.5554680422201809e-01
-14582.851733	2.5601039396304193e-01
-14500.925599	2.5598458430026588e-01
-14418.999466	2.5591667590224992e-01
-14337.073333	2.5590091847219137e-01
-14255.147199	2.5612218812943255e-01
-14173.221066	2.5614899192185103e-01
-14091.294933	2.5590176941104126e-01
-14009.368799	2.5658597790429544e-01
-13927.442666	2.5654469500999527e-01
-13845.516533	2.5668817520749249e-01
-13763.590399	2.5667205415328409e-01
-13681.664266	2.5670780706223856e-01
-13599.738133	2.5673745791711755e-01
-13517.812000	2.5666170587803677e-01
-13435.885866	2.5645324311492129e-01
-13353.959733	2.5734357046778905e-01
-13272.033600	2.5766416419109067e-01
-13190.107466	2.5790521113194437e-01
-13108.181333	2.5813648748946350e-01
-13026.255200	2.5881989915150860e-01
-12944.329066	2.5921536378407850e-01
-12862.402933	2.5948772050318442e-01
-12780.476800	2.5976945425386050e-01
-12698.550666	2.5971513060638313e-01
-12616.624533	2.5975638772830378e-01
-12534.698400	2.5964764827799985e-01
-12452.772266	2.5980642217959565e-01
-12370.846133	2.5995035489425877e-01
-12288.920000	2.6022283277192160e-01
-12206.993866	2.6088113271845531e-01
-12125.067733	2.6153247061605034e-01
-12043.141600	2.6155080215789361e-01
-11961.215466	2.6158026273379759e-01
-11879.289333	2.6187846349469579e-01
-11797.363200	2.6194078011725230e-01
-11715.437066	2.6222815586236259e-01
-11633.510933	2.6223299170644893e-01
-11551.584800	2.6232788658153633e-01
-11469.658666	2.6259586453263728e-01
-11387.732533	2.6283044611748368e-01
-11305.806400	2.6301840381125763e-01
-11223.880266	2.6320613976815233e-01
-11141.954133	2.6416463279811575e-01
-11060.028000	2.6416109946073224e-01
-10978.101866	2.6442750347376959e-01
-10896.175733	2.6453885150574030e-01
-10814.249600	2.6620926418374979e-01
-10732.323466	2.6610339286861057e-01
-10650.397333	2.6642130538089281e-01
-10568.471200	2.6645429999288933e-01
-10486.545066	2.6676996575264900e-01
-10404.618933	2.6672796064582777e-01
-10322.692800	2.6622544843929552e-01
-10240.766666	2.6716550292237506e-01
-10158.840533	2.6834751921404204e-01
-10076.914400	2.6833964872481103e-01
-9994.988266	2.6823237582962595e-01
-9913.062133	2.6829067623141034e-01
-9831.136000	2.6790068815176360e-01
-9749.209866	2.6804142782613816e-01
-9667.283733	2.6803453507471314e-01
-9585.357600	2.6839033318363309e-01
-9503.431466	2.6859594964419237e-01
-9421.505333	2.6863458759425762e-01
-9339.579200	2.6900104643657857e-01
-9257.653066	2.6903970565308161e-01
-9175.726933	2.6877491379700291e-01
-9093.800800	2.7041490415431552e-01
-9011.874666	2.7048689443562240e-01
-8929.948533	2.7058441525965393e-01
-8848.022400	2.7045345837995649e-01
-8766.096266	2.7068654050297958e-01
-8684.170133	2.7106523400039950e-01
-8602.244000	2.7152920378516221e-01
-8520.317866	2.7235358339679994e-01
-8438.391733	2.7346134071654965e-01
-8356.465600	2.7346345368448804e-01
-8274.539466	2.7384798924179032e-01
-8192.613333	2.7402658971981847e-01
-8110.687200	2.7495822355784921e-01
-8028.761066	2.7500728800575164e-01
-7946.834933	2.7508390252110537e-01
-7864.908800	2.7522776786519437e-01
-7782.982666	2.7554463298479981e-01
-7701.056533	2.7599044809581125e-01
-7619.130400	2.7699508042078641e-01
-7537.204266	2.7734294836385742e-01
-7455.278133	2.7805163284612316e-01
-7373.352000	2.7802559712005992e-01
-7291.425866	2.7775511699748839e-01
-7209.499733	2.7786847601521947e-01
-7127.573600	2.7744266511565685e-01
-7045.647466	2.7730056184955298e-01
-6963.721333	2.7692933308007772e-01
-6881.795200	2.7670949674906459e-01
-6799.869066	2.7684783409931385e-01
-6717.942933	2.7724336223270141e-01
-6636.016800	2.7731472188654521e-01
-6554.090666	2.7730690135217234e-01
-6472.164533	2.7736055237722596e-01
-6390.238400	2.7735619015122748e-01
-6308.312266	2.7765512253074992e-01
-6226.386133	2.7863729008764354e-01
-6144.460000	2.7890002881058928e-01
-6062.533866	2.7940471195734595e-01
-5980.607733	2.7948994883640133e-01
-5898.681600	2.8040423452491381e-01
-5816.755466	2.8179718286175975e-01
-5734.829333	2.8182006661647813e-01
-5652.903200	2.8158859709929285e-01
-5570.977066	2.8196092374983017e-01
-5489.050933	2.8301596373121612e-01
-5407.124800	2.8306138170334860e-01
-5325.198666	2.8310625602982559e-01
-5243.272533	2.8344266063286372e-01
-5161.346400	2.8336759304656539e-01
-5079.420266	2.8339764479673069e-01
-4997.494133	2.8342707334976858e-01
-4915.568000	2.8339497378553458e-01
-4833.641866	2.8384774659092749e-01
-4751.715733	2.8463680177817058e-01
-4669.789600	2.8511373809491503e-01
-4587.863466	2.8475542121053599e-01
-4505.937333	2.8520259627102007e-01
-4424.011200	2.8732629886882971e-01
-4342.085067	2.8775744971806222e-01
-4260.158933	2.8730517520576909e-01
-4178.232800	2.8735501144196157e-01
-4096.306667	2.8788684249829233e-01
-4014.380533	2.8915551712313936e-01
-3932.454400	2.8923345350504714e-01
-3850.528267	2.8905044626598897e-01
-3768.602133	2.8931816789302506e-01
-3686.676000	2.8839093942012362e-01
-3604.749867	2.8836545457528701e-01
-3522.823733	2.9117056482509307e-01
-3440.897600	2.9131490855605169e-01
-3358.971467	2.9093312013337108e-01
-3277.045333	2.9039681938144057e-01
-3195.119200	2.9097673178252442e-01
-3113.193067	2.9079145014410285e-01
-3031.266933	2.9286970059868367e-01
-2949.340800	2.9292961039969900e-01
-2867.414667	2.9387810264272746e-01
-2785.488533	2.9426101682151845e-01
-2703.562400	2.9399324736234156e-01
-2621.636267	2.9569242658534911e-01
-2539.710133	2.9619471918425139e-01
-2457.784000	2.9625707805542389e-01
-2375.857867	2.9666808677718032e-01
-2293.931733	2.9676264579568618e-01
-2212.005600	2.9670138155512188e-01
-2130.079467	2.9645764506858219e-01
-2048.153333	2.9618746919405542e-01
-1966.227200	2.9652849970357414e-01
-1884.301067	2.9643734859189241e-01
-1802.374933	2.9611410357310003e-01
-1720.448800	2.9549953306512605e-01
-1638.522667	2.9416955707603554e-01
-1556.596533	2.9350969934937315e-01
-1474.670400	2.9352337764766190e-01
-1392.744267	2.9252465212514783e-01
-1310.818133	2.9322585305528259e-01
-1228.892000	2.9484852849970467e-01
-1146.965867	2.9504707789094997e-01
-1065.039733	2.9385088322517988e-01
-983.113600	2.9502892186771940e-01
-901.187467	2.9494223738237180e-01
-819.261333	2.9514433943290175e-01
-737.335200	2.9539340545867621e-01
-655.409067	2.9658486923245514e-01
-573.482933	2.9690311453815488e-01
-491.556800	2.9755973541022818e-01
-409.630667	2.9674875079311680e-01
-327.704533	2.9703113660429775e-01
-245.778400	2.9636197841607920e-01
-163.852267	2.9757698593911364e-01
-81.926133	2.9752072286990094e-01
0.000000	2.9756781450680309e-01
81.926133	2.9824071957593273e-01
163.852267	2.9799029228463231e-01
245.778400	2.9822651348927526e-01
327.704533	2.9887974044889665e-01
409.630667	2.9864066236601633e-01
491.556800	3.0125242847413009e-01
573.482933	3.0100493325289890e-01
655.409067	2.9977199917039377e-01
737.335200	2.9927637496565740e-01
819.261333	2.9895128789936271e-01
901.187467	2.9894455893568878e-01
983.113600	2.9838565151400920e-01
1065.039733	2.9883482798282696e-01
1146.965867	2.9803376674445992e-01
1228.892000	2.9833025891092069e-01
1310.818133	2.9804365547550810e-01
1392.744267	2.9576493838745943e-01
1474.670400	2.9509550463727219e-01
1556.596533	2.9554093220681910e-01
1638.522667	2.9511097487067539e-01
1720.448800	2.9414140278682971e-01
1802.374933	2.9339248448646132e-01
1884.301067	2.9366291965832220e-01
1966.227200	2.9391030936438151e-01
2048.153333	2.9325480002402832e-01
2130.079467	2.9380349658170984e-01
2212.005600	2.9353714284884658e-01
2293.931733	2.9364356402289987e-01
2375.857867	2.9288791660316127e-01
2457.784000	2.9344424861332308e-01
2539.710133	2.9348754720176329e-01
2621.636267	2.9225078726284465e-01
2703.562400	2.9057509708657447e-01
2785.488533	2.8989013140856379e-01
2867.414667	2.8996412708783537e-01
2949.340800	2.8974462199503509e-01
3031.266933	2.8965756721760122e-01
3113.193067	2.8912242733277654e-01
3195.119200	2.8915164800405174e-01
3277.045333	2.8537340464082345e-01
3358.971467	2.8568215675804959e-01
3440.897600	2.8496103518085331e-01
3522.823733	2.8363338877685085e-01
3604.749867	2.8357188207440759e-01
3686.676000	2.8379636433050570e-01
3768.602133	2.8266367686780802e-01
3850.528267	2.8310554140051336e-01
3932.454400	2.8102787051714645e-01
4014.380533	2.7844354916882991e-01
4096.306667	2.7836620583947169e-01
4178.232800	2.7815586196243952e-01
4260.158933	2.7845032952659055e-01
4342.085067	2.7765633425627273e-01
4424.011200	2.7642433722721349e-01
4505.937333	2.7523976139437406e-01
4587.863466	2.7139340814208351e-01
4669.789600	2.7142662048983318e-01
4751.715733	2.7089336886933862e-01
4833.641866	2.6986623443879343e-01
4915.568000	2.7041793551672139e-01
4997.494133	2.6954584064678921e-01
5079.420266	2.6961505211033115e-01
5161.346400	2.6872610908443922e-01
5243.272533	2.6781776334611013e-01
5325.198666	2.6752698189097646e-01
5407.124800	2.6592996727759377e-01
5489.050933	2.6576912276471382e-01
5570.977066	2.6585188310078867e-01
5652.903200	2.6543203749182093e-01
5734.829333	2.6555928694839948e-01
5816.755466	2.6438340478316441e-01
5898.681600	2.6469419284443746e-01
5980.607733	2.6479142797986643e-01
6062.533866	2.6512048884201211e-01
6144.460000	2.6243078562506095e-01
6226.386133	2.6203000489765077e-01
6308.312266	2.6122925250917445e-01
6390.238400	2.6118657334998807e-01
6472.164533	2.6115827211674320e-01
6554.090666	2.6099759868559275e-01
6636.016800	2.5989404468979399e-01
6717.942933	2.5956728799982876e-01
6799.869066	2.5954608788885919e-01
6881.795200	2.5956934389284064e-01
6963.721333	2.5918818240423114e-01
7045.647466	2.5913493046346420e-01
7127.573600	2.5901870927833809e-01
7209.499733	2.5891989135226934e-01
7291.425866	2.5860230329579681e-01
7373.352000	2.5828144862319941e-01
7455.278133	2.5839412021228741e-01
7537.204266	2.5829028890220590e-01
7619.130400	2.5830307927003232e-01
7701.056533	2.5831636207960940e-01
7782.982666	2.5848548437834029e-01
7864.908800	2.5836046366827609e-01
7946.834933	2.5834300156187756e-01
8028.761066	2.5836168201316295e-01
8110.687200	2.5830447139505153e-01
8192.613333	2.5840854514954364e-01
8274.539466	2.5835444892860271e-01
8356.465600	2.5825609564670238e-01
8438.391733	2.5829209301552375e-01
8520.317866	2.5778717597101747e-01
8602.244000	2.5766803390190701e-01
8684.170133	2.5734117030362386e-01
8766.096266	2.5734045876616285e-01
8848.022400	2.5727942904022333e-01
8929.948533	2.5733350130053106e-01
9011.874666	2.5741826537280010e-01
9093.800800	2.5744952393927223e-01
9175.726933	2.5752954585067817e-01
9257.653066	2.5705867629512580e-01
9339.579200	2.5703448844494470e-01
9421.505333	2.5690866563408338e-01
9503.431466	2.5692551986788997e-01
9585.357600	2.5696584454143917e-01
9667.283733	2.5653854396951392e-01
9749.209866	2.5655218832012239e-01
9831.136000	2.5661213626993784e-01
9913.062133	2.5604395740215513e-01
9994.988266	2.5605695556563840e-01
10076.914400	2.5568758484427295e-01
10158.840533	2.5578671515610774e-01
10240.766666	2.5555884486629582e-01
10322.692800	2.5551959299092747e-01
10404.618933	2.5506193875201066e-01
10486.545066	2.5508541640659738e-01
10568.471200	2.5501405539863553e-01
10650.397333	2.5489819349953974e-01
10732.323466	2.5477779313167837e-01
10814.249600	2.5473805209583916e-01
10896.175733	2.5468550882264063e-01
10978.101866	2.5455124104471705e-01
11060.028000	2.5459340606844338e-01
11141.954133	2.5409501821152819e-01
11223.880266	2.5371600263045263e-01
11305.806400	2.5361775524221536e-01
11387.732533	2.5354753738771862e-01
11469.658666	2.5351753395119192e-01
11551.584800	2.5344514072273616e-01
11633.510933	2.5319495221073218e-01
11715.437066	2.5307191418653768e-01
11797.363200	2.5307201338410756e-01
11879.289333	2.5295661081070325e-01
11961.215466	2.5287512275820739e-01
12043.141600	2.5239215359333900e-01
12125.067733	2.5239982598201238e-01
12206.993866	2.5239832106072296e-01
12288.920000	2.5237102854067078e-01
12370.846133	2.5219906334561593e-01
12452.772266	2.5171886714753483e-01
12534.698400	2.5126891682297015e-01
12616.624533	2.5122374568319428e-01
12698.550666	2.5080265242681826e-01
12780.476800	2.5078791870396511e-01
12862.402933	2.5079219386024509e-01
12944.329066	2.5056443275622625e-01
13026.255200	2.5060001170545632e-01
13108.181333	2.4995078251230260e-01
13190.107466	2.4992175260944680e-01
13272.033600	2.4981460616709533e-01
13353.959733	2.4979198861966470e-01
13435.885866	2.4980732647621398e-01
13517.812000	2.4982689148077827e-01
13599.738133	2.4984989195841550e-01
13681.664266	2.4949076526499392e-01
13763.590399	2.4942282732105617e-01
13845.516533	2.4939280283568774e-01
13927.442666	2.4926912339237869e-01
14009.368799	2.4880585939277761e-01
14091.294933	2.4843245351539184e-01
14173.221066	2.4832651811245762e-01
14255.147199	2.4771312844877066e-01
14337.073333	2.4747376148276509e-01
14418.999466	2.4758346485845276e-01
14500.925599	2.4758444076938188e-01
14582.851733	2.4721747824871387e-01
14664.777866	2.4719327768934080e-01
14746.703999	2.4708338740806762e-01
14828.630133	2.4684323268067640e-01
14910.556266	2.4682047381196678e-01
14992.482399	2.4672223264175394e-01
15074.408533	2.4667287293559759e-01
15156.334666	2.4656099865913517e-01
15238.260799	2.4651680238693857e-01
15320.186933	2.4650058007179543e-01
15402.113066	2.4654731814910114e-01
15484.039199	2.4588128400457859e-01
15565.965333	2.4531201576428599e-01
15647.891466	2.4511666441596808e-01
15729.817599	2.4499213475557829e-01
15811.743733	2.4496921404615418e-01
15893.669866	2.4480561949707402e-01
15975.595999	2.4478913209135550e-01
16057.522133	2.4474370462673467e-01
16139.448266	2.4465560558686755e-01
16221.374399	2.4443395478099103e-01
16303.300533	2.4408532504277941e-01
16385.226666	2.4399392289021979e-01
16467.152799	2.4390417195742761e-01
16549.078933	2.4352688475075326e-01
16631.005066	2.4352594800766764e-01
16712.931199	2.4335113791803561e-01
16794.857333	2.4332364769926573e-01
16876.783466	2.4264905207240214e-01
16958.709599	2.4263616729966195e-01
17040.635733	2.4262130646281974e-01
17122.561866	2.4262389209702967e-01
17204.487999	2.4245934777969178e-01
17286.414133	2.4247589798515592e-01
17368.340266	2.4245468767720574e-01
17450.266399	2.4242136349768331e-01
17532.192533	2.4237903448102111e-01
17614.118666	2.4235223316168428e-01
17696.044799	2.4225902911418754e-01
17777.970933	2.4200555705357421e-01
17859.897066	2.4198841558909584e-01
17941.823199	2.4198558268288936e-01
18023.749333	2.4200900988016233e-01
18105.675466	2.4202044758278643e-01
18187.601599	2.4191562721788501e-01
18269.527733	2.4190278330974013e-01
18351.453866	2.4183810169972728e-01
18433.379999	2.4180645744867291e-01
18515.306133	2.4129108304067959e-01
18597.232266	2.4118884634160731e-01
18679.158399	2.4084754237889525e-01
18761.084533	2.4080029132121492e-01
18843.010666	2.4079370014251356e-01
18924.936799	2.4077839506323384e-01
19006.862933	2.4069555274328555e-01
19088.789066	2.4054154045157092e-01
19170.715199	2.4022055348627586e-01
19252.641333	2.4019093117451185e-01
19334.567466	2.4008266594444105e-01
19416.493599	2.4006759201683006e-01
19498.419733	2.3994792893945452e-01
19580.345866	2.3988140414337858e-01
19662.271999	2.3973001728850152e-01
19744.198133	2.3929403323307116e-01
19826.124266	2.3923694271330403e-01
19908.050399	2.3914405441972772e-01
19989.976533	2.3912569531715713e-01
20071.902666	2.3907357931509024e-01
20153.828799	2.3852490870839532e-01
20235.754933	2.3842008002119533e-01
20317.681066	2.3838093195370316e-01
20399.607199	2.3828342170370967e-01
20481.533333	2.3761160220382180e-01
20563.459466	2.3756015983988685e-01
20645.385599	2.3732839388977731e-01
20727.311733	2.3727825588887042e-01
20809.237866	2.3728203475026402e-01
20891.163999	2.3723043877270689e-01
20973.090133	2.3717848678313025e-01
21055.016266	2.3714507376159247e-01
21136.942399	2.3691731123097351e-01
21218.868533	2.3652300147377966e-01
21300.794666	2.3635131388707947e-01
21382.720799	2.3630320697520105e-01
21464.646933	2.3616033513382026e-01
21546.573066	2.3610612079125640e-01
21628.499199	2.3564210953170836e-01
21710.425333	2.3555212876386122e-01
21792.351466	2.3457584276675814e-01
21874.277599	2.3443730070734720e-01
21956.203733	2.3445627081200457e-01
22038.129866	2.3426960629984403e-01
22120.055999	2.3424856156345078e-01
22201.982133	2.3397937275247829e-01
22283.908266	2.3351894321857836e-01
22365.834399	2.3342798386546112e-01
22447.760533	2.3344340193096666e-01
22529.686666	2.3340399900174313e-01
22611.612799	2.3336045809677305e-01
22693.538932	2.3328374025279017e-01
22775.465066	2.3302659243964824e-01
22857.391199	2.3278752604414493e-01
22939.317332	2.3278303267248962e-01
23021.243466	2.3265842944126194e-01
23103.169599	2.3266367361644461e-01
23185.095732	2.3234042540770580e-01
23267.021866	2.3226231893493079e-01
23348.947999	2.3195148606916752e-01
23430.874132	2.3156743982281786e-01
23512.800266	2.3156644553717534e-01
23594.726399	2.3143153932833446e-01
23676.652532	2.3106230907162476e-01
23758.578666	2.3095136140636094e-01
23840.504799	2.3051711924405457e-01
23922.430932	2.3027120506918947e-01
24004.357066	2.3022783871720065e-01
24086.283199	2.3028838097688883e-01
24168.209332	2.3032639828350529e-01
24250.135466	2.3021151827625955e-01
24332.061599	2.2900156618134357e-01
24413.987732	2.2871881729845156e-01
24495.913866	2.2874408277229460e-01
24577.839999	2.2807160592546316e-01
24659.766132	2.2808143639485673e-01
24741.692266	2.2805468205522500e-01
24823.618399	2.2792057753950787e-01
24905.544532	2.2738485373073924e-01
24987.470666	2.2697915725006154e-01
25069.396799	2.2691496315353762e-01
25151.322932	2.2668085026072662e-01
25233.249066	2.2667679594806864e-01
25315.175199	2.2635718357347556e-01
25397.101332	2.2622913385667806e-01
25479.027466	2.2599729161567889e-01
25560.953599	2.2577062609202497e-01
25642.879732	2.2555044949915562e-01
25724.805866	2.2477216269662240e-01
25806.731999	2.2447481573988284e-01
25888.658132	2.2396331013468257e-01
25970.584266	2.2360768075823154e-01
26052.510399	2.2357432065336172e-01
26134.436532	2.2283217363759808e-01
26216.362666	2.2268729280942484e-01
26298.288799	2.2231586484818933e-01
26380.214932	2.2208438894841459e-01
26462.141066	2.2207303181129368e-01
26544.067199	2.2169170389957715e-01
26625.993332	2.2169203639135676e-01
26707.919466	2.2165913387329589e-01
26789.845599	2.2153509374588057e-01
26871.771732	2.2154533380717414e-01
26953.697866	2.2131344071023459e-01
27035.623999	2.2107314499488040e-01
27117.550132	2.2106249410317372e-01
27199.476266	2.2107237019024525e-01
27281.402399	2.2066349135887578e-01
27363.328532	2.2025701296265751e-01
27445.254666	2.2027238212520711e-01
27527.180799	2.2008880706186978e-01
27609.106932	2.2008838991959206e-01
27691.033066	2.1980110007129702e-01
27772.959199	2.1975883600202772e-01
27854.885332	2.1950533484896423e-01
27936.811466	2.1946565120744807e-01
28018.737599	2.1926416650341932e-01
28100.663732	2.1886652256334643e-01
28182.589866	2.1853452418440730e-01
28264.515999	2.1745365193966024e-01
28346.442132	2.1748915892113219e-01
28428.368266	2.1744182624422626e-01
28510.294399	2.1726769262025775e-01
28592.220532	2.1713285293257664e-01
28674.146666	2.1706499764969731e-01
28756.072799	2.1701104358238327e-01
28837.998932	2.1685787662841127e-01
28919.925066	2.1661627916222345e-01
29001.851199	2.1661443032618227e-01
29083.777332	2.1641058928952744e-01
29165.703466	2.1619119935355849e-01
29247.629599	2.1618461614869017e-01
29329.555732	2.1593146848263986e-01
29411.481866	2.1575257106033741e-01
29493.407999	2.1543512578360993e-01
29575.334132	2.1545178603345291e-01
29657.260266	2.1500085355004828e-01
29739.186399	2.1467552676231119e-01
29821.112532	2.1464602393137130e-01
29903.038666	2.1444409970711617e-01
29984.964799	2.1440351069051039e-01
30066.890932	2.1440029404723143e-01
30148.817066	2.1414255539590679e-01
30230.743199	2.1413641104975381e-01
30312.669332	2.1404869076492647e-01
30394.595466	2.1395459707209852e-01
30476.521599	2.1352835775668280e-01
30558.447732	2.1339113679220403e-01
30640.373866	2.1324911502281241e-01
30722.299999	2.1301746929693829e-01
30804.226132	2.1302434889532648e-01
30886.152266	2.1224749217945252e-01
30968.078399	2.1217899343452820e-01
31050.004532	2.1203478607902587e-01
31131.930666	2.1164216310593809e-01
31213.856799	2.1152854923276540e-01
31295.782932	2.1027491575398355e-01
31377.709066	2.1029914437338174e-01
31459.635199	2.1004396929198088e-01
31541.561332	2.1010649264594350e-01
31623.487466	2.0997137822605083e-01
31705.413599	2.0963005946895980e-01
31787.339732	2.0935105028118553e-01
31869.265865	2.0918220370354579e-01
31951.191999	2.0886991936648777e-01
32033.118132	2.0868743839751244e-01
32115.044265	2.0863254193974862e-01
32196.970399	2.0796362023869192e-01
32278.896532	2.0787517159739183e-01
32360.822665	2.0787003770567658e-01
32442.748799	2.0785529148412729e-01
32524.674932	2.0784935550986730e-01
32606.601065	2.0781130248787935e-01
32688.527199	2.0780671668917652e-01
32770.453332	2.0763424100151928e-01
32852.379465	2.0726872637612906e-01
32934.305599	2.0722751000322559e-01
33016.231732	2.0706693676747923e-01
33098.157865	2.0675353567178131e-01
33180.083999	2.0643507506570197e-01
33262.010132	2.0604483927972142e-01
33343.936265	2.0582774450642111e-01
33425.862399	2.0561023643344570e-01
33507.788532	2.0559202405935306e-01
33589.714665	2.0538880368205231e-01
33671.640799	2.0526988830525450e-01
33753.566932	2.0508211161992557e-01
33835.493065	2.0475177572168651e-01
33917.419199	2.0474980729833497e-01
33999.345332	2.0462254514728928e-01
34081.271465	2.0445777773078722e-01
34163.197599	2.0427075595041130e-01
34245.123732	2.0407858180966010e-01
34327.049865	2.0401555576163086e-01
34408.975999	2.0387475216915935e-01
34490.902132	2.0295503145023147e-01
34572.828265	2.0296128299043301e-01
34654.754399	2.0293952410579563e-01
34736.680532	2.0187576363532994e-01
34818.606665	2.0188304012665206e-01
34900.532799	2.0173546068590098e-01
34982.458932	2.0172781913687915e-01
35064.385065	2.0172247929581555e-01
35146.311199	2.0163818700148767e-01
35228.237332	2.0152402344785253e-01
35310.163465	2.0119214362334623e-01
35392.089599	2.0120980375377667e-01
35474.015732	2.0112931663371073e-01
35555.941865	1.9986209949599870e-01
35637.867999	1.9919024432288204e-01
35719.794132	1.9909951412151991e-01
35801.720265	1.9908828292504960e-01
35883.646399	1.9871849763306021e-01
35965.572532	1.9864974391414067e-01
36047.498665	1.9861560838659170e-01
36129.424799	1.9841064514239870e-01
36211.350932	1.9801053578318431e-01
36293.277065	1.9756863396479388e-01
36375.203199	1.9755317851379603e-01
36457.129332	1.9731327321884928e-01
36539.055465	1.9725501200237139e-01
36620.981599	1.9725041760969486e-01
36702.907732	1.9723540287274663e-01
36784.833865	1.9684651336249598e-01
36866.759999	1.9681138071301812e-01
36948.686132	1.9678309800862284e-01
37030.612265	1.9669833548096272e-01
37112.538399	1.9667942810466552e-01
37194.464532	1.9668231169450753e-01
37276.390665	1.9658339132679534e-01
37358.316799	1.9653492977522785e-01
37440.242932	1.9652758668778458e-01
37522.169065	1.9649198703172768e-01
37604.095199	1.9648581834463347e-01
37686.021332	1.9613774494790454e-01
37767.947465	1.9583130654678554e-01
37849.873599	1.9574519785591657e-01
37931.799732	1.9564992593261499e-01
38013.725865	1.9557132124971838e-01
38095.651999	1.9557329777298935e-01
38177.578132	1.9543163782898362e-01
38259.504265	1.9502339252542777e-01
38341.430399	1.9495610047771741e-01
38423.356532	1.9495931310236983e-01
38505.282665	1.9491985395338138e-01
38587.208799	1.9438339864107201e-01
38669.134932	1.9403497089538357e-01
38751.061065	1.9396927984161189e-01
38832.987199	1.9390225017914281e-01
38914.913332	1.9375415345260955e-01
38996.839465	1.9361964209452237e-01
39078.765599	1.9354906776907385e-01
39160.691732	1.9356400151410522e-01
39242.617865	1.9350302709868983e-01
39324.543999	1.9336392663354898e-01
39406.470132	1.9319630559914289e-01
39488.396265	1.9305553898137870e-01
39570.322399	1.9293612575830354e-01
39652.248532	1.9288463335706643e-01
39734.174665	1.9260339243316313e-01
39816.100799	1.9238152447082366e-01
39898.026932	1.9204521911873443e-01
39979.953065	1.9184867137190267e-01
40061.879199	1.9182917858034562e-01
40143.805332	1.9168031155529489e-01
40225.731465	1.9152870652052698e-01
40307.657599	1.9145126171185292e-01
40389.583732	1.9139031631329928e-01
40471.509865	1.9107765507782892e-01
40553.435999	1.9104646889259808e-01
40635.362132	1.9090417876963614e-01
40717.288265	1.9063070398857196e-01
40799.214398	1.9037889801601957e-01
40881.140532	1.9023977167643552e-01
40963.066665	1.9014330938336385e-01
41044.992798	1.8973875852470556e-01
41126.918932	1.8924513590191186e-01
41208.845065	1.8890145417193999e-01
41290.771198	1.8871073140047440e-01
41372.697332	1.8861286604591171e-01
41454.623465	1.8861575072996312e-01
41536.549598	1.8861778030019252e-01
41618.475732	1.8820101690019012e-01
41700.401865	1.8809481889762758e-01
41782.327998	1.8801624060404948e-01
41864.254132	1.8796189522901047e-01
41946.180265	1.8775650736379657e-01
42028.106398	1.8769312432772250e-01
42110.032532	1.8749889883361104e-01
42191.958665	1.8746037897343712e-01
42273.884798	1.8706361462632487e-01
42355.810932	1.8705325180632201e-01
42437.737065	1.8688682029684955e-01
42519.663198	1.8674102933424383e-01
42601.589332	1.8675709853875180e-01
42683.515465	1.8666691630483387e-01
42765.441598	1.8661790775282402e-01
42847.367732	1.8656396776661155e-01
42929.293865	1.8651108789363510e-01
43011.219998	1.8640784560460177e-01
43093.146132	1.8581375600289557e-01
43175.072265	1.8575120307018220e-01
43256.998398	1.8532907874788329e-01
43338.924532	1.8494742770806730e-01
43420.850665	1.8449467793210744e-01
43502.776798	1.8373036777187651e-01
43584.702932	1.8370826813837676e-01
43666.629065	1.8353980584309459e-01
43748.555198	1.8341467487547433e-01
43830.481332	1.8337366100646810e-01
43912.407465	1.8335238820803337e-01
43994.333598	1.8332881633630979e-01
44076.259732	1.8318302116968824e-01
44158.185865	1.8247809128357645e-01
44240.111998	1.8236172369221182e-01
44322.038132	1.8227993253809505e-01
44403.964265	1.8227388796697638e-01
44485.890398	1.8102195183184475e-01
44567.816532	1.8097489770776648e-01
44649.742665	1.8063261649407075e-01
44731.668798	1.8054929290399677e-01
44813.594932	1.8016079493095188e-01
44895.521065	1.7996198202795011e-01
44977.447198	1.7981285234870945e-01
45059.373332	1.7976895820724326e-01
45141.299465	1.7975910259322886e-01
45223.225598	1.7966344509799587e-01
45305.151732	1.7966132209629473e-01
45387.077865	1.7939005047964929e-01
45469.003998	1.7936420426379490e-01
45550.930132	1.7931325534848777e-01
45632.856265	1.7930646939259418e-01
45714.782398	1.7927724538935708e-01
45796.708532	1.7927613497328992e-01
45878.634665	1.7927080925093083e-01
45960.560798	1.7880628358680509e-01
46042.486932	1.7866090731802345e-01
46124.413065	1.7806622792990390e-01
46206.339198	1.7742267221894220e-01
46288.265332	1.7727924872069900e-01
46370.191465	1.7726835850637837e-01
46452.117598	1.7726282904646248e-01
46534.043732	1.7703709682680149e-01
46615.969865	1.7689597454225037e-01
46697.895998	1.7680704100869760e-01
46779.822132	1.7659110315717566e-01
46861.748265	1.7647902350342090e-01
46943.674398	1.7645823958860912e-01
47025.600532	1.7626511378559806e-01
47107.526665	1.7623249346868475e-01
47189.452798	1.7609505743395762e-01
47271.378932	1.7604299186762884e-01
47353.305065	1.7605078734526619e-01
47435.231198	1.7602221363987902e-01
47517.157332	1.7589670507253100e-01
47599.083465	1.7588018457415208e-01
47681.009598	1.7532444458162907e-01
47762.935732	1.7500357874298081e-01
47844.861865	1.7479314223079725e-01
47926.787998	1.7479566358202533e-01
48008.714132	1.7434544839165989e-01
48090.640265	1.7398781329405577e-01
48172.566398	1.7371204817586006e-01
48254.492532	1.7345348366761340e-01
48336.418665	1.7320613085552047e-01
48418.344798	1.7313348025728756e-01
48500.270932	1.7313218650925552e-01
48582.197065	1.7304737592337183e-01
48664.123198	1.7302588055550241e-01
48746.049332	1.7267420664737662e-01
48827.975465	1.7258977445120346e-01
48909.901598	1.7253904371637180e-01
48991.827732	1.7213991915593765e-01
49073.753865	1.7215716211818929e-01
49155.679998	1.7206594534885042e-01
49237.606132	1.7173814740498619e-01
49319.532265	1.7171768940292903e-01
49401.458398	1.7158391192611258e-01
49483.384532	1.7156096036036877e-01
49565.310665	1.7149744343846623e-01
49647.236798	1.7150134079791651e-01
49729.162932	1.7135563569943041e-01
49811.089065	1.7089796744288802e-01
49893.015198	1.7022167814203007e-01
49974.941331	1.7011828177636151e-01
50056.867465	1.6969861320054308e-01
50138.793598	1.6941019758452569e-01
50220.719731	1.6935985211550977e-01
50302.645865	1.6891164528501298e-01
50384.571998	1.6846301788934029e-01
50466.498131	1.6826678520661234e-01
50548.424265	1.6818294279175802e-01
50630.350398	1.6816060666189922e-01
50712.276531	1.6775552568069274e-01
50794.202665	1.6750894674652789e-01
50876.128798	1.6734823757534062e-01
50958.054931	1.6709179143669595e-01
51039.981065	1.6605564168105610e-01
51121.907198	1.6594762354833317e-01
51203.833331	1.6575636672893709e-01
51285.759465	1.6538025628803782e-01
51367.685598	1.6498809309932602e-01
51449.611731	1.6450609890671739e-01
51531.537865	1.6440506581340145e-01
51613.463998	1.6422307729211078e-01
51695.390131	1.6413726367160289e-01
51777.316265	1.6412988913043147e-01
51859.242398	1.6395933165282794e-01
51941.168531	1.6394380198472008e-01
52023.094665	1.6267849844846480e-01
52105.020798	1.6253288392379694e-01
52186.946931	1.6230523169940314e-01
52268.873065	1.6230491708367270e-01
52350.799198	1.6225735344973613e-01
52432.725331	1.6201501922381700e-01
52514.651465	1.6126157772382066e-01
52596.577598	1.6072457825154418e-01
52678.503731	1.6033667159238241e-01
52760.429865	1.6012457776284778e-01
52842.355998	1.5929016248357744e-01
52924.282131	1.5920612401747158e-01
53006.208265	1.5874658333581423e-01
53088.134398	1.5874821869473277e-01
53170.060531	1.5843323505618997e-01
53251.986665	1.5833862517172095e-01
53333.912798	1.5807912903703233e-01
53415.838931	1.5786956249773756e-01
53497.765065	1.5756070001789485e-01
53579.691198	1.5579843283697384e-01
53661.617331	1.5575646075059738e-01
53743.543465	1.5576140909361863e-01
53825.469598	1.5568787110107452e-01
53907.395731	1.5531269267456421e-01
53989.321865	1.5506480372026549e-01
54071.247998	1.5502723985823116e-01
54153.174131	1.5483921871646122e-01
54235.100265	1.5463056388591737e-01
54317.026398	1.5461280722904100e-01
54398.952531	1.5444676425358084e-01
54480.878665	1.5427355104034871e-01
54562.804798	1.5401560179082491e-01
54644.730931	1.5371898101983678e-01
54726.657065	1.5352472977344195e-01
54808.583198	1.5333830152371675e-01
54890.509331	1.5327080459051057e-01
54972.435465	1.5326432843503349e-01
55054.361598	1.5318494483966286e-01
55136.287731	1.5309621019298358e-01
55218.213865	1.5141612645343130e-01
55300.139998	1.5014665314606204e-01
55382.066131	1.5014035906827536e-01
55463.992265	1.4996972155220933e-01
55545.918398	1.4930901621144993e-01
55627.844531	1.4909805559401168e-01
55709.770665	1.4873679009178900e-01
55791.696798	1.4864337172414654e-01
55873.622931	1.4810371000435188e-01
55955.549065	1.4768276962466045e-01
56037.475198	1.4755634414666566e-01
56119.401331	1.4734257991728161e-01
56201.327465	1.4678338570632660e-01
56283.253598	1.4670005799691713e-01
56365.179731	1.4592997721187373e-01
56447.105865	1.4554305882504090e-01
56529.031998	1.4474213223401297e-01
56610.958131	1.4470034288105299e-01
56692.884265	1.4465295119090807e-01
56774.810398	1.4463916097045681e-01
56856.736531	1.4427086766504688e-01
56938.662665	1.4377234381525028e-01
57020.588798	1.4350354626872555e-01
57102.514931	1.4327281971081871e-01
57184.441065	1.4243434103095381e-01
57266.367198	1.4222066125390923e-01
57348.293331	1.4181267625635866e-01
57430.219465	1.4172961653348734e-01
57512.145598	1.4138270525432292e-01
57594.071731	1.4129977446836875e-01
57675.997865	1.4076875811997963e-01
57757.923998	1.4053811475467670e-01
57839.850131	1.3993449886911294e-01
57921.776265	1.3959822513720599e-01
58003.702398	1.3916875334537718e-01
58085.628531	1.3825800016485668e-01
58167.554665	1.3741684272909577e-01
58249.480798	1.3483979466215443e-01
58331.406931	1.3470055782435864e-01
58413.333065	1.3440986519989831e-01
58495.259198	1.3431732189891349e-01
58577.185331	1.3393175020873235e-01
58659.111465	1.3349627892418539e-01
58741.037598	1.3290295481517819e-01
58822.963731	1.3283047112319785e-01
58904.889864	1.3175215532093937e-01
58986.815998	1.3111704152713788e-01
59068.742131	1.2964348632218367e-01
59150.668264	1.2692154902204950e-01
59232.594398	1.2484407131638534e-01
59314.520531	1.2454683168695908e-01
59396.446664	1.2227267185551047e-01
59478.372798	1.2159299398791895e-01
59560.298931	1.2028573212812829e-01
59642.225064	1.1841903033674502e-01
59724.151198	1.1751422407389235e-01
59806.077331	1.1725949692092204e-01
59888.003464	1.1685957447744037e-01
59969.929598	1.1480966878793852e-01
60051.855731	1.1239804074682784e-01
60133.781864	1.1223981330471294e-01
60215.707998	1.1201355943122161e-01
60297.634131	1.1052852461264052e-01
60379.560264	1.0984591332716430e-01
60461.486398	1.0918209903677457e-01
60543.412531	1.0753939753303121e-01
60625.338664	1.0607242680909805e-01
60707.264798	1.0590584289882812e-01
60789.190931	1.0326109396856496e-01
60871.117064	1.0205022132133930e-01
60953.043198	9.6128231027814634e-02
61034.969331	9.5727668269138338e-02
61116.895464	9.5331070383694844e-02
61198.821598	9.2279782197073931e-02
61280.747731	8.7771171792007316e-02
61362.673864	8.6788785450055250e-02
61444.599998	8.6379000072287743e-02
61526.526131	8.5969366790498464e-02
61608.452264	8.5735576684689688e-02
61690.378398	8.5577278441490309e-02
61772.304531	8.5561096620287019e-02
61854.230664	8.5257598669933210e-02
61936.156798	8.4685768198193997e-02
62018.082931	8.4426148532471698e-02
62100.009064	8.4246222991522790e-02
62181.935198	8.3889646528821221e-02
62263.861331	8.2845059605039573e-02
62345.787464	8.1169692131272939e-02
62427.713598	8.0324877736478034e-02
62509.639731	8.0082725711512107e-02
62591.565864	7.9473732689706700e-02
62673.491998	7.9411502982574655e-02
62755.418131	7.8477730083683361e-02
62837.344264	7.5814916106500860e-02
62919.270398	7.2980364080366247e-02
63001.196531	7.2962862192948508e-02
63083.122664	7.2052324467464776e-02
63165.048798	6.9556565093287212e-02
63246.974931	6.9508428209570150e-02
63328.901064	6.8735870248464143e-02
63410.827198	6.8175091538340768e-02
63492.753331	6.6825937226128493e-02
63574.679464	6.6791714155780169e-02
63656.605598	6.4137435363594397e-02
63738.531731	6.3946489065190529e-02
63820.457864	6.3820322004052507e-02
63902.383998	6.2862530358375843e-02
63984.310131	6.2307476365797199e-02
64066.236264	6.2253926588149176e-02
64148.162398	6.1790674536073835e-02
64230.088531	6.1519565269494279e-02
64312.014664	6.1497577788272702e-02
64393.940798	6.0297714760517568e-02
64475.866931	6.0127109899251116e-02
64557.793064	5.8908859966139433e-02
64639.719198	5.8609339433610769e-02
64721.645331	5.8353278738769603e-02
64803.571464	5.8308833393367641e-02
64885.497598	5.7716780971373699e-02
64967.423731	5.7427360764031668e-02
65049.349864	5.7373060362266526e-02
65131.275998	5.6771579999081438e-02
65213.202131	5.6749319151302956e-02
65295.128264	5.6574473597667915e-02
65377.054398	5.5073935038416705e-02
65458.980531	5.4892224002610082e-02
65540.906664	5.4237786746262194e-02
65622.832798	5.1982535753640494e-02
65704.758931	5.1615747362066110e-02
65786.685064	5.1585512494338556e-02
65868.611198	5.1057276516758614e-02
65950.537331	4.9109299493738559e-02
66032.463464	4.9012878668506399e-02
66114.389598	4.7764858730610246e-02
66196.315731	4.6487081643548193e-02
66278.241864	4.6462887726459019e-02
66360.167998	4.5673446100296805e-02
66442.094131	4.5572321931922705e-02
66524.020264	4.5216452468068651e-02
66605.946398	4.4702186524916844e-02
66687.872531	4.4404503871585142e-02
66769.798664	4.4128930962702713e-02
66851.724798	4.3635089596509309e-02
66933.650931	4.3230592966399244e-02
67015.577064	4.3165897808584222e-02
67097.503198	4.3016304789692143e-02
67179.429331	4.2917286473900106e-02
67261.355464	4.2706706104360628e-02
67343.281598	4.1492780902236764e-02
67425.207731	4.0513974127538654e-02
67507.133864	4.0315227705541794e-02
67589.059998	3.9611738471474756e-02
67670.986131	3.8671457187700264e-02
67752.912264	3.8657992632086621e-02
67834.838397	3.8530515028821426e-02
67916.764531	3.7600248903499806e-02
67998.690664	3.7465029550811504e-02
68080.616797	3.5853955573537960e-02
68162.542931	3.5381863377430878e-02
68244.469064	3.4690443300352092e-02
68326.395197	3.4544046549978828e-02
68408.321331	3.3534351908065543e-02
68490.247464	3.3012837497588633e-02
68572.173597	3.2222876731534622e-02
68654.099731	3.1431885648330833e-02
68736.025864	3.1093103011942593e-02
68817.951997	3.0129161088757482e-02
68899.878131	2.8055273131196400e-02
68981.804264	2.7530400669626413e-02
69063.730397	2.7391834861935447e-02
69145.656531	2.7197200693468204e-02
69227.582664	2.6703359366787919e-02
69309.508797	2.6554855167304443e-02
69391.434931	2.4513043356165280e-02
69473.361064	2.4405480053844669e-02
69555.287197	2.4314715272164514e-02
69637.213331	2.4161417777524501e-02
69719.139464	2.4070828896584063e-02
69801.065597	2.3941409927356990e-02
69882.991731	2.2822989049221632e-02
69964.917864	2.2701265737355997e-02
70046.843997	2.2538161776478206e-02
70128.770131	2.2131233733807567e-02
70210.696264	2.1369289203556609e-02
70292.622397	2.0976919300100805e-02
70374.548531	2.0229668247856290e-02
70456.474664	2.0163889421072740e-02
70538.400797	2.0031782994584545e-02
70620.326931	1.9939591376515318e-02
70702.253064	1.9761678024286276e-02
70784.179197	1.9481531604175036e-02
70866.105331	1.9123755649559919e-02
70948.031464	1.8967360244998805e-02
71029.957597	1.8862076264663422e-02
71111.883731	1.8619445700309000e-02
71193.809864	1.7492777646203723e-02
71275.735997	1.7422152387098211e-02
71357.662131	1.7312060073923326e-02
71439.588264	1.7231579400690304e-02
71521.514397	1.7181003574621091e-02
71603.440531	1.7144283878162705e-02
71685.366664	1.7082979345135713e-02
71767.292797	1.6867303644644949e-02
71849.218931	1.6402634209642303e-02
71931.145064	1.6357732270552705e-02
72013.071197	1.5922769816169774e-02
72094.997331	1.5877165278750247e-02
72176.923464	1.5732044607560388e-02
72258.849597	1.5669431943614198e-02
72340.775731	1.5624178427986980e-02
72422.701864	1.5130956337928417e-02
72504.627997	1.5107216198096624e-02
72586.554131	1.4998168604537855e-02
72668.480264	1.4921583307362487e-02
72750.406397	1.4687933393703863e-02
72832.332531	1.3876316720380817e-02
72914.258664	1.3802884512207760e-02
72996.184797	1.3773954643118895e-02
73078.110931	1.3719485356300581e-02
73160.037064	1.3185607489953755e-02
73241.963197	1.2732331784804202e-02
73323.889331	1.2576715523685559e-02
73405.815464	1.2140574602250627e-02
73487.741597	1.2086949920378651e-02
73569.667731	1.1885750248790791e-02
73651.593864	1.1692093028983171e-02
73733.519997	1.1212494098188969e-02
73815.446131	1.1076076884200602e-02
73897.372264	1.0892848663189406e-02
73979.298397	1.0868681242650197e-02
74061.224531	1.0742126444986483e-02
74143.150664	1.0674589818403911e-02
74225.076797	1.0645895417143583e-02
74307.002931	1.0427318894574820e-02
74388.929064	1.0411032043678695e-02
74470.855197	1.0392812029365435e-02
74552.781331	1.0226265410505694e-02
74634.707464	9.8025161371358346e-03
74716.633597	9.7012368636572865e-03
74798.559731	9.6632710525841933e-03
74880.485864	9.5310399764778377e-03
74962.411997	9.4598419766302195e-03
75044.338131	9.2481047782459747e-03
75126.264264	9.1800545208857789e-03
75208.190397	9.1421174809400881e-03
75290.116531	9.0052665832320040e-03
75372.042664	8.6215282817685389e-03
75453.968797	8.3562693498564038e-03
75535.894931	8.2683379995168258e-03
75617.821064	8.2333457869949080e-03
75699.747197	8.1705401623008381e-03
75781.673331	8.1487007314252069e-03
75863.599464	8.0897317400308241e-03
75945.525597	8.0475441766276606e-03
76027.451731	7.9984212712264913e-03
76109.377864	7.9665605029002398e-03
76191.303997	7.8673461557043061e-03
76273.230131	7.5354885370065659e-03
76355.156264	7.4333011117350186e-03
76437.082397	7.3288127744390317e-03
76519.008531	7.3028093280074063e-03
76600.934664	7.1176064038238106e-03
76682.860797	7.0327838516241479e-03
76764.786931	6.4495362915264511e-03
76846.713064	6.3156509077030108e-03
76928.639197	6.1429055096109131e-03
77010.565330	5.9437014431503819e-03
77092.491464	5.8955109617942775e-03
77174.417597	5.6576592377619106e-03
77256.343730	5.4862156749775929e-03
77338.269864	5.3837424152637630e-03
77420.195997	5.3110527712423583e-03
77502.122130	5.1373270497386157e-03
77584.048264	5.0841007530234624e-03
77665.974397	5.0445312985184154e-03
77747.900530	4.9571376192036410e-03
77829.826664	4.8682923136148300e-03
77911.752797	4.8396714433459045e-03
77993.678930	4.8026369183044870e-03
78075.605064	4.5973509638774163e-03
78157.531197	4.4295617438526533e-03
78239.457330	4.3395175827340132e-03
78321.383464	4.0586965079075282e-03
78403.309597	3.8669951754779020e-03
78485.235730	3.8238147103421866e-03
78567.161864	3.4163843807619378e-03
78649.087997	3.3474285217380386e-03
78731.014130	3.1842325072467758e-03
78812.940264	2.9632531006262533e-03
78894.866397	2.8336033749039413e-03
78976.792530	2.7933911605087540e-03
79058.718664	2.7231497816999832e-03
79140.644797	2.6270246786828338e-03
79222.570930	2.5346622487439035e-03
79304.497064	2.4257180579840454e-03
79386.423197	2.3297157293283768e-03
79468.349330	2.2592649119029208e-03
79550.275464	2.2209881992063941e-03
79632.201597	1.8807443334391831e-03
79714.127730	1.8305296195926246e-03
79796.053864	1.7361883558247261e-03
79877.979997	1.6345022964316604e-03
79959.906130	1.5918418168269000e-03
80041.832264	1.5582305298656033e-03
80123.758397	1.5050403432583655e-03
80205.684530	1.2680497154896387e-03
80287.610664	1.1860292199976641e-03
80369.536797	1.0123034984990599e-03
80451.462930	8.9529230998539771e-04
80533.389064	6.5930554317585705e-04
80615.315197	5.4175270306810845e-04
80697.241330	4.8544260327579774e-04
80779.167464	3.2284601654699083e-04
80861.093597	1.7874502627425779e-04
80943.019730	9.8790028864925716e-05
