-32434.061198	8.6779319491255355e-05
-32403.663765	1.0531438490744521e-03
-32373.266332	1.4913532552966655e-03
-32342.868898	1.6418685294430067e-03
-32312.471465	1.7915928299541521e-03
-32282.074032	2.0173982812282474e-03
-32251.676599	2.1496385600885135e-03
-32221.279166	2.5687169172685181e-03
-32190.881733	2.9875649909851315e-03
-32160.484299	3.1829304727106901e-03
-32130.086866	3.4459242002435617e-03
-32099.689433	3.7118139926368607e-03
-32069.292000	3.9698566257065117e-03
-32038.894567	4.6392005429040485e-03
-32008.497133	4.9333826612415060e-03
-31978.099700	5.1217795651179428e-03
-31947.702267	5.2826951413343648e-03
-31917.304834	5.5862037399397307e-03
-31886.907401	5.9148057268128690e-03
-31856.509968	6.3112837645246216e-03
-31826.112534	6.4470558908507596e-03
-31795.715101	6.8077123345974275e-03
-31765.317668	6.9859892814896508e-03
-31734.920235	7.5466944717448147e-03
-31704.522802	7.7445004575662363e-03
-31674.125369	8.0786993338325501e-03
-31643.727935	8.2617571656715509e-03
-31613.330502	8.5692306447772964e-03
-31582.933069	8.9519993071730877e-03
-31552.535636	9.0302731570006366e-03
-31522.138203	9.3647573845150704e-03
-31491.740769	9.5229220745762337e-03
-31461.343336	9.6151831417245013e-03
-31430.945903	9.8586027748679521e-03
-31400.548470	1.0676334347514204e-02
-31370.151037	1.1126981564031578e-02
-31339.753604	1.1729416649647070e-02
-31309.356170	1.2095150363630680e-02
-31278.958737	1.2404323903748564e-02
-31248.561304	1.2584424594293852e-02
-31218.163871	1.2741644588537326e-02
-31187.766438	1.2890712358938286e-02
-31157.369005	1.3040429810276116e-02
-31126.971571	1.3335510529944257e-02
-31096.574138	1.3622316551884842e-02
-31066.176705	1.4084718363499253e-02
-31035.779272	1.4206733249806862e-02
-31005.381839	1.4387249783000888e-02
-30974.984406	1.4793816645036212e-02
-30944.586972	1.5064364735893300e-02
-30914.189539	1.5409278470158364e-02
-30883.792106	1.5508730901154245e-02
-30853.394673	1.5749204502360975e-02
-30822.997240	1.5839986478487209e-02
-30792.599806	1.6090670542649805e-02
-30762.202373	1.6717629103172409e-02
-30731.804940	1.6846484629864395e-02
-30701.407507	1.7099352498816518e-02
-30671.010074	1.7202682818999393e-02
-30640.612641	1.7287340993691756e-02
-30610.215207	1.7475389350098194e-02
-30579.817774	1.7744160528346542e-02
-30549.420341	1.8049439300614117e-02
-30519.022908	1.8202607205667271e-02
-30488.625475	1.8356148687085849e-02
-30458.228042	1.8525703257029021e-02
-30427.830608	1.8629969430322656e-02
-30397.433175	1.9206033228915589e-02
-30367.035742	1.9377630388919077e-02
-30336.638309	1.9608969375307577e-02
-30306.240876	1.9867867739761340e-02
-30275.843442	2.0002842595921669e-02
-30245.446009	2.0320533618794424e-02
-30215.048576	2.0459425008142285e-02
-30184.651143	2.0681312290293304e-02
-30154.253710	2.0961883168770082e-02
-30123.856277	2.1087992474260020e-02
-30093.458843	2.1242008297505919e-02
-30063.061410	2.1397374487975580e-02
-30032.663977	2.1528807474836455e-02
-30002.266544	2.1840078613094702e-02
-29971.869111	2.2585447215714968e-02
-29941.471678	2.2786272337969846e-02
-29911.074244	2.3618246936320923e-02
-29880.676811	2.3698475851610615e-02
-29850.279378	2.3823960729226656e-02
-29819.881945	2.4222236700347368e-02
-29789.484512	2.4701308574277169e-02
-29759.087079	2.4774650582137552e-02
-29728.689645	2.4890056875475585e-02
-29698.292212	2.4958662221301359e-02
-29667.894779	2.5154150021827859e-02
-29637.497346	2.5523120998949860e-02
-29607.099913	2.5672987974054599e-02
-29576.702479	2.5802916877261998e-02
-29546.305046	2.6008064999755887e-02
-29515.907613	2.6366019269916430e-02
-29485.510180	2.7847980180615062e-02
-29455.112747	2.8142058739623558e-02
-29424.715314	2.8293852075963188e-02
-29394.317880	2.8642330051657124e-02
-29363.920447	2.8742499829565525e-02
-29333.523014	2.9156037919564656e-02
-29303.125581	2.9648411221704415e-02
-29272.728148	2.9903022084971254e-02
-29242.330715	3.0085634028875069e-02
-29211.933281	3.0847567263752436e-02
-29181.535848	3.2129217805892812e-02
-29151.138415	3.2241460936148839e-02
-29120.740982	3.2410072949582744e-02
-29090.343549	3.2827830932875612e-02
-29059.946115	3.3020067452399229e-02
-29029.548682	3.3113663453861665e-02
-28999.151249	3.3814488705245033e-02
-28968.753816	3.4310226078995879e-02
-28938.356383	3.4412483945992209e-02
-28907.958950	3.4611119767043348e-02
-28877.561516	3.4793410387763686e-02
-28847.164083	3.5180392617621903e-02
-28816.766650	3.5528404519146066e-02
-28786.369217	3.6061636178249361e-02
-28755.971784	3.6143702953007187e-02
-28725.574351	3.6483336614166237e-02
-28695.176917	3.6767102738292694e-02
-28664.779484	3.7085384247273513e-02
-28634.382051	3.7407836363799143e-02
-28603.984618	3.7731386140504933e-02
-28573.587185	3.7945548038100421e-02
-28543.189752	3.8022392658880758e-02
-28512.792318	3.8164865664183062e-02
-28482.394885	3.8443707555686907e-02
-28451.997452	3.8967106800677137e-02
-28421.600019	3.9603932035864861e-02
-28391.202586	3.9764599153803440e-02
-28360.805152	3.9922387125002561e-02
-28330.407719	4.0041329608651310e-02
-28300.010286	4.0227806618307112e-02
-28269.612853	4.0392231499994699e-02
-28239.215420	4.0591543996226040e-02
-28208.817987	4.0947383817266730e-02
-28178.420553	4.1433330744625511e-02
-28148.023120	4.1654569651027103e-02
-28117.625687	4.1777294489882766e-02
-28087.228254	4.1995172779330549e-02
-28056.830821	4.2090580129502217e-02
-28026.433388	4.2257518266647760e-02
-27996.035954	4.2334126036001701e-02
-27965.638521	4.2429788320937689e-02
-27935.241088	4.2510706333890098e-02
-27904.843655	4.2595254972116151e-02
-27874.446222	4.2973763191368260e-02
-27844.048788	4.4382666209164312e-02
-27813.651355	4.4557270953063575e-02
-27783.253922	4.5866337630694712e-02
-27752.856489	4.6747887901458375e-02
-27722.459056	4.7045225468878946e-02
-27692.061623	4.7339783168825943e-02
-27661.664189	4.7429314699390171e-02
-27631.266756	4.7704169703263667e-02
-27600.869323	4.8045568732569641e-02
-27570.471890	4.9013049811576677e-02
-27540.074457	5.0665382438965068e-02
-27509.677024	5.1107197584589530e-02
-27479.279590	5.1454122622239071e-02
-27448.882157	5.2039246255305045e-02
-27418.484724	5.2187693131386791e-02
-27388.087291	5.2443362011264802e-02
-27357.689858	5.3049000164024182e-02
-27327.292424	5.3337495105918370e-02
-27296.894991	5.3952294222557123e-02
-27266.497558	5.4530640555156960e-02
-27236.100125	5.4610060699311708e-02
-27205.702692	5.4863502229704368e-02
-27175.305259	5.4955083809935801e-02
-27144.907825	5.5133104343440424e-02
-27114.510392	5.5371785570207291e-02
-27084.112959	5.6303303709898195e-02
-27053.715526	5.6677943238290951e-02
-27023.318093	5.6841717136133237e-02
-26992.920660	5.7289237936540151e-02
-26962.523226	5.8468804494648807e-02
-26932.125793	5.8994104631744627e-02
-26901.728360	5.9523382404844692e-02
-26871.330927	6.0097983528300307e-02
-26840.933494	6.0201455776384749e-02
-26810.536061	6.0834023360495953e-02
-26780.138627	6.0911830560706988e-02
-26749.741194	6.1057943242120750e-02
-26719.343761	6.1201242072379723e-02
-26688.946328	6.1566175991943570e-02
-26658.548895	6.2230794591519957e-02
-26628.151461	6.2375326327516203e-02
-26597.754028	6.2938323958242781e-02
-26567.356595	6.3688984406965618e-02
-26536.959162	6.4478824091642420e-02
-26506.561729	6.4710508936026465e-02
-26476.164296	6.4897701935980739e-02
-26445.766862	6.5388782355050454e-02
-26415.369429	6.5635428715917737e-02
-26384.971996	6.6394110411227517e-02
-26354.574563	6.6796024738274451e-02
-26324.177130	6.7598727480464471e-02
-26293.779697	6.7718505152393624e-02
-26263.382263	6.7941171200256778e-02
-26232.984830	6.8699017322780248e-02
-26202.587397	6.9410255778684371e-02
-26172.189964	7.0498446314456273e-02
-26141.792531	7.0600707350653630e-02
-26111.395097	7.1039595820330703e-02
-26080.997664	7.1117344285420797e-02
-26050.600231	7.1504949005760030e-02
-26020.202798	7.1582595755713352e-02
-25989.805365	7.1802803326969658e-02
-25959.407932	7.2052909891970149e-02
-25929.010498	7.2270891046942315e-02
-25898.613065	7.2452286900029084e-02
-25868.215632	7.2714071248798667e-02
-25837.818199	7.2975786569025591e-02
-25807.420766	7.3338093385315037e-02
-25777.023333	7.3676751400263932e-02
-25746.625899	7.4050124896495512e-02
-25716.228466	7.4748295062118941e-02
-25685.831033	7.4836937470761006e-02
-25655.433600	7.5768975202913619e-02
-25625.036167	7.6100951261379793e-02
-25594.638734	7.6474761078590928e-02
-25564.241300	7.6876738486350821e-02
-25533.843867	7.7957570929286471e-02
-25503.446434	7.8097277726221381e-02
-25473.049001	7.9173018114459009e-02
-25442.651568	7.9614335770972988e-02
-25412.254134	8.0434452787597893e-02
-25381.856701	8.1032846419076696e-02
-25351.459268	8.1564315918185637e-02
-25321.061835	8.4825005919953331e-02
-25290.664402	8.5291087036633642e-02
-25260.266969	8.5337091858494488e-02
-25229.869535	8.5453516384544889e-02
-25199.472102	8.6456850792906006e-02
-25169.074669	8.7554451930671462e-02
-25138.677236	8.8246498545334867e-02
-25108.279803	8.8630262445323307e-02
-25077.882370	8.8775540457635416e-02
-25047.484936	8.8994196248677798e-02
-25017.087503	8.9844262370865138e-02
-24986.690070	8.9946258688748559e-02
-24956.292637	9.0282466509282913e-02
-24925.895204	9.0595272402349880e-02
-24895.497770	9.0789404102897084e-02
-24865.100337	9.1615066385956762e-02
-24834.702904	9.1795806774587624e-02
-24804.305471	9.1941428042995765e-02
-24773.908038	9.2118133308316585e-02
-24743.510605	9.3608892640308999e-02
-24713.113171	9.4153753023233394e-02
-24682.715738	9.4285679949871568e-02
-24652.318305	9.5125569101509919e-02
-24621.920872	9.5413982795117772e-02
-24591.523439	9.6225002664733397e-02
-24561.126006	9.6661951880850014e-02
-24530.728572	9.6826072941286048e-02
-24500.331139	9.7237088642120675e-02
-24469.933706	9.7618823575449779e-02
-24439.536273	9.7720656257898428e-02
-24409.138840	9.8435533352296739e-02
-24378.741407	9.8557679665520315e-02
-24348.343973	9.8845616316879020e-02
-24317.946540	9.8958134764560932e-02
-24287.549107	9.9421365818629870e-02
-24257.151674	9.9728500155040714e-02
-24226.754241	1.0009187485517387e-01
-24196.356807	1.0099392764983854e-01
-24165.959374	1.0176400919139708e-01
-24135.561941	1.0234553447444318e-01
-24105.164508	1.0249137935185072e-01
-24074.767075	1.0316262837972556e-01
-24044.369642	1.0412787817107347e-01
-24013.972208	1.0438978798929480e-01
-23983.574775	1.0515570794631478e-01
-23953.177342	1.0543897344047978e-01
-23922.779909	1.0577354272534802e-01
-23892.382476	1.0593274529309539e-01
-23861.985043	1.0601128801835376e-01
-23831.587609	1.0616945000541245e-01
-23801.190176	1.0641044227803852e-01
-23770.792743	1.0656724705431120e-01
-23740.395310	1.0847808837600038e-01
-23709.997877	1.0854527803631962e-01
-23679.600443	1.1017842675139683e-01
-23649.203010	1.1041579210645779e-01
-23618.805577	1.1050066119746341e-01
-23588.408144	1.1122355191841192e-01
-23558.010711	1.1140991602140284e-01
-23527.613278	1.1168632490125667e-01
-23497.215844	1.1259742633824485e-01
-23466.818411	1.1281982348693530e-01
-23436.420978	1.1295898761373002e-01
-23406.023545	1.1305111563539359e-01
-23375.626112	1.1320341505541738e-01
-23345.228679	1.1328667141467898e-01
-23314.831245	1.1345717334323836e-01
-23284.433812	1.1356880262697965e-01
-23254.036379	1.1411570527850383e-01
-23223.638946	1.1436699057823477e-01
-23193.241513	1.1510565334292137e-01
-23162.844079	1.1559317023677275e-01
-23132.446646	1.1563656392210571e-01
-23102.049213	1.1587080859772074e-01
-23071.651780	1.1663686718181464e-01
-23041.254347	1.1715084361757371e-01
-23010.856914	1.1787310383625907e-01
-22980.459480	1.1801490642829703e-01
-22950.062047	1.1860058902428128e-01
-22919.664614	1.1873273747944704e-01
-22889.267181	1.1987322471125214e-01
-22858.869748	1.2063114307622227e-01
-22828.472315	1.2114852651018598e-01
-22798.074881	1.2197760998687106e-01
-22767.677448	1.2233509057325975e-01
-22737.280015	1.2251901636148267e-01
-22706.882582	1.2258487070542501e-01
-22676.485149	1.2317607248582754e-01
-22646.087716	1.2345471875741609e-01
-22615.690282	1.2409651872737497e-01
-22585.292849	1.2416846089467350e-01
-22554.895416	1.2498300320468303e-01
-22524.497983	1.2553723631028160e-01
-22494.100550	1.2563908986871372e-01
-22463.703116	1.2625891041825157e-01
-22433.305683	1.2694361739602622e-01
-22402.908250	1.2724255135327761e-01
-22372.510817	1.2751067592577581e-01
-22342.113384	1.2772035921798386e-01
-22311.715951	1.2787650404213380e-01
-22281.318517	1.2879942596927965e-01
-22250.921084	1.2894115664894817e-01
-22220.523651	1.2916675667612204e-01
-22190.126218	1.2927846099077528e-01
-22159.728785	1.2987510306111855e-01
-22129.331352	1.3017368994600279e-01
-22098.933918	1.3027450655499362e-01
-22068.536485	1.3046926425269137e-01
-22038.139052	1.3076389140388706e-01
-22007.741619	1.3120019312914491e-01
-21977.344186	1.3158993578969233e-01
-21946.946752	1.3210436205662426e-01
-21916.549319	1.3250792399312439e-01
-21886.151886	1.3335234695934384e-01
-21855.754453	1.3416382905478572e-01
-21825.357020	1.3441613340979022e-01
-21794.959587	1.3466286067857461e-01
-21764.562153	1.3524380515628220e-01
-21734.164720	1.3531099614848599e-01
-21703.767287	1.3598940883529761e-01
-21673.369854	1.3616903217849893e-01
-21642.972421	1.3650368494625784e-01
-21612.574988	1.3692604713706277e-01
-21582.177554	1.3739187941795111e-01
-21551.780121	1.3750748081787306e-01
-21521.382688	1.3775231488355466e-01
-21490.985255	1.3786474924635736e-01
-21460.587822	1.3799772599945470e-01
-21430.190389	1.3809611902618774e-01
-21399.792955	1.3824304232509205e-01
-21369.395522	1.3854576823252709e-01
-21338.998089	1.3866202912545997e-01
-21308.600656	1.3888104632178683e-01
-21278.203223	1.3977165966397714e-01
-21247.805789	1.4011551069745118e-01
-21217.408356	1.4036507011504309e-01
-21187.010923	1.4087279544453932e-01
-21156.613490	1.4096331641186308e-01
-21126.216057	1.4120615107058057e-01
-21095.818624	1.4176706439847242e-01
-21065.421190	1.4191699040413461e-01
-21035.023757	1.4214296013674474e-01
-21004.626324	1.4273277624203698e-01
-20974.228891	1.4298562049262459e-01
-20943.831458	1.4353285830680393e-01
-20913.434025	1.4392128134413323e-01
-20883.036591	1.4422545136607071e-01
-20852.639158	1.4456960533209837e-01
-20822.241725	1.4472227730061688e-01
-20791.844292	1.4546445457230198e-01
-20761.446859	1.4583798137548046e-01
-20731.049425	1.4608677264339856e-01
-20700.651992	1.4627286900307204e-01
-20670.254559	1.4652808245762483e-01
-20639.857126	1.4658566702242423e-01
-20609.459693	1.4774696110875524e-01
-20579.062260	1.4781248479474846e-01
-20548.664826	1.4793439304688372e-01
-20518.267393	1.4885341903799762e-01
-20487.869960	1.4893830464352553e-01
-20457.472527	1.4924347621549264e-01
-20427.075094	1.4944745178829744e-01
-20396.677661	1.4949514297920247e-01
-20366.280227	1.4974664094755596e-01
-20335.882794	1.5001181251555401e-01
-20305.485361	1.5080356165766978e-01
-20275.087928	1.5110265495555519e-01
-20244.690495	1.5155826652906068e-01
-20214.293062	1.5191043763785858e-01
-20183.895628	1.5217735526009232e-01
-20153.498195	1.5271170327123493e-01
-20123.100762	1.5308393739748463e-01
-20092.703329	1.5327775563675128e-01
-20062.305896	1.5343833820172784e-01
-20031.908462	1.5391584971113856e-01
-20001.511029	1.5436266555150757e-01
-19971.113596	1.5591037734154434e-01
-19940.716163	1.5662703963617056e-01
-19910.318730	1.5680961773845051e-01
-19879.921297	1.5744688628254433e-01
-19849.523863	1.5771882902059026e-01
-19819.126430	1.5792009182919742e-01
-19788.728997	1.5816168862563412e-01
-19758.331564	1.5827437557519738e-01
-19727.934131	1.5918532824342702e-01
-19697.536698	1.5984413566225572e-01
-19667.139264	1.6018849987384720e-01
-19636.741831	1.6030239002724708e-01
-19606.344398	1.6043752446194851e-01
-19575.946965	1.6053642971389617e-01
-19545.549532	1.6067843708592419e-01
-19515.152098	1.6082011800668550e-01
-19484.754665	1.6090263727465004e-01
-19454.357232	1.6101290349351083e-01
-19423.959799	1.6201912047037065e-01
-19393.562366	1.6217181360617530e-01
-19363.164933	1.6226615464449487e-01
-19332.767499	1.6252451635837972e-01
-19302.370066	1.6281316331830764e-01
-19271.972633	1.6322582539327010e-01
-19241.575200	1.6360405664618929e-01
-19211.177767	1.6423666656649499e-01
-19180.780334	1.6476411443141134e-01
-19150.382900	1.6486005783899937e-01
-19119.985467	1.6509717750332364e-01
-19089.588034	1.6560226952754323e-01
-19059.190601	1.6573371198546599e-01
-19028.793168	1.6605914494068044e-01
-18998.395734	1.6611021442885410e-01
-18967.998301	1.6650468762854354e-01
-18937.600868	1.6670766356364222e-01
-18907.203435	1.6677392884459255e-01
-18876.806002	1.6684771514922656e-01
-18846.408569	1.6731078763524918e-01
-18816.011135	1.6744478493159556e-01
-18785.613702	1.6759874914620640e-01
-18755.216269	1.6797360201381165e-01
-18724.818836	1.6811992257438071e-01
-18694.421403	1.6847563272868649e-01
-18664.023970	1.6890293634099168e-01
-18633.626536	1.6902287393063792e-01
-18603.229103	1.6948211138765218e-01
-18572.831670	1.6977731232737389e-01
-18542.434237	1.6983107597181207e-01
-18512.036804	1.6994254876661233e-01
-18481.639371	1.7034067074455192e-01
-18451.241937	1.7046400643896981e-01
-18420.844504	1.7059395697374888e-01
-18390.447071	1.7080510582683123e-01
-18360.049638	1.7129346913438079e-01
-18329.652205	1.7169836975976643e-01
-18299.254771	1.7198670639369851e-01
-18268.857338	1.7225481229017878e-01
-18238.459905	1.7233265554224012e-01
-18208.062472	1.7262277386738831e-01
-18177.665039	1.7274283794667963e-01
-18147.267606	1.7282556230384413e-01
-18116.870172	1.7286973000382105e-01
-18086.472739	1.7309296946476507e-01
-18056.075306	1.7316287872366365e-01
-18025.677873	1.7364687447635629e-01
-17995.280440	1.7470380774015701e-01
-17964.883007	1.7495548355473856e-01
-17934.485573	1.7509758411060322e-01
-17904.088140	1.7578115259239085e-01
-17873.690707	1.7582945951293819e-01
-17843.293274	1.7632309381683664e-01
-17812.895841	1.7649694678789407e-01
-17782.498407	1.7693117831672231e-01
-17752.100974	1.7704023260224741e-01
-17721.703541	1.7708243431761359e-01
-17691.306108	1.7719152565373633e-01
-17660.908675	1.7732265386444770e-01
-17630.511242	1.7770284421949464e-01
-17600.113808	1.7783934404805637e-01
-17569.716375	1.7788533226954853e-01
-17539.318942	1.7811349336943946e-01
-17508.921509	1.7817993571801122e-01
-17478.524076	1.8093197178637316e-01
-17448.126643	1.8127271195862851e-01
-17417.729209	1.8204016757365757e-01
-17387.331776	1.8371980537785132e-01
-17356.934343	1.8377112667436435e-01
-17326.536910	1.8570376871366034e-01
-17296.139477	1.8577851952832569e-01
-17265.742044	1.8599782889590200e-01
-17235.344610	1.8635874233490585e-01
-17204.947177	1.8661933115591076e-01
-17174.549744	1.8726087730398061e-01
-17144.152311	1.8818127014872169e-01
-17113.754878	1.8976645308047438e-01
-17083.357444	1.9024257247464330e-01
-17052.960011	1.9171138456691242e-01
-17022.562578	1.9227306680032152e-01
-16992.165145	1.9250487875031894e-01
-16961.767712	1.9278314046945269e-01
-16931.370279	1.9286647495583359e-01
-16900.972845	1.9302982419836773e-01
-16870.575412	1.9347645117102202e-01
-16840.177979	1.9467110444425711e-01
-16809.780546	1.9475863220393672e-01
-16779.383113	1.9511092909759450e-01
-16748.985680	1.9552677516751099e-01
-16718.588246	1.9683241997988804e-01
-16688.190813	1.9985899317003597e-01
-16657.793380	1.9997784988981229e-01
-16627.395947	2.0057064389777449e-01
-16596.998514	2.0065731938304718e-01
-16566.601080	2.0077029342019237e-01
-16536.203647	2.0096512646700906e-01
-16505.806214	2.0120038761283779e-01
-16475.408781	2.0156804779428861e-01
-16445.011348	2.0179643765098049e-01
-16414.613915	2.0187068573183717e-01
-16384.216481	2.0197666587119567e-01
-16353.819048	2.0307727514888280e-01
-16323.421615	2.0348505244658074e-01
-16293.024182	2.0463531544759603e-01
-16262.626749	2.0638573539927038e-01
-16232.229316	2.0683896959784967e-01
-16201.831882	2.0688624467071368e-01
-16171.434449	2.1079976975215906e-01
-16141.037016	2.1113388266484184e-01
-16110.639583	2.1175619906143095e-01
-16080.242150	2.1239698233621743e-01
-16049.844716	2.1269895451270809e-01
-16019.447283	2.1297746282309124e-01
-15989.049850	2.1457041572748731e-01
-15958.652417	2.1494909645960281e-01
-15928.254984	2.1660689179120163e-01
-15897.857551	2.1720414589257991e-01
-15867.460117	2.1948531606838914e-01
-15837.062684	2.2034576619772733e-01
-15806.665251	2.2043796962069692e-01
-15776.267818	2.2098204231918706e-01
-15745.870385	2.2110906307893194e-01
-15715.472952	2.2150884418030126e-01
-15685.075518	2.2198893229951236e-01
-15654.678085	2.2263923316298845e-01
-15624.280652	2.2353692985591242e-01
-15593.883219	2.2364743958203850e-01
-15563.485786	2.2450583860556447e-01
-15533.088353	2.2456322643266569e-01
-15502.690919	2.2464466111665982e-01
-15472.293486	2.2475024972211527e-01
-15441.896053	2.2554055701469519e-01
-15411.498620	2.2576435822733579e-01
-15381.101187	2.2656392004468559e-01
-15350.703753	2.2719195794161781e-01
-15320.306320	2.2824486453811307e-01
-15289.908887	2.2844350467924773e-01
-15259.511454	2.2854746341441570e-01
-15229.114021	2.2887337182736578e-01
-15198.716588	2.2931192050130597e-01
-15168.319154	2.2978869833503601e-01
-15137.921721	2.3071411271553718e-01
-15107.524288	2.3077479015760285e-01
-15077.126855	2.3133520334149790e-01
-15046.729422	2.3138918544432233e-01
-15016.331989	2.3229503738193760e-01
-14985.934555	2.3364162781698855e-01
-14955.537122	2.3374933845730325e-01
-14925.139689	2.3451253650980541e-01
-14894.742256	2.3466183798731055e-01
-14864.344823	2.3495553446330125e-01
-14833.947389	2.3611380215560274e-01
-14803.549956	2.3631086427145859e-01
-14773.152523	2.3658837439547681e-01
-14742.755090	2.3678434886358771e-01
-14712.357657	2.3682213731527249e-01
-14681.960224	2.3739461526570960e-01
-14651.562790	2.3804324701606858e-01
-14621.165357	2.3820524949269803e-01
-14590.767924	2.3878660255035386e-01
-14560.370491	2.3918861370412622e-01
-14529.973058	2.3981337604171585e-01
-14499.575625	2.4041479269258426e-01
-14469.178191	2.4079567811823016e-01
-14438.780758	2.4102798178339108e-01
-14408.383325	2.4126371354561099e-01
-14377.985892	2.4173170559275203e-01
-14347.588459	2.4215481137219075e-01
-14317.191026	2.4278575603804087e-01
-14286.793592	2.4328707926392887e-01
-14256.396159	2.4434844099602429e-01
-14225.998726	2.4488692744621091e-01
-14195.601293	2.4598390856703733e-01
-14165.203860	2.4607655503345499e-01
-14134.806426	2.4647883235217224e-01
-14104.408993	2.4682784532767804e-01
-14074.011560	2.4692599671122825e-01
-14043.614127	2.4701398835409361e-01
-14013.216694	2.4708142995238250e-01
-13982.819261	2.4744575112117892e-01
-13952.421827	2.4747662874022630e-01
-13922.024394	2.4752086818745273e-01
-13891.626961	2.4814583772370591e-01
-13861.229528	2.4863233360938194e-01
-13830.832095	2.4871605448222173e-01
-13800.434662	2.4911215801991018e-01
-13770.037228	2.4951655088599956e-01
-13739.639795	2.4957799122080285e-01
-13709.242362	2.5007343598894288e-01
-13678.844929	2.5012764915895974e-01
-13648.447496	2.5122225759894923e-01
-13618.050062	2.5131870858891320e-01
-13587.652629	2.5145643816154684e-01
-13557.255196	2.5148928311862645e-01
-13526.857763	2.5176213521985880e-01
-13496.460330	2.5185110313002035e-01
-13466.062897	2.5201520028672347e-01
-13435.665463	2.5236716981351753e-01
-13405.268030	2.5246507946454527e-01
-13374.870597	2.5310710465541053e-01
-13344.473164	2.5324293392308178e-01
-13314.075731	2.5341611583329426e-01
-13283.678298	2.5343736553042828e-01
-13253.280864	2.5359858197604485e-01
-13222.883431	2.5366788440568039e-01
-13192.485998	2.5375219136944049e-01
-13162.088565	2.5392788536604471e-01
-13131.691132	2.5405556901721865e-01
-13101.293699	2.5417134496636484e-01
-13070.896265	2.5454558125114179e-01
-13040.498832	2.5461012786577708e-01
-13010.101399	2.5495280564186501e-01
-12979.703966	2.5508480969538749e-01
-12949.306533	2.5553850655683902e-01
-12918.909099	2.5572774694512679e-01
-12888.511666	2.5638760682174200e-01
-12858.114233	2.5665256058063651e-01
-12827.716800	2.5669093312568148e-01
-12797.319367	2.5729179155885074e-01
-12766.921934	2.5740999213128229e-01
-12736.524500	2.5742061882383499e-01
-12706.127067	2.5758133175672054e-01
-12675.729634	2.5810296521148218e-01
-12645.332201	2.5817137198056650e-01
-12614.934768	2.5828897272375229e-01
-12584.537335	2.5833963565115503e-01
-12554.139901	2.5870795946300768e-01
-12523.742468	2.5905935260285012e-01
-12493.345035	2.5912222250505812e-01
-12462.947602	2.5940944960192486e-01
-12432.550169	2.5973786130312998e-01
-12402.152735	2.6021626039206658e-01
-12371.755302	2.6038932681953858e-01
-12341.357869	2.6123244264851109e-01
-12310.960436	2.6157859056801053e-01
-12280.563003	2.6163045952511998e-01
-12250.165570	2.6180024591188911e-01
-12219.768136	2.6187930576231572e-01
-12189.370703	2.6208115108509300e-01
-12158.973270	2.6215237192718910e-01
-12128.575837	2.6247675123793446e-01
-12098.178404	2.6288437773781226e-01
-12067.780971	2.6302700328480128e-01
-12037.383537	2.6379471985294306e-01
-12006.986104	2.6399422607908601e-01
-11976.588671	2.6416897836424796e-01
-11946.191238	2.6434239829697159e-01
-11915.793805	2.6460746566960969e-01
-11885.396371	2.6513149898177407e-01
-11854.998938	2.6533732280229022e-01
-11824.601505	2.6546214792642725e-01
-11794.204072	2.6557353129021616e-01
-11763.806639	2.6563806309491012e-01
-11733.409206	2.6575536316630261e-01
-11703.011772	2.6609654933914256e-01
-11672.614339	2.6610428268997621e-01
-11642.216906	2.6612380185042189e-01
-11611.819473	2.6624274389303615e-01
-11581.422040	2.6670817018020604e-01
-11551.024607	2.6676707237621899e-01
-11520.627173	2.6710816381211683e-01
-11490.229740	2.6716256351983220e-01
-11459.832307	2.6733189138465774e-01
-11429.434874	2.6737831618388508e-01
-11399.037441	2.6752542080056513e-01
-11368.640008	2.6780931846156097e-01
-11338.242574	2.6794463354543413e-01
-11307.845141	2.6803317003546157e-01
-11277.447708	2.6876355228866083e-01
-11247.050275	2.6884973292211073e-01
-11216.652842	2.6920086950651029e-01
-11186.255408	2.6937760854090426e-01
-11155.857975	2.6958479022655718e-01
-11125.460542	2.6980465627084477e-01
-11095.063109	2.6996810099352031e-01
-11064.665676	2.7043518007279510e-01
-11034.268243	2.7074417339598850e-01
-11003.870809	2.7086360171941282e-01
-10973.473376	2.7121837030218604e-01
-10943.075943	2.7135605775463950e-01
-10912.678510	2.7142314223732150e-01
-10882.281077	2.7144585349181821e-01
-10851.883644	2.7168141375478710e-01
-10821.486210	2.7176747554825842e-01
-10791.088777	2.7192599613413387e-01
-10760.691344	2.7201728196534181e-01
-10730.293911	2.7251884297436607e-01
-10699.896478	2.7266721039680447e-01
-10669.499044	2.7268931114369432e-01
-10639.101611	2.7304898734431693e-01
-10608.704178	2.7307852465158439e-01
-10578.306745	2.7310714712935125e-01
-10547.909312	2.7319981530146487e-01
-10517.511879	2.7373192203468705e-01
-10487.114445	2.7382031957318459e-01
-10456.717012	2.7392313799519186e-01
-10426.319579	2.7402164630543890e-01
-10395.922146	2.7408464553994699e-01
-10365.524713	2.7430109070814274e-01
-10335.127280	2.7437717128761480e-01
-10304.729846	2.7449814344196166e-01
-10274.332413	2.7460500854685216e-01
-10243.934980	2.7469591677179167e-01
-10213.537547	2.7519101895228787e-01
-10183.140114	2.7529316509356938e-01
-10152.742681	2.7537675703746312e-01
-10122.345247	2.7550786758489448e-01
-10091.947814	2.7579894562500379e-01
-10061.550381	2.7609829240685990e-01
-10031.152948	2.7624447282680309e-01
-10000.755515	2.7646817419530850e-01
-9970.358081	2.7653882983456984e-01
-9939.960648	2.7717571313953293e-01
-9909.563215	2.7732527251374478e-01
-9879.165782	2.7739094571211681e-01
-9848.768349	2.7784507411975617e-01
-9818.370916	2.7785933595096868e-01
-9787.973482	2.7807319263616453e-01
-9757.576049	2.7818360404737658e-01
-9727.178616	2.7836563048782115e-01
-9696.781183	2.7849382690912122e-01
-9666.383750	2.7879343557254110e-01
-9635.986317	2.7903565617775433e-01
-9605.588883	2.7917230357681200e-01
-9575.191450	2.7920662167780946e-01
-9544.794017	2.7963421622522078e-01
-9514.396584	2.7969082123263023e-01
-9483.999151	2.7980937662443861e-01
-9453.601717	2.7983702151293571e-01
-9423.204284	2.8020969690696207e-01
-9392.806851	2.8030259037987948e-01
-9362.409418	2.8036178557079666e-01
-9332.011985	2.8038560002178958e-01
-9301.614552	2.8064180681028283e-01
-9271.217118	2.8094716040271017e-01
-9240.819685	2.8132749592737155e-01
-9210.422252	2.8170729640537867e-01
-9180.024819	2.8202535082061508e-01
-9149.627386	2.8211048732187044e-01
-9119.229953	2.8241266813679611e-01
-9088.832519	2.8248159845940629e-01
-9058.435086	2.8272041382642960e-01
-9028.037653	2.8299165660900077e-01
-8997.640220	2.8303820048919820e-01
-8967.242787	2.8308072802076140e-01
-8936.845354	2.8328802456300839e-01
-8906.447920	2.8343040132697078e-01
-8876.050487	2.8358701021446653e-01
-8845.653054	2.8386214553549799e-01
-8815.255621	2.8390916070680261e-01
-8784.858188	2.8401357370973268e-01
-8754.460754	2.8403617170407952e-01
-8724.063321	2.8429915255915889e-01
-8693.665888	2.8462419237279524e-01
-8663.268455	2.8494294603716619e-01
-8632.871022	2.8529136362531315e-01
-8602.473589	2.8550426198503204e-01
-8572.076155	2.8553296330702416e-01
-8541.678722	2.8580150029526741e-01
-8511.281289	2.8586321549658611e-01
-8480.883856	2.8591105375424036e-01
-8450.486423	2.8621735945963189e-01
-8420.088990	2.8634822664789278e-01
-8389.691556	2.8659999483091853e-01
-8359.294123	2.8674065072195504e-01
-8328.896690	2.8681233225620922e-01
-8298.499257	2.8682391476188979e-01
-8268.101824	2.8690684678531109e-01
-8237.704390	2.8695538974540863e-01
-8207.306957	2.8706931358911808e-01
-8176.909524	2.8717175409667439e-01
-8146.512091	2.8722191135364555e-01
-8116.114658	2.8730713442305339e-01
-8085.717225	2.8740233570239276e-01
-8055.319791	2.8744987801782534e-01
-8024.922358	2.8755896816979942e-01
-7994.524925	2.8766143246247039e-01
-7964.127492	2.8771263158246241e-01
-7933.730059	2.8783763281668723e-01
-7903.332626	2.8797078523377534e-01
-7872.935192	2.8799477974221827e-01
-7842.537759	2.8818010647927944e-01
-7812.140326	2.8819390720513915e-01
-7781.742893	2.8892792971571873e-01
-7751.345460	2.8898813563105080e-01
-7720.948026	2.8900740041626144e-01
-7690.550593	2.8903884440389310e-01
-7660.153160	2.8934469041913685e-01
-7629.755727	2.8941687475514188e-01
-7599.358294	2.8952170174102032e-01
-7568.960861	2.8955619339936511e-01
-7538.563427	2.8959396415813132e-01
-7508.165994	2.8963398974501570e-01
-7477.768561	2.8970645805079048e-01
-7447.371128	2.8992308875581541e-01
-7416.973695	2.8994949797176672e-01
-7386.576262	2.9000231474631238e-01
-7356.178828	2.9008175385510232e-01
-7325.781395	2.9008550981589237e-01
-7295.383962	2.9018553227852761e-01
-7264.986529	2.9021942663664102e-01
-7234.589096	2.9023014292043808e-01
-7204.191663	2.9028995996964263e-01
-7173.794229	2.9032669742835215e-01
-7143.396796	2.9034087360698640e-01
-7112.999363	2.9038094617983445e-01
-7082.601930	2.9039992531583164e-01
-7052.204497	2.9043335453053104e-01
-7021.807063	2.9048489869637911e-01
-6991.409630	2.9053930786096982e-01
-6961.012197	2.9064521155382617e-01
-6930.614764	2.9065975865707089e-01
-6900.217331	2.9067268511197292e-01
-6869.819898	2.9075945918742013e-01
-6839.422464	2.9078947111695264e-01
-6809.025031	2.9081453310463379e-01
-6778.627598	2.9080473833713111e-01
-6748.230165	2.9091225246154040e-01
-6717.832732	2.9092705197077395e-01
-6687.435299	2.9099709645151522e-01
-6657.037865	2.9102368885895474e-01
-6626.640432	2.9107498189490461e-01
-6596.242999	2.9116741026528437e-01
-6565.845566	2.9127997562175734e-01
-6535.448133	2.9135057471288495e-01
-6505.050699	2.9141346772855553e-01
-6474.653266	2.9149106609582748e-01
-6444.255833	2.9154910010317980e-01
-6413.858400	2.9159335019789340e-01
-6383.460967	2.9178522495858095e-01
-6353.063534	2.9188328284639070e-01
-6322.666100	2.9191379711452536e-01
-6292.268667	2.9195012145998084e-01
-6261.871234	2.9198387964240624e-01
-6231.473801	2.9202696915730381e-01
-6201.076368	2.9206305475992667e-01
-6170.678935	2.9210976903433084e-01
-6140.281501	2.9217947413908379e-01
-6109.884068	2.9231656960417135e-01
-6079.486635	2.9235125788186306e-01
-6049.089202	2.9239998068009837e-01
-6018.691769	2.9251709281260885e-01
-5988.294336	2.9267665505845408e-01
-5957.896902	2.9271557800517634e-01
-5927.499469	2.9272786929445044e-01
-5897.102036	2.9283881723801763e-01
-5866.704603	2.9285076008521649e-01
-5836.307170	2.9295057747708880e-01
-5805.909736	2.9297576841305945e-01
-5775.512303	2.9299680354585256e-01
-5745.114870	2.9312796759732618e-01
-5714.717437	2.9321183569495196e-01
-5684.320004	2.9323624610062704e-01
-5653.922571	2.9324946510445921e-01
-5623.525137	2.9327703089793183e-01
-5593.127704	2.9332137824122978e-01
-5562.730271	2.9336635457359700e-01
-5532.332838	2.9345333311139565e-01
-5501.935405	2.9351173333239083e-01
-5471.537972	2.9352428533882569e-01
-5441.140538	2.9358482271670111e-01
-5410.743105	2.9360332392427296e-01
-5380.345672	2.9362799999886902e-01
-5349.948239	2.9363473814235796e-01
-5319.550806	2.9374688592650722e-01
-5289.153372	2.9377306540996317e-01
-5258.755939	2.9382249376551095e-01
-5228.358506	2.9384091905291609e-01
-5197.961073	2.9400506822226530e-01
-5167.563640	2.9409645317417510e-01
-5137.166207	2.9414107306575304e-01
-5106.768773	2.9420403946966012e-01
-5076.371340	2.9433163836736642e-01
-5045.973907	2.9446689908997037e-01
-5015.576474	2.9451656584847929e-01
-4985.179041	2.9454642437435596e-01
-4954.781608	2.9461296742374932e-01
-4924.384174	2.9463534928080831e-01
-4893.986741	2.9464948583731132e-01
-4863.589308	2.9468550977326630e-01
-4833.191875	2.9469861170064277e-01
-4802.794442	2.9471321122289490e-01
-4772.397009	2.9477005364735187e-01
-4741.999575	2.9477338360543748e-01
-4711.602142	2.9495660815873032e-01
-4681.204709	2.9511090412688162e-01
-4650.807276	2.9517891172760274e-01
-4620.409843	2.9518872092159099e-01
-4590.012409	2.9519906550149322e-01
-4559.614976	2.9524701467426651e-01
-4529.217543	2.9528730578873186e-01
-4498.820110	2.9529546030175718e-01
-4468.422677	2.9531512578535507e-01
-4438.025244	2.9538464761606653e-01
-4407.627810	2.9543246500916448e-01
-4377.230377	2.9548330841834036e-01
-4346.832944	2.9550189358700285e-01
-4316.435511	2.9556365248312999e-01
-4286.038078	2.9563028857753504e-01
-4255.640645	2.9563935970555222e-01
-4225.243211	2.9572094947008304e-01
-4194.845778	2.9576753747536044e-01
-4164.448345	2.9579549019788043e-01
-4134.050912	2.9581263982153555e-01
-4103.653479	2.9584515818445889e-01
-4073.256045	2.9585604525345788e-01
-4042.858612	2.9588957230511398e-01
-4012.461179	2.9590583718493524e-01
-3982.063746	2.9593665561488036e-01
-3951.666313	2.9594934616649698e-01
-3921.268880	2.9597513030611555e-01
-3890.871446	2.9607917842853781e-01
-3860.474013	2.9623307712970920e-01
-3830.076580	2.9625947325961471e-01
-3799.679147	2.9632924262605354e-01
-3769.281714	2.9642586484105171e-01
-3738.884281	2.9669398071922337e-01
-3708.486847	2.9669996616773442e-01
-3678.089414	2.9674530041255154e-01
-3647.691981	2.9676186746353561e-01
-3617.294548	2.9680219793241147e-01
-3586.897115	2.9682658962433550e-01
-3556.499681	2.9682987498150254e-01
-3526.102248	2.9687130183275873e-01
-3495.704815	2.9688570665692388e-01
-3465.307382	2.9694129524405061e-01
-3434.909949	2.9698798208679872e-01
-3404.512516	2.9700975064919416e-01
-3374.115082	2.9705071640591402e-01
-3343.717649	2.9707341180623070e-01
-3313.320216	2.9706955952179298e-01
-3282.922783	2.9714350698473846e-01
-3252.525350	2.9715068798218280e-01
-3222.127917	2.9715582909458865e-01
-3191.730483	2.9715076901308018e-01
-3161.333050	2.9716628710287973e-01
-3130.935617	2.9716649285876817e-01
-3100.538184	2.9716892713353416e-01
-3070.140751	2.9717094688968254e-01
-3039.743318	2.9718629765126686e-01
-3009.345884	2.9721757555405848e-01
-2978.948451	2.9729874966439496e-01
-2948.551018	2.9731458390312665e-01
-2918.153585	2.9728723553300068e-01
-2887.756152	2.9728785266108504e-01
-2857.358718	2.9728755157262332e-01
-2826.961285	2.9729862746503005e-01
-2796.563852	2.9730256066840516e-01
-2766.166419	2.9730394483164713e-01
-2735.768986	2.9730295006615642e-01
-2705.371553	2.9735258092051775e-01
-2674.974119	2.9736397705267148e-01
-2644.576686	2.9736499001776479e-01
-2614.179253	2.9742264560673204e-01
-2583.781820	2.9744030671884114e-01
-2553.384387	2.9744125488075446e-01
-2522.986954	2.9745664420335027e-01
-2492.589520	2.9753731384522719e-01
-2462.192087	2.9767161704055306e-01
-2431.794654	2.9768422325910276e-01
-2401.397221	2.9767961696871109e-01
-2370.999788	2.9770970204426445e-01
-2340.602354	2.9771183159241965e-01
-2310.204921	2.9773045133264692e-01
-2279.807488	2.9776966333008120e-01
-2249.410055	2.9782204190260830e-01
-2219.012622	2.9785964326075021e-01
-2188.615189	2.9786445745061685e-01
-2158.217755	2.9788416531136880e-01
-2127.820322	2.9788985986334054e-01
-2097.422889	2.9791268974896479e-01
-2067.025456	2.9791345655063400e-01
-2036.628023	2.9792173403409622e-01
-2006.230590	2.9805269975968340e-01
-1975.833156	2.9816512487459756e-01
-1945.435723	2.9818061726074441e-01
-1915.038290	2.9826194760984887e-01
-1884.640857	2.9826709896089504e-01
-1854.243424	2.9831221806081454e-01
-1823.845991	2.9838449220889557e-01
-1793.448557	2.9839319247948143e-01
-1763.051124	2.9844898713564183e-01
-1732.653691	2.9847391758319153e-01
-1702.256258	2.9847870294511969e-01
-1671.858825	2.9849154230772107e-01
-1641.461391	2.9855516514089508e-01
-1611.063958	2.9856206820994757e-01
-1580.666525	2.9857890433274431e-01
-1550.269092	2.9858382300111813e-01
-1519.871659	2.9861028463272471e-01
-1489.474226	2.9863639473043435e-01
-1459.076792	2.9865229618614691e-01
-1428.679359	2.9866527134160803e-01
-1398.281926	2.9875732117233306e-01
-1367.884493	2.9875816980342151e-01
-1337.487060	2.9880606122107090e-01
-1307.089627	2.9885536709041183e-01
-1276.692193	2.9886513525433539e-01
-1246.294760	2.9887754754431400e-01
-1215.897327	2.9891419286617826e-01
-1185.499894	2.9893325476581745e-01
-1155.102461	2.9893172802917822e-01
-1124.705027	2.9891771617637369e-01
-1094.307594	2.9891485503703757e-01
-1063.910161	2.9892982084917968e-01
-1033.512728	2.9896890487380162e-01
-1003.115295	2.9900507075167682e-01
-972.717862	2.9900553378466260e-01
-942.320428	2.9898823795390761e-01
-911.922995	2.9900488555736171e-01
-881.525562	2.9900732185901074e-01
-851.128129	2.9900197195862271e-01
-820.730696	2.9891844187296673e-01
-790.333263	2.9891285857906141e-01
-759.935829	2.9891581670856870e-01
-729.538396	2.9893228885685469e-01
-699.140963	2.9894488123202961e-01
-668.743530	2.9897574034286750e-01
-638.346097	2.9899655706714640e-01
-607.948664	2.9901337699239766e-01
-577.551230	2.9903409103703321e-01
-547.153797	2.9903414219626989e-01
-516.756364	2.9905216244487787e-01
-486.358931	2.9907573326837278e-01
-455.961498	2.9910374833140235e-01
-425.564064	2.9913032513963028e-01
-395.166631	2.9910999832365098e-01
-364.769198	2.9910767077896172e-01
-334.371765	2.9909489231962871e-01
-303.974332	2.9907417726035063e-01
-273.576899	2.9908531182859088e-01
-243.179465	2.9907797754732840e-01
-212.782032	2.9906132432962906e-01
-182.384599	2.9904993338401842e-01
-151.987166	2.9910428014334278e-01
-121.589733	2.9909976829785412e-01
-91.192300	2.9910303136545868e-01
-60.794866	2.9909563612028123e-01
-30.397433	2.9909087290708930e-01
0.000000	2.9908697570803311e-01
30.397433	2.9909753908813674e-01
60.794866	2.9910603193219404e-01
91.192300	2.9914358086177639e-01
121.589733	2.9914528200326312e-01
151.987166	2.9913177906709182e-01
182.384599	2.9915227799776439e-01
212.782032	2.9918161422801803e-01
243.179465	2.9918464515820919e-01
273.576899	2.9918167850163724e-01
303.974332	2.9917993564326278e-01
334.371765	2.9916133301453973e-01
364.769198	2.9916282895448110e-01
395.166631	2.9916954622313496e-01
425.564064	2.9918455581685915e-01
455.961498	2.9918169035298353e-01
486.358931	2.9917591205526201e-01
516.756364	2.9921628018308694e-01
547.153797	2.9922456389437746e-01
577.551230	2.9924959908804022e-01
607.948664	2.9925049708205587e-01
638.346097	2.9924113069679320e-01
668.743530	2.9924994404276639e-01
699.140963	2.9927019799780008e-01
729.538396	2.9925872154105709e-01
759.935829	2.9927735372200720e-01
790.333263	2.9928052471037953e-01
820.730696	2.9928295584976611e-01
851.128129	2.9930919910673232e-01
881.525562	2.9929193860329267e-01
911.922995	2.9926404785049271e-01
942.320428	2.9926227094820229e-01
972.717862	2.9927954205079310e-01
1003.115295	2.9928678067022613e-01
1033.512728	2.9924788285831172e-01
1063.910161	2.9925209295045674e-01
1094.307594	2.9925860613706051e-01
1124.705027	2.9923706046958232e-01
1155.102461	2.9922761505893114e-01
1185.499894	2.9920320784974519e-01
1215.897327	2.9915969160690703e-01
1246.294760	2.9914726804480629e-01
1276.692193	2.9915633070224185e-01
1307.089627	2.9917077717071650e-01
1337.487060	2.9915003817977126e-01
1367.884493	2.9917502459770129e-01
1398.281926	2.9915951945670605e-01
1428.679359	2.9916046054511058e-01
1459.076792	2.9915754667836947e-01
1489.474226	2.9915174473413175e-01
1519.871659	2.9915986126138000e-01
1550.269092	2.9914824397788708e-01
1580.666525	2.9914708213981722e-01
1611.063958	2.9914948407289865e-01
1641.461391	2.9916206696109393e-01
1671.858825	2.9917337878032674e-01
1702.256258	2.9915854629584404e-01
1732.653691	2.9914992178754851e-01
1763.051124	2.9913376746181558e-01
1793.448557	2.9909629417712141e-01
1823.845991	2.9901519946325694e-01
1854.243424	2.9897598996386687e-01
1884.640857	2.9893324549770772e-01
1915.038290	2.9886615315039905e-01
1945.435723	2.9879153947378367e-01
1975.833156	2.9879088761661882e-01
2006.230590	2.9877003232980059e-01
2036.628023	2.9880232408637525e-01
2067.025456	2.9880121669104265e-01
2097.422889	2.9881161500535369e-01
2127.820322	2.9880593045815934e-01
2158.217755	2.9880026401784665e-01
2188.615189	2.9878159797437714e-01
2219.012622	2.9875497522145372e-01
2249.410055	2.9874833316308547e-01
2279.807488	2.9870480079963629e-01
2310.204921	2.9866845542787340e-01
2340.602354	2.9861728315526614e-01
2370.999788	2.9861929204423560e-01
2401.397221	2.9862753608518849e-01
2431.794654	2.9863876688372210e-01
2462.192087	2.9865819772865138e-01
2492.589520	2.9864297488630553e-01
2522.986954	2.9858624465788319e-01
2553.384387	2.9860092228491558e-01
2583.781820	2.9860498701075938e-01
2614.179253	2.9858519025797531e-01
2644.576686	2.9851683702649351e-01
2674.974119	2.9850299440088846e-01
2705.371553	2.9847269350709965e-01
2735.768986	2.9843586457284643e-01
2766.166419	2.9843498592766243e-01
2796.563852	2.9842964503246577e-01
2826.961285	2.9839103938311462e-01
2857.358718	2.9829476607258359e-01
2887.756152	2.9825491528223530e-01
2918.153585	2.9830331455281422e-01
2948.551018	2.9829846764183710e-01
2978.948451	2.9829764863073654e-01
3009.345884	2.9825182840281816e-01
3039.743318	2.9821210217987881e-01
3070.140751	2.9819308283404122e-01
3100.538184	2.9814417029676843e-01
3130.935617	2.9814283535512887e-01
3161.333050	2.9814101353700567e-01
3191.730483	2.9811953864935786e-01
3222.127917	2.9811350602647502e-01
3252.525350	2.9805565616009216e-01
3282.922783	2.9805136589801939e-01
3313.320216	2.9803103021358218e-01
3343.717649	2.9800210053423476e-01
3374.115082	2.9797493024237998e-01
3404.512516	2.9794578020882928e-01
3434.909949	2.9794626197674984e-01
3465.307382	2.9792142628199719e-01
3495.704815	2.9789673520757487e-01
3526.102248	2.9786733528134884e-01
3556.499681	2.9784387236918675e-01
3586.897115	2.9782377035373747e-01
3617.294548	2.9781960248430828e-01
3647.691981	2.9779980652254251e-01
3678.089414	2.9781176049431624e-01
3708.486847	2.9777589144064720e-01
3738.884281	2.9776172202125767e-01
3769.281714	2.9774300759808753e-01
3799.679147	2.9774709907357166e-01
3830.076580	2.9775689606801542e-01
3860.474013	2.9770723427711432e-01
3890.871446	2.9757339779599512e-01
3921.268880	2.9751366513931182e-01
3951.666313	2.9750980785818643e-01
3982.063746	2.9748234321142619e-01
4012.461179	2.9744411973782697e-01
4042.858612	2.9742465608496077e-01
4073.256045	2.9731629909647417e-01
4103.653479	2.9732018974606494e-01
4134.050912	2.9729260915624656e-01
4164.448345	2.9728515169908087e-01
4194.845778	2.9726750540185942e-01
4225.243211	2.9716593738210895e-01
4255.640645	2.9712080526245621e-01
4286.038078	2.9712355111403571e-01
4316.435511	2.9712505138285700e-01
4346.832944	2.9710957019351747e-01
4377.230377	2.9707693553858777e-01
4407.627810	2.9708188455416168e-01
4438.025244	2.9710865847282025e-01
4468.422677	2.9709633399746999e-01
4498.820110	2.9708914338924403e-01
4529.217543	2.9706076316827568e-01
4559.614976	2.9702811519216310e-01
4590.012409	2.9699255567537192e-01
4620.409843	2.9687451403431286e-01
4650.807276	2.9687556760359429e-01
4681.204709	2.9681554755616307e-01
4711.602142	2.9679221744824924e-01
4741.999575	2.9678172798776431e-01
4772.397009	2.9677169522588009e-01
4802.794442	2.9671103776041152e-01
4833.191875	2.9667233252245295e-01
4863.589308	2.9667452517390736e-01
4893.986741	2.9664665898159459e-01
4924.384174	2.9660893199556265e-01
4954.781608	2.9658774547740785e-01
4985.179041	2.9658012434932551e-01
5015.576474	2.9656095260567961e-01
5045.973907	2.9650144930112654e-01
5076.371340	2.9646917734259132e-01
5106.768773	2.9644834487289579e-01
5137.166207	2.9644039202275757e-01
5167.563640	2.9641993317934984e-01
5197.961073	2.9635653266177242e-01
5228.358506	2.9632288733779560e-01
5258.755939	2.9625918478576291e-01
5289.153372	2.9623114844567916e-01
5319.550806	2.9621344352604051e-01
5349.948239	2.9616972850320994e-01
5380.345672	2.9612351510772728e-01
5410.743105	2.9607732516991181e-01
5441.140538	2.9604737797470976e-01
5471.537972	2.9601519679246913e-01
5501.935405	2.9597503384630419e-01
5532.332838	2.9594855347845095e-01
5562.730271	2.9592250193426400e-01
5593.127704	2.9590788327879214e-01
5623.525137	2.9586845539714690e-01
5653.922571	2.9578192797020841e-01
5684.320004	2.9575278526316279e-01
5714.717437	2.9572726165356134e-01
5745.114870	2.9571751052626877e-01
5775.512303	2.9571381703534044e-01
5805.909736	2.9569718467320288e-01
5836.307170	2.9565273549832993e-01
5866.704603	2.9564108590498678e-01
5897.102036	2.9559204633111735e-01
5927.499469	2.9549190409453291e-01
5957.896902	2.9547455444874343e-01
5988.294336	2.9547666230938169e-01
6018.691769	2.9546469566681077e-01
6049.089202	2.9542347129895702e-01
6079.486635	2.9539603485675703e-01
6109.884068	2.9536271838727135e-01
6140.281501	2.9534816058022351e-01
6170.678935	2.9531377889814220e-01
6201.076368	2.9519734388520702e-01
6231.473801	2.9516606228556186e-01
6261.871234	2.9512644661433085e-01
6292.268667	2.9510582675008545e-01
6322.666100	2.9507485885218265e-01
6353.063534	2.9504040730610132e-01
6383.460967	2.9502451556724624e-01
6413.858400	2.9495109025531074e-01
6444.255833	2.9487735395280423e-01
6474.653266	2.9485719201028060e-01
6505.050699	2.9479511971915301e-01
6535.448133	2.9474351758892775e-01
6565.845566	2.9470931840469361e-01
6596.242999	2.9455220231526597e-01
6626.640432	2.9453074004812502e-01
6657.037865	2.9445398677443885e-01
6687.435299	2.9444288802643054e-01
6717.832732	2.9441428089422794e-01
6748.230165	2.9430727366221787e-01
6778.627598	2.9428453625035345e-01
6809.025031	2.9419424436990155e-01
6839.422464	2.9415778449801311e-01
6869.819898	2.9412582314433700e-01
6900.217331	2.9412518186676068e-01
6930.614764	2.9410878240242666e-01
6961.012197	2.9406508768867451e-01
6991.409630	2.9400491892973868e-01
7021.807063	2.9387984462750899e-01
7052.204497	2.9383779641860375e-01
7082.601930	2.9378037896906040e-01
7112.999363	2.9371407178768888e-01
7143.396796	2.9366120269270302e-01
7173.794229	2.9352974559706901e-01
7204.191663	2.9348058859266185e-01
7234.589096	2.9348752217678908e-01
7264.986529	2.9346867720282571e-01
7295.383962	2.9339454435986217e-01
7325.781395	2.9334110268541658e-01
7356.178828	2.9321432114663087e-01
7386.576262	2.9320107305366738e-01
7416.973695	2.9305648613257840e-01
7447.371128	2.9301492306234295e-01
7477.768561	2.9278561772868916e-01
7508.165994	2.9275465425983005e-01
7538.563427	2.9267016849678928e-01
7568.960861	2.9260306052008367e-01
7599.358294	2.9247774381479097e-01
7629.755727	2.9243163224668917e-01
7660.153160	2.9237108074675267e-01
7690.550593	2.9233290207935314e-01
7720.948026	2.9218494023472913e-01
7751.345460	2.9207391439477109e-01
7781.742893	2.9202815439882984e-01
7812.140326	2.9200888406209219e-01
7842.537759	2.9197434743893519e-01
7872.935192	2.9193608154261230e-01
7903.332626	2.9169335979645422e-01
7933.730059	2.9165917051157420e-01
7964.127492	2.9163392983466979e-01
7994.524925	2.9161145902651769e-01
8024.922358	2.9156882949783719e-01
8055.319791	2.9152875816860335e-01
8085.717225	2.9149087851249345e-01
8116.114658	2.9146298462457526e-01
8146.512091	2.9127585100588704e-01
8176.909524	2.9125947413649483e-01
8207.306957	2.9122022590014923e-01
8237.704390	2.9111934571024678e-01
8268.101824	2.9106447066540070e-01
8298.499257	2.9101304428466429e-01
8328.896690	2.9097599350561343e-01
8359.294123	2.9095043070373283e-01
8389.691556	2.9091060553296905e-01
8420.088990	2.9088588069660670e-01
8450.486423	2.9070826548931433e-01
8480.883856	2.9058922804244780e-01
8511.281289	2.9044467880772462e-01
8541.678722	2.9033698165017963e-01
8572.076155	2.9030350130922178e-01
8602.473589	2.9027567662629217e-01
8632.871022	2.9026078283607348e-01
8663.268455	2.9014223589831745e-01
8693.665888	2.9006421093107881e-01
8724.063321	2.9000733726862005e-01
8754.460754	2.8997349304365000e-01
8784.858188	2.8993428187431014e-01
8815.255621	2.8988716028589001e-01
8845.653054	2.8980677548484629e-01
8876.050487	2.8976747760190141e-01
8906.447920	2.8971279167194808e-01
8936.845354	2.8954441344510190e-01
8967.242787	2.8951199253660581e-01
8997.640220	2.8944923724379218e-01
9028.037653	2.8940945001123231e-01
9058.435086	2.8926530688660429e-01
9088.832519	2.8915184287543350e-01
9119.229953	2.8908870439252732e-01
9149.627386	2.8900562855729078e-01
9180.024819	2.8896882737565721e-01
9210.422252	2.8886952456826359e-01
9240.819685	2.8880372432385543e-01
9271.217118	2.8879089509190242e-01
9301.614552	2.8875366980868816e-01
9332.011985	2.8870840933123210e-01
9362.409418	2.8868572890770827e-01
9392.806851	2.8866585208065432e-01
9423.204284	2.8852115041865289e-01
9453.601717	2.8827923083610518e-01
9483.999151	2.8822565770104902e-01
9514.396584	2.8815570218239356e-01
9544.794017	2.8812330071424519e-01
9575.191450	2.8790885172046010e-01
9605.588883	2.8771272773909934e-01
9635.986317	2.8769441352677516e-01
9666.383750	2.8754936349659349e-01
9696.781183	2.8752552853896424e-01
9727.178616	2.8749106556046294e-01
9757.576049	2.8740458089029919e-01
9787.973482	2.8724379269704570e-01
9818.370916	2.8715102810108595e-01
9848.768349	2.8703726389462220e-01
9879.165782	2.8697861647965656e-01
9909.563215	2.8694096913981387e-01
9939.960648	2.8691071829670700e-01
9970.358081	2.8689448324172534e-01
10000.755515	2.8682890635513481e-01
10031.152948	2.8677803485596792e-01
10061.550381	2.8672568425296252e-01
10091.947814	2.8642544869957781e-01
10122.345247	2.8632704635409600e-01
10152.742681	2.8633032971948474e-01
10183.140114	2.8630001017898193e-01
10213.537547	2.8615784775505454e-01
10243.934980	2.8596496636848573e-01
10274.332413	2.8585663070626738e-01
10304.729846	2.8581301054788649e-01
10335.127280	2.8576074179095834e-01
10365.524713	2.8566774244487364e-01
10395.922146	2.8565459824435424e-01
10426.319579	2.8559328520660904e-01
10456.717012	2.8546415509093848e-01
10487.114445	2.8545565981126864e-01
10517.511879	2.8540540078595117e-01
10547.909312	2.8519815637972423e-01
10578.306745	2.8514720241242697e-01
10608.704178	2.8501922268117952e-01
10639.101611	2.8499030037480583e-01
10669.499044	2.8494831656311098e-01
10699.896478	2.8490363610793329e-01
10730.293911	2.8482986813583483e-01
10760.691344	2.8474944537370656e-01
10791.088777	2.8461688916933020e-01
10821.486210	2.8456383097282101e-01
10851.883644	2.8448028081580140e-01
10882.281077	2.8444247203245732e-01
10912.678510	2.8433720192152712e-01
10943.075943	2.8415505124268436e-01
10973.473376	2.8406294136201682e-01
11003.870809	2.8360958456511332e-01
11034.268243	2.8356022328986774e-01
11064.665676	2.8353559976828407e-01
11095.063109	2.8348553381644537e-01
11125.460542	2.8342733382023705e-01
11155.857975	2.8321336891015930e-01
11186.255408	2.8317893990827575e-01
11216.652842	2.8310645352988184e-01
11247.050275	2.8307543547158182e-01
11277.447708	2.8303874412777741e-01
11307.845141	2.8285837032158812e-01
11338.242574	2.8281942593649750e-01
11368.640008	2.8273651255531695e-01
11399.037441	2.8271579387249868e-01
11429.434874	2.8263460070488894e-01
11459.832307	2.8258754507976480e-01
11490.229740	2.8252100692515447e-01
11520.627173	2.8246122759939696e-01
11551.024607	2.8244331961951025e-01
11581.422040	2.8224660765667497e-01
11611.819473	2.8215937215413922e-01
11642.216906	2.8198533882988097e-01
11672.614339	2.8191817388378776e-01
11703.011772	2.8184821336580823e-01
11733.409206	2.8181813655602100e-01
11763.806639	2.8172200875357645e-01
11794.204072	2.8168014150078058e-01
11824.601505	2.8155653278101972e-01
11854.998938	2.8151853162713231e-01
11885.396371	2.8147962518444608e-01
11915.793805	2.8143760244812216e-01
11946.191238	2.8105710626226826e-01
11976.588671	2.8102797610752561e-01
12006.986104	2.8086024755359884e-01
12037.383537	2.8066698739058477e-01
12067.780971	2.8059721333277787e-01
12098.178404	2.8046275619121808e-01
12128.575837	2.8039180673867142e-01
12158.973270	2.8028926190709114e-01
12189.370703	2.8010603823674823e-01
12219.768136	2.8002112925812034e-01
12250.165570	2.7989376911352637e-01
12280.563003	2.7977367015286880e-01
12310.960436	2.7964706572310793e-01
12341.357869	2.7919124794877970e-01
12371.755302	2.7910074406321078e-01
12402.152735	2.7903979674469687e-01
12432.550169	2.7895996535814005e-01
12462.947602	2.7891780773453440e-01
12493.345035	2.7856063146685334e-01
12523.742468	2.7833005169501912e-01
12554.139901	2.7785072027150731e-01
12584.537335	2.7764183607893050e-01
12614.934768	2.7761998555057932e-01
12645.332201	2.7757339299159878e-01
12675.729634	2.7751447558258718e-01
12706.127067	2.7745827714184262e-01
12736.524500	2.7712332140462553e-01
12766.921934	2.7703568731069655e-01
12797.319367	2.7680811725406429e-01
12827.716800	2.7671483704841909e-01
12858.114233	2.7663791548543676e-01
12888.511666	2.7632590452916228e-01
12918.909099	2.7595839685370771e-01
12949.306533	2.7584584967926418e-01
12979.703966	2.7575821663640437e-01
13010.101399	2.7552352246047679e-01
13040.498832	2.7544956922419322e-01
13070.896265	2.7523679692508768e-01
13101.293699	2.7501789882054073e-01
13131.691132	2.7470368413485802e-01
13162.088565	2.7452266884762982e-01
13192.485998	2.7436911546466519e-01
13222.883431	2.7417282783765917e-01
13253.280864	2.7407385392129380e-01
13283.678298	2.7396682283015317e-01
13314.075731	2.7386868736997999e-01
13344.473164	2.7360751680690765e-01
13374.870597	2.7307088534585960e-01
13405.268030	2.7259980292810621e-01
13435.665463	2.7243670943523990e-01
13466.062897	2.7235721601568602e-01
13496.460330	2.7227134454541013e-01
13526.857763	2.7224688725394014e-01
13557.255196	2.7209739042341335e-01
13587.652629	2.7204299057843884e-01
13618.050062	2.7191954483210096e-01
13648.447496	2.7186507958697298e-01
13678.844929	2.7175479196484348e-01
13709.242362	2.7153040647198257e-01
13739.639795	2.7142723087013948e-01
13770.037228	2.7113491156133351e-01
13800.434662	2.7049889204434946e-01
13830.832095	2.7038176677083120e-01
13861.229528	2.7030811885070916e-01
13891.626961	2.7020163233602396e-01
13922.024394	2.6975723291231296e-01
13952.421827	2.6968796336347561e-01
13982.819261	2.6961767108549284e-01
14013.216694	2.6955630827678045e-01
14043.614127	2.6948546125940775e-01
14074.011560	2.6934129732373785e-01
14104.408993	2.6879382359367082e-01
14134.806426	2.6875383900996280e-01
14165.203860	2.6809952750714777e-01
14195.601293	2.6800819041007445e-01
14225.998726	2.6766697373989246e-01
14256.396159	2.6756592798589335e-01
14286.793592	2.6746427059902356e-01
14317.191026	2.6733973478744222e-01
14347.588459	2.6720702836619997e-01
14377.985892	2.6687872013535252e-01
14408.383325	2.6676451874429530e-01
14438.780758	2.6625797680416391e-01
14469.178191	2.6590643734361064e-01
14499.575625	2.6525648350554032e-01
14529.973058	2.6519460254093746e-01
14560.370491	2.6509676396206305e-01
14590.767924	2.6464724818292451e-01
14621.165357	2.6452248460205940e-01
14651.562790	2.6441199444231461e-01
14681.960224	2.6422866752239060e-01
14712.357657	2.6414097187259306e-01
14742.755090	2.6410832768441256e-01
14773.152523	2.6403600408119410e-01
14803.549956	2.6395362489538587e-01
14833.947389	2.6360829614786746e-01
14864.344823	2.6355940320600812e-01
14894.742256	2.6351722079125994e-01
14925.139689	2.6338599601017859e-01
14955.537122	2.6309902622020143e-01
14985.934555	2.6304905883277890e-01
15016.331989	2.6288922559724676e-01
15046.729422	2.6286092883598960e-01
15077.126855	2.6260775768063049e-01
15107.524288	2.6195973463614752e-01
15137.921721	2.6167850197579773e-01
15168.319154	2.6144365405477332e-01
15198.716588	2.6132194305943846e-01
15229.114021	2.6098337439467378e-01
15259.511454	2.6079540662203787e-01
15289.908887	2.6041409514850700e-01
15320.306320	2.6002996169264114e-01
15350.703753	2.5954369418217199e-01
15381.101187	2.5921984163908884e-01
15411.498620	2.5913364593696464e-01
15441.896053	2.5784316630599596e-01
15472.293486	2.5762657489736729e-01
15502.690919	2.5730743195749328e-01
15533.088353	2.5660432798692201e-01
15563.485786	2.5622131062335529e-01
15593.883219	2.5606677649924137e-01
15624.280652	2.5595179074080882e-01
15654.678085	2.5564941276846498e-01
15685.075518	2.5552229050353364e-01
15715.472952	2.5539416041411561e-01
15745.870385	2.5535425566693798e-01
15776.267818	2.5500330492701312e-01
15806.665251	2.5434551229132540e-01
15837.062684	2.5349419243748894e-01
15867.460117	2.5347288520722350e-01
15897.857551	2.5320460516122445e-01
15928.254984	2.5299959724665100e-01
15958.652417	2.5292923332973510e-01
15989.049850	2.5286366470157828e-01
16019.447283	2.5271841048657223e-01
16049.844716	2.5226173931833490e-01
16080.242150	2.5113937892072857e-01
16110.639583	2.5110027675986635e-01
16141.037016	2.5106936701827276e-01
16171.434449	2.4983687490335102e-01
16201.831882	2.4920521884551544e-01
16232.229316	2.4910208994708585e-01
16262.626749	2.4879174739073143e-01
16293.024182	2.4864312553052001e-01
16323.421615	2.4856934421888671e-01
16353.819048	2.4834641378720063e-01
16384.216481	2.4818186560193128e-01
16414.613915	2.4792486573053196e-01
16445.011348	2.4732117643129076e-01
16475.408781	2.4726671068420827e-01
16505.806214	2.4709983564454172e-01
16536.203647	2.4668480371219054e-01
16566.601080	2.4600019761901676e-01
16596.998514	2.4554382254141466e-01
16627.395947	2.4513115371928032e-01
16657.793380	2.4474323955461671e-01
16688.190813	2.4468328876563669e-01
16718.588246	2.4434872081881595e-01
16748.985680	2.4371723662419723e-01
16779.383113	2.4331156141146607e-01
16809.780546	2.4309125999930589e-01
16840.177979	2.4290767015578155e-01
16870.575412	2.4257356526156901e-01
16900.972845	2.4214792640752858e-01
16931.370279	2.4179535706328453e-01
16961.767712	2.4053551355044850e-01
16992.165145	2.4023879740199328e-01
17022.562578	2.3977783303673136e-01
17052.960011	2.3965812146825471e-01
17083.357444	2.3952310701563204e-01
17113.754878	2.3843465262566224e-01
17144.152311	2.3815351452543124e-01
17174.549744	2.3806142758909618e-01
17204.947177	2.3722094263574814e-01
17235.344610	2.3689108120616559e-01
17265.742044	2.3678432165620378e-01
17296.139477	2.3671874001989418e-01
17326.536910	2.3643744846755960e-01
17356.934343	2.3624537587346170e-01
17387.331776	2.3582557480808994e-01
17417.729209	2.3560881905756059e-01
17448.126643	2.3533230436724017e-01
17478.524076	2.3487195662508878e-01
17508.921509	2.3407558957772909e-01
17539.318942	2.3401206630885796e-01
17569.716375	2.3312480032679256e-01
17600.113808	2.3301559141505068e-01
17630.511242	2.3276699634937281e-01
17660.908675	2.3153055718598611e-01
17691.306108	2.3064664173466751e-01
17721.703541	2.3004907907686059e-01
17752.100974	2.3001170265319346e-01
17782.498407	2.2888696103108119e-01
17812.895841	2.2882781799260027e-01
17843.293274	2.2877066532333268e-01
17873.690707	2.2782907715902845e-01
17904.088140	2.2760241133161124e-01
17934.485573	2.2741572675546506e-01
17964.883007	2.2732083233617056e-01
17995.280440	2.2727815959696548e-01
18025.677873	2.2701185733305582e-01
18056.075306	2.2569829801600774e-01
18086.472739	2.2509959688431599e-01
18116.870172	2.2437591247693742e-01
18147.267606	2.2416333836616509e-01
18177.665039	2.2390897296203313e-01
18208.062472	2.2388172611837340e-01
18238.459905	2.2331541047266149e-01
18268.857338	2.2271019746148937e-01
18299.254771	2.2248010493017528e-01
18329.652205	2.2229304432899094e-01
18360.049638	2.2170683373544339e-01
18390.447071	2.2115490271698593e-01
18420.844504	2.2077026809675765e-01
18451.241937	2.1997598005508248e-01
18481.639371	2.1980426595891536e-01
18512.036804	2.1966587186913658e-01
18542.434237	2.1843965243788199e-01
18572.831670	2.1837769088865547e-01
18603.229103	2.1831183138818505e-01
18633.626536	2.1814300217401203e-01
18664.023970	2.1736241591212702e-01
18694.421403	2.1717663102886664e-01
18724.818836	2.1689437226497832e-01
18755.216269	2.1452620828166427e-01
18785.613702	2.1316682846813079e-01
18816.011135	2.1303474037863521e-01
18846.408569	2.1206469233905070e-01
18876.806002	2.1120040252526270e-01
18907.203435	2.1107656862398128e-01
18937.600868	2.1070616723952451e-01
18967.998301	2.1065939747084764e-01
18998.395734	2.0522999456877353e-01
19028.793168	2.0459075338452323e-01
19059.190601	2.0304744744225631e-01
19089.588034	2.0298994969233539e-01
19119.985467	2.0258705401913771e-01
19150.382900	2.0192171451398908e-01
19180.780334	2.0079530850033148e-01
19211.177767	2.0046552340818971e-01
19241.575200	2.0006113330600941e-01
19271.972633	1.9969302567112832e-01
19302.370066	1.9946362323164171e-01
19332.767499	1.9927378272125035e-01
19363.164933	1.9878393553898649e-01
19393.562366	1.9815064579172845e-01
19423.959799	1.9681089841257282e-01
19454.357232	1.9619333458240285e-01
19484.754665	1.9612709144102997e-01
19515.152098	1.9544717863499886e-01
19545.549532	1.9531601776771332e-01
19575.946965	1.9508203922087847e-01
19606.344398	1.9501614875971113e-01
19636.741831	1.9407160534616569e-01
19667.139264	1.9366103556015657e-01
19697.536698	1.9273518867461684e-01
19727.934131	1.9231812358968831e-01
19758.331564	1.9055342447764670e-01
19788.728997	1.8897786975346409e-01
19819.126430	1.8866502520704226e-01
19849.523863	1.8852204062985159e-01
19879.921297	1.8710282007221249e-01
19910.318730	1.8701281069231035e-01
19940.716163	1.8628510565775119e-01
19971.113596	1.8566720943248946e-01
20001.511029	1.8515668936248469e-01
20031.908462	1.8436345914249683e-01
20062.305896	1.8403719201853189e-01
20092.703329	1.8259444333978905e-01
20123.100762	1.8180552040256262e-01
20153.498195	1.8062387796081644e-01
20183.895628	1.8048279204632814e-01
20214.293062	1.7998860456523641e-01
20244.690495	1.7399416525763425e-01
20275.087928	1.7377904910156358e-01
20305.485361	1.7324879445012750e-01
20335.882794	1.7232013654950729e-01
20366.280227	1.7219271456200319e-01
20396.677661	1.7215537184599525e-01
20427.075094	1.7183708701614545e-01
20457.472527	1.7174584808361190e-01
20487.869960	1.7162655308914423e-01
20518.267393	1.7106044757846142e-01
20548.664826	1.7073233685042094e-01
20579.062260	1.7011348677944305e-01
20609.459693	1.6993809968290460e-01
20639.857126	1.6807090877572897e-01
20670.254559	1.6803060286528712e-01
20700.651992	1.6776200786588019e-01
20731.049425	1.6755091580522807e-01
20761.446859	1.6696447572425757e-01
20791.844292	1.6626520269545397e-01
20822.241725	1.6613079177877865e-01
20852.639158	1.6587145159402869e-01
20883.036591	1.6560114049346522e-01
20913.434025	1.6520302477863080e-01
20943.831458	1.6474707533239519e-01
20974.228891	1.6382433062701537e-01
21004.626324	1.6343117404507512e-01
21035.023757	1.6301854670698923e-01
21065.421190	1.6168474174592407e-01
21095.818624	1.5734177461131324e-01
21126.216057	1.5701834940898463e-01
21156.613490	1.5695994624321380e-01
21187.010923	1.5581402625217289e-01
21217.408356	1.5341146918217599e-01
21247.805789	1.4765424075830763e-01
21278.203223	1.4371417643274942e-01
21308.600656	1.4263764668792797e-01
21338.998089	1.3933766765648220e-01
21369.395522	1.3822741700436431e-01
21399.792955	1.3653103184350823e-01
21430.190389	1.3543717285863038e-01
21460.587822	1.3516890963895656e-01
21490.985255	1.3435364268377392e-01
21521.382688	1.3327885847958079e-01
21551.780121	1.3221072516774032e-01
21582.177554	1.2988158266583172e-01
21612.574988	1.2651436888551673e-01
21642.972421	1.2525681815947196e-01
21673.369854	1.2300722033010138e-01
21703.767287	1.2063843850977078e-01
21734.164720	1.1935800871403275e-01
21764.562153	1.1837420871722433e-01
21794.959587	1.1405777958033482e-01
21825.357020	1.1115133962221353e-01
21855.754453	1.1026464265375421e-01
21886.151886	1.0889030225799635e-01
21916.549319	1.0732840669789294e-01
21946.946752	1.0512935565040271e-01
21977.344186	1.0497798134045572e-01
22007.741619	1.0401785852042282e-01
22038.139052	1.0293456117401825e-01
22068.536485	9.9421559833332521e-02
22098.933918	9.8066374007550389e-02
22129.331352	9.7826409811465689e-02
22159.728785	9.7458748482209520e-02
22190.126218	9.6955142913264597e-02
22220.523651	9.3093900848992495e-02
22250.921084	9.2014860073693652e-02
22281.318517	8.9298103565470813e-02
22311.715951	8.5331511366332352e-02
22342.113384	8.1546355510574958e-02
22372.510817	8.1148100076496435e-02
22402.908250	7.9223597865324874e-02
22433.305683	7.7890226966459544e-02
22463.703116	7.7547040921061239e-02
22494.100550	7.7206249196909882e-02
22524.497983	7.6098476566647463e-02
22554.895416	7.4300341310176835e-02
22585.292849	7.1322869821728946e-02
22615.690282	7.0909982424474549e-02
22646.087716	7.0368599786966357e-02
22676.485149	6.3171004082895790e-02
22706.882582	6.2961101920245191e-02
22737.280015	6.1542333563571451e-02
22767.677448	6.1319661687603694e-02
22798.074881	5.2417841327082340e-02
22828.472315	5.0261089954955165e-02
22858.869748	5.0193516888651937e-02
22889.267181	4.8142381687085345e-02
22919.664614	4.6950541777485040e-02
22950.062047	4.6341054002285435e-02
22980.459480	4.5927102462254621e-02
23010.856914	4.5840108790281539e-02
23041.254347	4.4700943948114469e-02
23071.651780	4.1747415672136211e-02
23102.049213	3.9288181715794734e-02
23132.446646	3.4006043009207017e-02
23162.844079	3.0714915437351217e-02
23193.241513	2.6052373862349616e-02
23223.638946	2.5838747199977922e-02
23254.036379	2.4622964077887478e-02
23284.433812	2.0687498054893141e-02
23314.831245	1.9288416339559761e-02
23345.228679	1.8044699469587575e-02
23375.626112	1.7906360908649492e-02
23406.023545	1.3654578445356353e-02
23436.420978	1.3347573254351465e-02
23466.818411	1.2209472554941619e-02
23497.215844	6.0212162742255678e-03
