-109668.4758	8.43E-09
-109631.513	4.70E-06
-109594.5503	5.20E-05
-109557.5875	9.90E-05
-109520.6248	1.49E-04
-109483.662	1.98E-04
-109446.6993	2.47E-04
-109409.7366	3.00E-04
-109372.7738	3.45E-04
-109335.8111	3.93E-04
-109298.8483	4.38E-04
-109261.8856	4.86E-04
-109224.9228	5.37E-04
-109187.9601	5.90E-04
-109150.9973	6.52E-04
-109114.0346	7.00E-04
-109077.0718	7.47E-04
-109040.1091	7.99E-04
-109003.1463	8.59E-04
-108966.1836	9.17E-04
-108929.2208	9.69E-04
-108892.2581	1.02E-03
-108855.2953	1.08E-03
-108818.3326	1.13E-03
-108781.3698	1.18E-03
-108744.4071	1.23E-03
-108707.4443	1.28E-03
-108670.4816	1.33E-03
-108633.5188	1.39E-03
-108596.5561	1.44E-03
-108559.5933	1.50E-03
-108522.6306	1.54E-03
-108485.6678	1.59E-03
-108448.7051	1.64E-03
-108411.7423	1.69E-03
-108374.7796	1.75E-03
-108337.8168	1.81E-03
-108300.8541	1.87E-03
-108263.8913	1.92E-03
-108226.9286	1.98E-03
-108189.9658	2.03E-03
-108153.0031	2.08E-03
-108116.0403	2.14E-03
-108079.0776	2.19E-03
-108042.1148	2.23E-03
-108005.1521	2.29E-03
-107968.1893	2.34E-03
-107931.2266	2.40E-03
-107894.2638	2.44E-03
-107857.3011	2.51E-03
-107820.3384	2.56E-03
-107783.3756	2.61E-03
-107746.4129	2.66E-03
-107709.4501	2.72E-03
-107672.4874	2.77E-03
-107635.5246	2.82E-03
-107598.5619	2.87E-03
-107561.5991	2.92E-03
-107524.6364	2.97E-03
-107487.6736	3.03E-03
-107450.7109	3.08E-03
-107413.7481	3.13E-03
-107376.7854	3.18E-03
-107339.8226	3.23E-03
-107302.8599	3.28E-03
-107265.8971	3.33E-03
-107228.9344	3.38E-03
-107191.9716	3.43E-03
-107155.0089	3.48E-03
-107118.0461	3.53E-03
-107081.0834	3.58E-03
-107044.1206	3.64E-03
-107007.1579	3.69E-03
-106970.1951	3.74E-03
-106933.2324	3.80E-03
-106896.2696	3.85E-03
-106859.3069	3.90E-03
-106822.3441	3.95E-03
-106785.3814	4.01E-03
-106748.4186	4.06E-03
-106711.4559	4.11E-03
-106674.4931	4.17E-03
-106637.5304	4.21E-03
-106600.5676	4.26E-03
-106563.6049	4.32E-03
-106526.6421	4.37E-03
-106489.6794	4.42E-03
-106452.7166	4.46E-03
-106415.7539	4.51E-03
-106378.7911	4.56E-03
-106341.8284	4.61E-03
-106304.8656	4.65E-03
-106267.9029	4.71E-03
-106230.9402	4.75E-03
-106193.9774	4.80E-03
-106157.0147	4.85E-03
-106120.0519	4.90E-03
-106083.0892	4.95E-03
-106046.1264	4.99E-03
-106009.1637	5.05E-03
-105972.2009	5.10E-03
-105935.2382	5.15E-03
-105898.2754	5.20E-03
-105861.3127	5.25E-03
-105824.3499	5.30E-03
-105787.3872	5.36E-03
-105750.4244	5.41E-03
-105713.4617	5.46E-03
-105676.4989	5.50E-03
-105639.5362	5.55E-03
-105602.5734	5.60E-03
-105565.6107	5.65E-03
-105528.6479	5.71E-03
-105491.6852	5.76E-03
-105454.7224	5.82E-03
-105417.7597	5.86E-03
-105380.7969	5.91E-03
-105343.8342	5.96E-03
-105306.8714	6.01E-03
-105269.9087	6.06E-03
-105232.9459	6.11E-03
-105195.9832	6.17E-03
-105159.0204	6.21E-03
-105122.0577	6.26E-03
-105085.0949	6.31E-03
-105048.1322	6.35E-03
-105011.1694	6.41E-03
-104974.2067	6.46E-03
-104937.2439	6.51E-03
-104900.2812	6.56E-03
-104863.3184	6.61E-03
-104826.3557	6.65E-03
-104789.3929	6.70E-03
-104752.4302	6.75E-03
-104715.4674	6.80E-03
-104678.5047	6.85E-03
-104641.542	6.90E-03
-104604.5792	6.95E-03
-104567.6165	6.99E-03
-104530.6537	7.04E-03
-104493.691	7.09E-03
-104456.7282	7.14E-03
-104419.7655	7.19E-03
-104382.8027	7.24E-03
-104345.84	7.28E-03
-104308.8772	7.33E-03
-104271.9145	7.37E-03
-104234.9517	7.42E-03
-104197.989	7.48E-03
-104161.0262	7.53E-03
-104124.0635	7.57E-03
-104087.1007	7.62E-03
-104050.138	7.67E-03
-104013.1752	7.71E-03
-103976.2125	7.76E-03
-103939.2497	7.80E-03
-103902.287	7.85E-03
-103865.3242	7.90E-03
-103828.3615	7.95E-03
-103791.3987	8.01E-03
-103754.436	8.06E-03
-103717.4732	8.11E-03
-103680.5105	8.15E-03
-103643.5477	8.20E-03
-103606.585	8.25E-03
-103569.6222	8.30E-03
-103532.6595	8.34E-03
-103495.6967	8.40E-03
-103458.734	8.45E-03
-103421.7712	8.50E-03
-103384.8085	8.55E-03
-103347.8457	8.60E-03
-103310.883	8.65E-03
-103273.9202	8.70E-03
-103236.9575	8.75E-03
-103199.9947	8.80E-03
-103163.032	8.85E-03
-103126.0692	8.90E-03
-103089.1065	8.96E-03
-103052.1438	9.01E-03
-103015.181	9.06E-03
-102978.2183	9.11E-03
-102941.2555	9.16E-03
-102904.2928	9.20E-03
-102867.33	9.25E-03
-102830.3673	9.30E-03
-102793.4045	9.35E-03
-102756.4418	9.40E-03
-102719.479	9.45E-03
-102682.5163	9.50E-03
-102645.5535	9.55E-03
-102608.5908	9.59E-03
-102571.628	9.63E-03
-102534.6653	9.69E-03
-102497.7025	9.73E-03
-102460.7398	9.78E-03
-102423.777	9.84E-03
-102386.8143	9.88E-03
-102349.8515	9.93E-03
-102312.8888	9.99E-03
-102275.926	1.00E-02
-102238.9633	1.01E-02
-102202.0005	1.01E-02
-102165.0378	1.02E-02
-102128.075	1.02E-02
-102091.1123	1.03E-02
-102054.1495	1.03E-02
-102017.1868	1.04E-02
-101980.224	1.04E-02
-101943.2613	1.05E-02
-101906.2985	1.05E-02
-101869.3358	1.06E-02
-101832.373	1.06E-02
-101795.4103	1.07E-02
-101758.4475	1.07E-02
-101721.4848	1.08E-02
-101684.522	1.08E-02
-101647.5593	1.09E-02
-101610.5965	1.09E-02
-101573.6338	1.10E-02
-101536.671	1.10E-02
-101499.7083	1.11E-02
-101462.7456	1.11E-02
-101425.7828	1.11E-02
-101388.8201	1.12E-02
-101351.8573	1.12E-02
-101314.8946	1.13E-02
-101277.9318	1.13E-02
-101240.9691	1.14E-02
-101204.0063	1.14E-02
-101167.0436	1.15E-02
-101130.0808	1.15E-02
-101093.1181	1.16E-02
-101056.1553	1.16E-02
-101019.1926	1.17E-02
-100982.2298	1.17E-02
-100945.2671	1.18E-02
-100908.3043	1.18E-02
-100871.3416	1.19E-02
-100834.3788	1.19E-02
-100797.4161	1.20E-02
-100760.4533	1.20E-02
-100723.4906	1.21E-02
-100686.5278	1.21E-02
-100649.5651	1.22E-02
-100612.6023	1.22E-02
-100575.6396	1.23E-02
-100538.6768	1.23E-02
-100501.7141	1.23E-02
-100464.7513	1.24E-02
-100427.7886	1.24E-02
-100390.8258	1.25E-02
-100353.8631	1.25E-02
-100316.9003	1.26E-02
-100279.9376	1.26E-02
-100242.9748	1.27E-02
-100206.0121	1.27E-02
-100169.0493	1.28E-02
-100132.0866	1.28E-02
-100095.1238	1.29E-02
-100058.1611	1.29E-02
-100021.1983	1.30E-02
-99984.2356	1.30E-02
-99947.27285	1.31E-02
-99910.3101	1.31E-02
-99873.34735	1.32E-02
-99836.3846	1.32E-02
-99799.42185	1.33E-02
-99762.4591	1.33E-02
-99725.49636	1.34E-02
-99688.53361	1.34E-02
-99651.57086	1.35E-02
-99614.60811	1.35E-02
-99577.64536	1.36E-02
-99540.68261	1.36E-02
-99503.71986	1.37E-02
-99466.75711	1.37E-02
-99429.79436	1.38E-02
-99392.83162	1.38E-02
-99355.86887	1.38E-02
-99318.90612	1.39E-02
-99281.94337	1.39E-02
-99244.98062	1.40E-02
-99208.01787	1.40E-02
-99171.05512	1.41E-02
-99134.09237	1.41E-02
-99097.12963	1.42E-02
-99060.16688	1.42E-02
-99023.20413	1.43E-02
-98986.24138	1.43E-02
-98949.27863	1.44E-02
-98912.31588	1.44E-02
-98875.35313	1.44E-02
-98838.39038	1.45E-02
-98801.42763	1.45E-02
-98764.46489	1.46E-02
-98727.50214	1.46E-02
-98690.53939	1.47E-02
-98653.57664	1.47E-02
-98616.61389	1.48E-02
-98579.65114	1.48E-02
-98542.68839	1.49E-02
-98505.72564	1.49E-02
-98468.7629	1.50E-02
-98431.80015	1.50E-02
-98394.8374	1.51E-02
-98357.87465	1.51E-02
-98320.9119	1.52E-02
-98283.94915	1.52E-02
-98246.9864	1.52E-02
-98210.02365	1.53E-02
-98173.0609	1.53E-02
-98136.09816	1.54E-02
-98099.13541	1.54E-02
-98062.17266	1.55E-02
-98025.20991	1.55E-02
-97988.24716	1.56E-02
-97951.28441	1.56E-02
-97914.32166	1.57E-02
-97877.35891	1.57E-02
-97840.39617	1.58E-02
-97803.43342	1.58E-02
-97766.47067	1.58E-02
-97729.50792	1.59E-02
-97692.54517	1.59E-02
-97655.58242	1.60E-02
-97618.61967	1.60E-02
-97581.65692	1.61E-02
-97544.69417	1.61E-02
-97507.73143	1.62E-02
-97470.76868	1.62E-02
-97433.80593	1.63E-02
-97396.84318	1.63E-02
-97359.88043	1.64E-02
-97322.91768	1.64E-02
-97285.95493	1.65E-02
-97248.99218	1.65E-02
-97212.02943	1.65E-02
-97175.06669	1.66E-02
-97138.10394	1.66E-02
-97101.14119	1.67E-02
-97064.17844	1.67E-02
-97027.21569	1.68E-02
-96990.25294	1.68E-02
-96953.29019	1.69E-02
-96916.32744	1.69E-02
-96879.3647	1.70E-02
-96842.40195	1.70E-02
-96805.4392	1.71E-02
-96768.47645	1.71E-02
-96731.5137	1.72E-02
-96694.55095	1.72E-02
-96657.5882	1.73E-02
-96620.62545	1.73E-02
-96583.6627	1.74E-02
-96546.69996	1.74E-02
-96509.73721	1.74E-02
-96472.77446	1.75E-02
-96435.81171	1.75E-02
-96398.84896	1.76E-02
-96361.88621	1.76E-02
-96324.92346	1.77E-02
-96287.96071	1.77E-02
-96250.99797	1.77E-02
-96214.03522	1.78E-02
-96177.07247	1.78E-02
-96140.10972	1.79E-02
-96103.14697	1.79E-02
-96066.18422	1.80E-02
-96029.22147	1.80E-02
-95992.25872	1.81E-02
-95955.29597	1.81E-02
-95918.33323	1.82E-02
-95881.37048	1.82E-02
-95844.40773	1.82E-02
-95807.44498	1.83E-02
-95770.48223	1.83E-02
-95733.51948	1.84E-02
-95696.55673	1.84E-02
-95659.59398	1.85E-02
-95622.63123	1.85E-02
-95585.66849	1.86E-02
-95548.70574	1.86E-02
-95511.74299	1.86E-02
-95474.78024	1.87E-02
-95437.81749	1.87E-02
-95400.85474	1.88E-02
-95363.89199	1.88E-02
-95326.92924	1.89E-02
-95289.9665	1.89E-02
-95253.00375	1.90E-02
-95216.041	1.90E-02
-95179.07825	1.90E-02
-95142.1155	1.91E-02
-95105.15275	1.91E-02
-95068.19	1.92E-02
-95031.22725	1.92E-02
-94994.2645	1.93E-02
-94957.30176	1.93E-02
-94920.33901	1.94E-02
-94883.37626	1.94E-02
-94846.41351	1.95E-02
-94809.45076	1.95E-02
-94772.48801	1.96E-02
-94735.52526	1.96E-02
-94698.56251	1.96E-02
-94661.59977	1.97E-02
-94624.63702	1.97E-02
-94587.67427	1.98E-02
-94550.71152	1.98E-02
-94513.74877	1.99E-02
-94476.78602	1.99E-02
-94439.82327	2.00E-02
-94402.86052	2.00E-02
-94365.89777	2.01E-02
-94328.93503	2.01E-02
-94291.97228	2.01E-02
-94255.00953	2.02E-02
-94218.04678	2.02E-02
-94181.08403	2.03E-02
-94144.12128	2.03E-02
-94107.15853	2.04E-02
-94070.19578	2.04E-02
-94033.23304	2.05E-02
-93996.27029	2.05E-02
-93959.30754	2.05E-02
-93922.34479	2.06E-02
-93885.38204	2.06E-02
-93848.41929	2.07E-02
-93811.45654	2.07E-02
-93774.49379	2.08E-02
-93737.53104	2.08E-02
-93700.5683	2.09E-02
-93663.60555	2.09E-02
-93626.6428	2.10E-02
-93589.68005	2.10E-02
-93552.7173	2.11E-02
-93515.75455	2.11E-02
-93478.7918	2.12E-02
-93441.82905	2.12E-02
-93404.8663	2.13E-02
-93367.90356	2.13E-02
-93330.94081	2.14E-02
-93293.97806	2.14E-02
-93257.01531	2.15E-02
-93220.05256	2.15E-02
-93183.08981	2.15E-02
-93146.12706	2.16E-02
-93109.16431	2.16E-02
-93072.20157	2.17E-02
-93035.23882	2.17E-02
-92998.27607	2.18E-02
-92961.31332	2.18E-02
-92924.35057	2.19E-02
-92887.38782	2.19E-02
-92850.42507	2.20E-02
-92813.46232	2.20E-02
-92776.49957	2.20E-02
-92739.53683	2.21E-02
-92702.57408	2.21E-02
-92665.61133	2.22E-02
-92628.64858	2.22E-02
-92591.68583	2.23E-02
-92554.72308	2.23E-02
-92517.76033	2.24E-02
-92480.79758	2.24E-02
-92443.83484	2.24E-02
-92406.87209	2.25E-02
-92369.90934	2.25E-02
-92332.94659	2.26E-02
-92295.98384	2.26E-02
-92259.02109	2.27E-02
-92222.05834	2.27E-02
-92185.09559	2.28E-02
-92148.13284	2.28E-02
-92111.1701	2.28E-02
-92074.20735	2.29E-02
-92037.2446	2.29E-02
-92000.28185	2.30E-02
-91963.3191	2.30E-02
-91926.35635	2.31E-02
-91889.3936	2.31E-02
-91852.43085	2.32E-02
-91815.46811	2.32E-02
-91778.50536	2.32E-02
-91741.54261	2.33E-02
-91704.57986	2.34E-02
-91667.61711	2.34E-02
-91630.65436	2.34E-02
-91593.69161	2.35E-02
-91556.72886	2.35E-02
-91519.76611	2.36E-02
-91482.80337	2.36E-02
-91445.84062	2.37E-02
-91408.87787	2.37E-02
-91371.91512	2.37E-02
-91334.95237	2.38E-02
-91297.98962	2.38E-02
-91261.02687	2.39E-02
-91224.06412	2.39E-02
-91187.10137	2.40E-02
-91150.13863	2.40E-02
-91113.17588	2.41E-02
-91076.21313	2.41E-02
-91039.25038	2.41E-02
-91002.28763	2.42E-02
-90965.32488	2.42E-02
-90928.36213	2.43E-02
-90891.39938	2.43E-02
-90854.43664	2.43E-02
-90817.47389	2.44E-02
-90780.51114	2.44E-02
-90743.54839	2.45E-02
-90706.58564	2.45E-02
-90669.62289	2.46E-02
-90632.66014	2.46E-02
-90595.69739	2.47E-02
-90558.73464	2.47E-02
-90521.7719	2.47E-02
-90484.80915	2.48E-02
-90447.8464	2.48E-02
-90410.88365	2.49E-02
-90373.9209	2.49E-02
-90336.95815	2.50E-02
-90299.9954	2.50E-02
-90263.03265	2.50E-02
-90226.06991	2.51E-02
-90189.10716	2.51E-02
-90152.14441	2.52E-02
-90115.18166	2.52E-02
-90078.21891	2.53E-02
-90041.25616	2.53E-02
-90004.29341	2.54E-02
-89967.33066	2.54E-02
-89930.36791	2.55E-02
-89893.40517	2.55E-02
-89856.44242	2.55E-02
-89819.47967	2.56E-02
-89782.51692	2.56E-02
-89745.55417	2.57E-02
-89708.59142	2.57E-02
-89671.62867	2.58E-02
-89634.66592	2.58E-02
-89597.70317	2.58E-02
-89560.74043	2.59E-02
-89523.77768	2.59E-02
-89486.81493	2.60E-02
-89449.85218	2.60E-02
-89412.88943	2.61E-02
-89375.92668	2.61E-02
-89338.96393	2.62E-02
-89302.00118	2.62E-02
-89265.03844	2.63E-02
-89228.07569	2.63E-02
-89191.11294	2.63E-02
-89154.15019	2.64E-02
-89117.18744	2.64E-02
-89080.22469	2.65E-02
-89043.26194	2.65E-02
-89006.29919	2.66E-02
-88969.33644	2.66E-02
-88932.3737	2.67E-02
-88895.41095	2.67E-02
-88858.4482	2.67E-02
-88821.48545	2.68E-02
-88784.5227	2.68E-02
-88747.55995	2.69E-02
-88710.5972	2.69E-02
-88673.63445	2.70E-02
-88636.67171	2.70E-02
-88599.70896	2.71E-02
-88562.74621	2.71E-02
-88525.78346	2.71E-02
-88488.82071	2.72E-02
-88451.85796	2.72E-02
-88414.89521	2.73E-02
-88377.93246	2.73E-02
-88340.96971	2.74E-02
-88304.00697	2.74E-02
-88267.04422	2.74E-02
-88230.08147	2.75E-02
-88193.11872	2.75E-02
-88156.15597	2.76E-02
-88119.19322	2.76E-02
-88082.23047	2.77E-02
-88045.26772	2.77E-02
-88008.30498	2.77E-02
-87971.34223	2.78E-02
-87934.37948	2.78E-02
-87897.41673	2.79E-02
-87860.45398	2.79E-02
-87823.49123	2.80E-02
-87786.52848	2.80E-02
-87749.56573	2.81E-02
-87712.60298	2.81E-02
-87675.64024	2.81E-02
-87638.67749	2.82E-02
-87601.71474	2.82E-02
-87564.75199	2.83E-02
-87527.78924	2.83E-02
-87490.82649	2.84E-02
-87453.86374	2.84E-02
-87416.90099	2.84E-02
-87379.93824	2.85E-02
-87342.9755	2.85E-02
-87306.01275	2.86E-02
-87269.05	2.86E-02
-87232.08725	2.87E-02
-87195.1245	2.87E-02
-87158.16175	2.87E-02
-87121.199	2.88E-02
-87084.23625	2.88E-02
-87047.27351	2.89E-02
-87010.31076	2.89E-02
-86973.34801	2.89E-02
-86936.38526	2.90E-02
-86899.42251	2.90E-02
-86862.45976	2.91E-02
-86825.49701	2.91E-02
-86788.53426	2.92E-02
-86751.57151	2.92E-02
-86714.60877	2.92E-02
-86677.64602	2.93E-02
-86640.68327	2.93E-02
-86603.72052	2.94E-02
-86566.75777	2.94E-02
-86529.79502	2.95E-02
-86492.83227	2.95E-02
-86455.86952	2.95E-02
-86418.90678	2.96E-02
-86381.94403	2.96E-02
-86344.98128	2.97E-02
-86308.01853	2.97E-02
-86271.05578	2.98E-02
-86234.09303	2.98E-02
-86197.13028	2.99E-02
-86160.16753	2.99E-02
-86123.20478	2.99E-02
-86086.24204	3.00E-02
-86049.27929	3.00E-02
-86012.31654	3.01E-02
-85975.35379	3.01E-02
-85938.39104	3.02E-02
-85901.42829	3.02E-02
-85864.46554	3.03E-02
-85827.50279	3.03E-02
-85790.54005	3.03E-02
-85753.5773	3.04E-02
-85716.61455	3.04E-02
-85679.6518	3.05E-02
-85642.68905	3.05E-02
-85605.7263	3.06E-02
-85568.76355	3.06E-02
-85531.8008	3.06E-02
-85494.83805	3.07E-02
-85457.87531	3.07E-02
-85420.91256	3.08E-02
-85383.94981	3.08E-02
-85346.98706	3.09E-02
-85310.02431	3.09E-02
-85273.06156	3.09E-02
-85236.09881	3.10E-02
-85199.13606	3.10E-02
-85162.17331	3.11E-02
-85125.21057	3.11E-02
-85088.24782	3.12E-02
-85051.28507	3.12E-02
-85014.32232	3.13E-02
-84977.35957	3.13E-02
-84940.39682	3.13E-02
-84903.43407	3.14E-02
-84866.47132	3.14E-02
-84829.50858	3.15E-02
-84792.54583	3.15E-02
-84755.58308	3.16E-02
-84718.62033	3.16E-02
-84681.65758	3.16E-02
-84644.69483	3.17E-02
-84607.73208	3.17E-02
-84570.76933	3.18E-02
-84533.80658	3.18E-02
-84496.84384	3.18E-02
-84459.88109	3.19E-02
-84422.91834	3.19E-02
-84385.95559	3.20E-02
-84348.99284	3.20E-02
-84312.03009	3.21E-02
-84275.06734	3.21E-02
-84238.10459	3.22E-02
-84201.14185	3.22E-02
-84164.1791	3.22E-02
-84127.21635	3.23E-02
-84090.2536	3.23E-02
-84053.29085	3.24E-02
-84016.3281	3.24E-02
-83979.36535	3.25E-02
-83942.4026	3.25E-02
-83905.43985	3.25E-02
-83868.47711	3.26E-02
-83831.51436	3.26E-02
-83794.55161	3.27E-02
-83757.58886	3.27E-02
-83720.62611	3.28E-02
-83683.66336	3.28E-02
-83646.70061	3.28E-02
-83609.73786	3.29E-02
-83572.77511	3.29E-02
-83535.81237	3.30E-02
-83498.84962	3.30E-02
-83461.88687	3.30E-02
-83424.92412	3.31E-02
-83387.96137	3.31E-02
-83350.99862	3.32E-02
-83314.03587	3.32E-02
-83277.07312	3.33E-02
-83240.11038	3.33E-02
-83203.14763	3.34E-02
-83166.18488	3.34E-02
-83129.22213	3.34E-02
-83092.25938	3.35E-02
-83055.29663	3.35E-02
-83018.33388	3.36E-02
-82981.37113	3.36E-02
-82944.40838	3.37E-02
-82907.44564	3.37E-02
-82870.48289	3.37E-02
-82833.52014	3.38E-02
-82796.55739	3.38E-02
-82759.59464	3.39E-02
-82722.63189	3.39E-02
-82685.66914	3.40E-02
-82648.70639	3.40E-02
-82611.74365	3.40E-02
-82574.7809	3.41E-02
-82537.81815	3.41E-02
-82500.8554	3.42E-02
-82463.89265	3.42E-02
-82426.9299	3.42E-02
-82389.96715	3.43E-02
-82353.0044	3.43E-02
-82316.04165	3.44E-02
-82279.07891	3.44E-02
-82242.11616	3.44E-02
-82205.15341	3.45E-02
-82168.19066	3.45E-02
-82131.22791	3.46E-02
-82094.26516	3.46E-02
-82057.30241	3.47E-02
-82020.33966	3.47E-02
-81983.37692	3.47E-02
-81946.41417	3.48E-02
-81909.45142	3.48E-02
-81872.48867	3.49E-02
-81835.52592	3.49E-02
-81798.56317	3.50E-02
-81761.60042	3.50E-02
-81724.63767	3.50E-02
-81687.67492	3.51E-02
-81650.71218	3.51E-02
-81613.74943	3.52E-02
-81576.78668	3.52E-02
-81539.82393	3.52E-02
-81502.86118	3.53E-02
-81465.89843	3.53E-02
-81428.93568	3.54E-02
-81391.97293	3.54E-02
-81355.01018	3.55E-02
-81318.04744	3.55E-02
-81281.08469	3.55E-02
-81244.12194	3.56E-02
-81207.15919	3.56E-02
-81170.19644	3.57E-02
-81133.23369	3.57E-02
-81096.27094	3.58E-02
-81059.30819	3.58E-02
-81022.34545	3.58E-02
-80985.3827	3.59E-02
-80948.41995	3.59E-02
-80911.4572	3.60E-02
-80874.49445	3.60E-02
-80837.5317	3.60E-02
-80800.56895	3.61E-02
-80763.6062	3.61E-02
-80726.64345	3.62E-02
-80689.68071	3.62E-02
-80652.71796	3.62E-02
-80615.75521	3.63E-02
-80578.79246	3.63E-02
-80541.82971	3.64E-02
-80504.86696	3.64E-02
-80467.90421	3.65E-02
-80430.94146	3.65E-02
-80393.97872	3.65E-02
-80357.01597	3.66E-02
-80320.05322	3.66E-02
-80283.09047	3.67E-02
-80246.12772	3.67E-02
-80209.16497	3.68E-02
-80172.20222	3.68E-02
-80135.23947	3.69E-02
-80098.27672	3.69E-02
-80061.31398	3.69E-02
-80024.35123	3.70E-02
-79987.38848	3.70E-02
-79950.42573	3.71E-02
-79913.46298	3.71E-02
-79876.50023	3.72E-02
-79839.53748	3.72E-02
-79802.57473	3.72E-02
-79765.61199	3.73E-02
-79728.64924	3.73E-02
-79691.68649	3.74E-02
-79654.72374	3.74E-02
-79617.76099	3.75E-02
-79580.79824	3.75E-02
-79543.83549	3.75E-02
-79506.87274	3.76E-02
-79469.90999	3.76E-02
-79432.94725	3.77E-02
-79395.9845	3.77E-02
-79359.02175	3.77E-02
-79322.059	3.78E-02
-79285.09625	3.78E-02
-79248.1335	3.79E-02
-79211.17075	3.79E-02
-79174.208	3.79E-02
-79137.24525	3.80E-02
-79100.28251	3.80E-02
-79063.31976	3.81E-02
-79026.35701	3.81E-02
-78989.39426	3.81E-02
-78952.43151	3.82E-02
-78915.46876	3.82E-02
-78878.50601	3.83E-02
-78841.54326	3.83E-02
-78804.58052	3.83E-02
-78767.61777	3.84E-02
-78730.65502	3.84E-02
-78693.69227	3.85E-02
-78656.72952	3.85E-02
-78619.76677	3.86E-02
-78582.80402	3.86E-02
-78545.84127	3.86E-02
-78508.87852	3.87E-02
-78471.91578	3.87E-02
-78434.95303	3.88E-02
-78397.99028	3.88E-02
-78361.02753	3.88E-02
-78324.06478	3.89E-02
-78287.10203	3.89E-02
-78250.13928	3.90E-02
-78213.17653	3.90E-02
-78176.21379	3.90E-02
-78139.25104	3.91E-02
-78102.28829	3.91E-02
-78065.32554	3.92E-02
-78028.36279	3.92E-02
-77991.40004	3.92E-02
-77954.43729	3.93E-02
-77917.47454	3.93E-02
-77880.51179	3.94E-02
-77843.54905	3.94E-02
-77806.5863	3.95E-02
-77769.62355	3.95E-02
-77732.6608	3.95E-02
-77695.69805	3.96E-02
-77658.7353	3.96E-02
-77621.77255	3.97E-02
-77584.8098	3.97E-02
-77547.84705	3.98E-02
-77510.88431	3.98E-02
-77473.92156	3.99E-02
-77436.95881	3.99E-02
-77399.99606	3.99E-02
-77363.03331	4.00E-02
-77326.07056	4.00E-02
-77289.10781	4.00E-02
-77252.14506	4.01E-02
-77215.18232	4.01E-02
-77178.21957	4.02E-02
-77141.25682	4.02E-02
-77104.29407	4.03E-02
-77067.33132	4.03E-02
-77030.36857	4.03E-02
-76993.40582	4.04E-02
-76956.44307	4.04E-02
-76919.48032	4.05E-02
-76882.51758	4.05E-02
-76845.55483	4.05E-02
-76808.59208	4.06E-02
-76771.62933	4.06E-02
-76734.66658	4.07E-02
-76697.70383	4.07E-02
-76660.74108	4.07E-02
-76623.77833	4.08E-02
-76586.81559	4.08E-02
-76549.85284	4.09E-02
-76512.89009	4.09E-02
-76475.92734	4.09E-02
-76438.96459	4.10E-02
-76402.00184	4.10E-02
-76365.03909	4.11E-02
-76328.07634	4.11E-02
-76291.11359	4.11E-02
-76254.15085	4.12E-02
-76217.1881	4.12E-02
-76180.22535	4.13E-02
-76143.2626	4.13E-02
-76106.29985	4.13E-02
-76069.3371	4.14E-02
-76032.37435	4.14E-02
-75995.4116	4.15E-02
-75958.44886	4.15E-02
-75921.48611	4.15E-02
-75884.52336	4.16E-02
-75847.56061	4.16E-02
-75810.59786	4.17E-02
-75773.63511	4.17E-02
-75736.67236	4.18E-02
-75699.70961	4.18E-02
-75662.74686	4.19E-02
-75625.78412	4.19E-02
-75588.82137	4.19E-02
-75551.85862	4.20E-02
-75514.89587	4.20E-02
-75477.93312	4.21E-02
-75440.97037	4.21E-02
-75404.00762	4.21E-02
-75367.04487	4.22E-02
-75330.08212	4.22E-02
-75293.11938	4.23E-02
-75256.15663	4.23E-02
-75219.19388	4.24E-02
-75182.23113	4.24E-02
-75145.26838	4.24E-02
-75108.30563	4.25E-02
-75071.34288	4.26E-02
-75034.38013	4.26E-02
-74997.41739	4.27E-02
-74960.45464	4.27E-02
-74923.49189	4.28E-02
-74886.52914	4.28E-02
-74849.56639	4.29E-02
-74812.60364	4.29E-02
-74775.64089	4.30E-02
-74738.67814	4.30E-02
-74701.71539	4.31E-02
-74664.75265	4.32E-02
-74627.7899	4.32E-02
-74590.82715	4.32E-02
-74553.8644	4.33E-02
-74516.90165	4.34E-02
-74479.9389	4.34E-02
-74442.97615	4.35E-02
-74406.0134	4.35E-02
-74369.05066	4.35E-02
-74332.08791	4.36E-02
-74295.12516	4.36E-02
-74258.16241	4.36E-02
-74221.19966	4.37E-02
-74184.23691	4.37E-02
-74147.27416	4.38E-02
-74110.31141	4.38E-02
-74073.34866	4.39E-02
-74036.38592	4.39E-02
-73999.42317	4.40E-02
-73962.46042	4.40E-02
-73925.49767	4.40E-02
-73888.53492	4.41E-02
-73851.57217	4.41E-02
-73814.60942	4.41E-02
-73777.64667	4.42E-02
-73740.68393	4.42E-02
-73703.72118	4.43E-02
-73666.75843	4.44E-02
-73629.79568	4.44E-02
-73592.83293	4.44E-02
-73555.87018	4.45E-02
-73518.90743	4.45E-02
-73481.94468	4.46E-02
-73444.98193	4.46E-02
-73408.01919	4.47E-02
-73371.05644	4.47E-02
-73334.09369	4.48E-02
-73297.13094	4.49E-02
-73260.16819	4.49E-02
-73223.20544	4.49E-02
-73186.24269	4.50E-02
-73149.27994	4.51E-02
-73112.31719	4.52E-02
-73075.35445	4.52E-02
-73038.3917	4.52E-02
-73001.42895	4.53E-02
-72964.4662	4.53E-02
-72927.50345	4.53E-02
-72890.5407	4.54E-02
-72853.57795	4.54E-02
-72816.6152	4.54E-02
-72779.65246	4.55E-02
-72742.68971	4.55E-02
-72705.72696	4.56E-02
-72668.76421	4.56E-02
-72631.80146	4.57E-02
-72594.83871	4.57E-02
-72557.87596	4.58E-02
-72520.91321	4.58E-02
-72483.95046	4.59E-02
-72446.98772	4.59E-02
-72410.02497	4.60E-02
-72373.06222	4.60E-02
-72336.09947	4.61E-02
-72299.13672	4.61E-02
-72262.17397	4.62E-02
-72225.21122	4.62E-02
-72188.24847	4.62E-02
-72151.28573	4.63E-02
-72114.32298	4.63E-02
-72077.36023	4.64E-02
-72040.39748	4.64E-02
-72003.43473	4.65E-02
-71966.47198	4.65E-02
-71929.50923	4.66E-02
-71892.54648	4.66E-02
-71855.58373	4.67E-02
-71818.62099	4.67E-02
-71781.65824	4.67E-02
-71744.69549	4.68E-02
-71707.73274	4.68E-02
-71670.76999	4.69E-02
-71633.80724	4.69E-02
-71596.84449	4.70E-02
-71559.88174	4.70E-02
-71522.91899	4.71E-02
-71485.95625	4.71E-02
-71448.9935	4.72E-02
-71412.03075	4.72E-02
-71375.068	4.73E-02
-71338.10525	4.73E-02
-71301.1425	4.74E-02
-71264.17975	4.74E-02
-71227.217	4.75E-02
-71190.25426	4.76E-02
-71153.29151	4.76E-02
-71116.32876	4.76E-02
-71079.36601	4.77E-02
-71042.40326	4.78E-02
-71005.44051	4.78E-02
-70968.47776	4.78E-02
-70931.51501	4.79E-02
-70894.55226	4.79E-02
-70857.58952	4.80E-02
-70820.62677	4.81E-02
-70783.66402	4.81E-02
-70746.70127	4.82E-02
-70709.73852	4.82E-02
-70672.77577	4.83E-02
-70635.81302	4.83E-02
-70598.85027	4.84E-02
-70561.88753	4.84E-02
-70524.92478	4.85E-02
-70487.96203	4.86E-02
-70450.99928	4.86E-02
-70414.03653	4.86E-02
-70377.07378	4.87E-02
-70340.11103	4.87E-02
-70303.14828	4.88E-02
-70266.18553	4.89E-02
-70229.22279	4.89E-02
-70192.26004	4.90E-02
-70155.29729	4.90E-02
-70118.33454	4.91E-02
-70081.37179	4.91E-02
-70044.40904	4.91E-02
-70007.44629	4.92E-02
-69970.48354	4.93E-02
-69933.5208	4.93E-02
-69896.55805	4.94E-02
-69859.5953	4.94E-02
-69822.63255	4.94E-02
-69785.6698	4.95E-02
-69748.70705	4.96E-02
-69711.7443	4.96E-02
-69674.78155	4.97E-02
-69637.8188	4.97E-02
-69600.85606	4.98E-02
-69563.89331	4.98E-02
-69526.93056	4.98E-02
-69489.96781	4.99E-02
-69453.00506	4.99E-02
-69416.04231	5.00E-02
-69379.07956	5.00E-02
-69342.11681	5.01E-02
-69305.15406	5.01E-02
-69268.19132	5.02E-02
-69231.22857	5.02E-02
-69194.26582	5.03E-02
-69157.30307	5.03E-02
-69120.34032	5.04E-02
-69083.37757	5.04E-02
-69046.41482	5.04E-02
-69009.45207	5.05E-02
-68972.48933	5.05E-02
-68935.52658	5.06E-02
-68898.56383	5.06E-02
-68861.60108	5.06E-02
-68824.63833	5.07E-02
-68787.67558	5.07E-02
-68750.71283	5.08E-02
-68713.75008	5.09E-02
-68676.78733	5.09E-02
-68639.82459	5.10E-02
-68602.86184	5.10E-02
-68565.89909	5.10E-02
-68528.93634	5.11E-02
-68491.97359	5.11E-02
-68455.01084	5.11E-02
-68418.04809	5.12E-02
-68381.08534	5.12E-02
-68344.1226	5.12E-02
-68307.15985	5.13E-02
-68270.1971	5.13E-02
-68233.23435	5.14E-02
-68196.2716	5.14E-02
-68159.30885	5.15E-02
-68122.3461	5.15E-02
-68085.38335	5.16E-02
-68048.4206	5.16E-02
-68011.45786	5.16E-02
-67974.49511	5.17E-02
-67937.53236	5.17E-02
-67900.56961	5.18E-02
-67863.60686	5.18E-02
-67826.64411	5.19E-02
-67789.68136	5.20E-02
-67752.71861	5.21E-02
-67715.75587	5.21E-02
-67678.79312	5.22E-02
-67641.83037	5.22E-02
-67604.86762	5.24E-02
-67567.90487	5.24E-02
-67530.94212	5.24E-02
-67493.97937	5.25E-02
-67457.01662	5.26E-02
-67420.05387	5.26E-02
-67383.09113	5.27E-02
-67346.12838	5.27E-02
-67309.16563	5.27E-02
-67272.20288	5.28E-02
-67235.24013	5.29E-02
-67198.27738	5.29E-02
-67161.31463	5.30E-02
-67124.35188	5.30E-02
-67087.38913	5.31E-02
-67050.42639	5.31E-02
-67013.46364	5.32E-02
-66976.50089	5.33E-02
-66939.53814	5.33E-02
-66902.57539	5.34E-02
-66865.61264	5.35E-02
-66828.64989	5.36E-02
-66791.68714	5.37E-02
-66754.7244	5.37E-02
-66717.76165	5.37E-02
-66680.7989	5.38E-02
-66643.83615	5.39E-02
-66606.8734	5.39E-02
-66569.91065	5.40E-02
-66532.9479	5.41E-02
-66495.98515	5.41E-02
-66459.0224	5.42E-02
-66422.05966	5.42E-02
-66385.09691	5.42E-02
-66348.13416	5.43E-02
-66311.17141	5.43E-02
-66274.20866	5.44E-02
-66237.24591	5.45E-02
-66200.28316	5.46E-02
-66163.32041	5.46E-02
-66126.35767	5.46E-02
-66089.39492	5.47E-02
-66052.43217	5.48E-02
-66015.46942	5.48E-02
-65978.50667	5.49E-02
-65941.54392	5.49E-02
-65904.58117	5.50E-02
-65867.61842	5.50E-02
-65830.65567	5.53E-02
-65793.69293	5.53E-02
-65756.73018	5.54E-02
-65719.76743	5.55E-02
-65682.80468	5.55E-02
-65645.84193	5.56E-02
-65608.87918	5.56E-02
-65571.91643	5.57E-02
-65534.95368	5.59E-02
-65497.99093	5.59E-02
-65461.02819	5.60E-02
-65424.06544	5.61E-02
-65387.10269	5.62E-02
-65350.13994	5.63E-02
-65313.17719	5.63E-02
-65276.21444	5.64E-02
-65239.25169	5.64E-02
-65202.28894	5.65E-02
-65165.3262	5.66E-02
-65128.36345	5.66E-02
-65091.4007	5.67E-02
-65054.43795	5.67E-02
-65017.4752	5.68E-02
-64980.51245	5.68E-02
-64943.5497	5.69E-02
-64906.58695	5.70E-02
-64869.6242	5.71E-02
-64832.66146	5.71E-02
-64795.69871	5.72E-02
-64758.73596	5.72E-02
-64721.77321	5.73E-02
-64684.81046	5.73E-02
-64647.84771	5.74E-02
-64610.88496	5.75E-02
-64573.92221	5.76E-02
-64536.95947	5.76E-02
-64499.99672	5.77E-02
-64463.03397	5.77E-02
-64426.07122	5.78E-02
-64389.10847	5.79E-02
-64352.14572	5.79E-02
-64315.18297	5.80E-02
-64278.22022	5.81E-02
-64241.25747	5.82E-02
-64204.29473	5.82E-02
-64167.33198	5.82E-02
-64130.36923	5.83E-02
-64093.40648	5.84E-02
-64056.44373	5.84E-02
-64019.48098	5.85E-02
-63982.51823	5.85E-02
-63945.55548	5.85E-02
-63908.59274	5.86E-02
-63871.62999	5.86E-02
-63834.66724	5.87E-02
-63797.70449	5.87E-02
-63760.74174	5.88E-02
-63723.77899	5.89E-02
-63686.81624	5.89E-02
-63649.85349	5.90E-02
-63612.89074	5.90E-02
-63575.928	5.92E-02
-63538.96525	5.93E-02
-63502.0025	5.93E-02
-63465.03975	5.94E-02
-63428.077	5.94E-02
-63391.11425	5.95E-02
-63354.1515	5.95E-02
-63317.18875	5.96E-02
-63280.226	5.97E-02
-63243.26326	5.97E-02
-63206.30051	5.98E-02
-63169.33776	5.98E-02
-63132.37501	5.99E-02
-63095.41226	6.00E-02
-63058.44951	6.01E-02
-63021.48676	6.01E-02
-62984.52401	6.02E-02
-62947.56127	6.02E-02
-62910.59852	6.03E-02
-62873.63577	6.04E-02
-62836.67302	6.05E-02
-62799.71027	6.05E-02
-62762.74752	6.05E-02
-62725.78477	6.06E-02
-62688.82202	6.06E-02
-62651.85927	6.07E-02
-62614.89653	6.07E-02
-62577.93378	6.07E-02
-62540.97103	6.08E-02
-62504.00828	6.08E-02
-62467.04553	6.09E-02
-62430.08278	6.09E-02
-62393.12003	6.10E-02
-62356.15728	6.10E-02
-62319.19454	6.11E-02
-62282.23179	6.11E-02
-62245.26904	6.12E-02
-62208.30629	6.13E-02
-62171.34354	6.13E-02
-62134.38079	6.14E-02
-62097.41804	6.14E-02
-62060.45529	6.15E-02
-62023.49254	6.15E-02
-61986.5298	6.15E-02
-61949.56705	6.16E-02
-61912.6043	6.16E-02
-61875.64155	6.17E-02
-61838.6788	6.17E-02
-61801.71605	6.18E-02
-61764.7533	6.18E-02
-61727.79055	6.18E-02
-61690.82781	6.19E-02
-61653.86506	6.20E-02
-61616.90231	6.20E-02
-61579.93956	6.21E-02
-61542.97681	6.22E-02
-61506.01406	6.23E-02
-61469.05131	6.24E-02
-61432.08856	6.24E-02
-61395.12581	6.25E-02
-61358.16307	6.25E-02
-61321.20032	6.26E-02
-61284.23757	6.26E-02
-61247.27482	6.27E-02
-61210.31207	6.27E-02
-61173.34932	6.27E-02
-61136.38657	6.28E-02
-61099.42382	6.29E-02
-61062.46107	6.29E-02
-61025.49833	6.30E-02
-60988.53558	6.31E-02
-60951.57283	6.31E-02
-60914.61008	6.32E-02
-60877.64733	6.33E-02
-60840.68458	6.33E-02
-60803.72183	6.35E-02
-60766.75908	6.35E-02
-60729.79634	6.35E-02
-60692.83359	6.36E-02
-60655.87084	6.36E-02
-60618.90809	6.36E-02
-60581.94534	6.38E-02
-60544.98259	6.38E-02
-60508.01984	6.39E-02
-60471.05709	6.39E-02
-60434.09434	6.40E-02
-60397.1316	6.40E-02
-60360.16885	6.41E-02
-60323.2061	6.41E-02
-60286.24335	6.42E-02
-60249.2806	6.42E-02
-60212.31785	6.43E-02
-60175.3551	6.44E-02
-60138.39235	6.44E-02
-60101.42961	6.44E-02
-60064.46686	6.45E-02
-60027.50411	6.46E-02
-59990.54136	6.46E-02
-59953.57861	6.47E-02
-59916.61586	6.48E-02
-59879.65311	6.48E-02
-59842.69036	6.50E-02
-59805.72761	6.50E-02
-59768.76487	6.51E-02
-59731.80212	6.52E-02
-59694.83937	6.52E-02
-59657.87662	6.54E-02
-59620.91387	6.54E-02
-59583.95112	6.55E-02
-59546.98837	6.56E-02
-59510.02562	6.56E-02
-59473.06287	6.57E-02
-59436.10013	6.58E-02
-59399.13738	6.58E-02
-59362.17463	6.59E-02
-59325.21188	6.59E-02
-59288.24913	6.59E-02
-59251.28638	6.60E-02
-59214.32363	6.60E-02
-59177.36088	6.61E-02
-59140.39814	6.61E-02
-59103.43539	6.62E-02
-59066.47264	6.62E-02
-59029.50989	6.63E-02
-58992.54714	6.64E-02
-58955.58439	6.64E-02
-58918.62164	6.65E-02
-58881.65889	6.66E-02
-58844.69614	6.66E-02
-58807.7334	6.67E-02
-58770.77065	6.67E-02
-58733.8079	6.68E-02
-58696.84515	6.68E-02
-58659.8824	6.69E-02
-58622.91965	6.70E-02
-58585.9569	6.70E-02
-58548.99415	6.71E-02
-58512.03141	6.71E-02
-58475.06866	6.72E-02
-58438.10591	6.72E-02
-58401.14316	6.73E-02
-58364.18041	6.73E-02
-58327.21766	6.73E-02
-58290.25491	6.74E-02
-58253.29216	6.75E-02
-58216.32941	6.75E-02
-58179.36667	6.76E-02
-58142.40392	6.77E-02
-58105.44117	6.77E-02
-58068.47842	6.78E-02
-58031.51567	6.80E-02
-57994.55292	6.80E-02
-57957.59017	6.81E-02
-57920.62742	6.82E-02
-57883.66468	6.83E-02
-57846.70193	6.83E-02
-57809.73918	6.83E-02
-57772.77643	6.84E-02
-57735.81368	6.84E-02
-57698.85093	6.85E-02
-57661.88818	6.85E-02
-57624.92543	6.86E-02
-57587.96268	6.87E-02
-57550.99994	6.87E-02
-57514.03719	6.87E-02
-57477.07444	6.88E-02
-57440.11169	6.90E-02
-57403.14894	6.91E-02
-57366.18619	6.91E-02
-57329.22344	6.92E-02
-57292.26069	6.93E-02
-57255.29794	6.93E-02
-57218.3352	6.93E-02
-57181.37245	6.94E-02
-57144.4097	6.94E-02
-57107.44695	6.95E-02
-57070.4842	6.96E-02
-57033.52145	6.96E-02
-56996.5587	6.97E-02
-56959.59595	6.98E-02
-56922.63321	6.99E-02
-56885.67046	6.99E-02
-56848.70771	7.00E-02
-56811.74496	7.00E-02
-56774.78221	7.01E-02
-56737.81946	7.02E-02
-56700.85671	7.02E-02
-56663.89396	7.03E-02
-56626.93121	7.03E-02
-56589.96847	7.03E-02
-56553.00572	7.04E-02
-56516.04297	7.04E-02
-56479.08022	7.04E-02
-56442.11747	7.05E-02
-56405.15472	7.06E-02
-56368.19197	7.06E-02
-56331.22922	7.07E-02
-56294.26648	7.07E-02
-56257.30373	7.08E-02
-56220.34098	7.08E-02
-56183.37823	7.08E-02
-56146.41548	7.10E-02
-56109.45273	7.10E-02
-56072.48998	7.11E-02
-56035.52723	7.13E-02
-55998.56448	7.14E-02
-55961.60174	7.14E-02
-55924.63899	7.14E-02
-55887.67624	7.15E-02
-55850.71349	7.16E-02
-55813.75074	7.16E-02
-55776.78799	7.16E-02
-55739.82524	7.17E-02
-55702.86249	7.18E-02
-55665.89975	7.18E-02
-55628.937	7.18E-02
-55591.97425	7.19E-02
-55555.0115	7.20E-02
-55518.04875	7.20E-02
-55481.086	7.21E-02
-55444.12325	7.22E-02
-55407.1605	7.22E-02
-55370.19775	7.23E-02
-55333.23501	7.23E-02
-55296.27226	7.24E-02
-55259.30951	7.25E-02
-55222.34676	7.25E-02
-55185.38401	7.26E-02
-55148.42126	7.26E-02
-55111.45851	7.26E-02
-55074.49576	7.27E-02
-55037.53301	7.27E-02
-55000.57027	7.28E-02
-54963.60752	7.28E-02
-54926.64477	7.29E-02
-54889.68202	7.29E-02
-54852.71927	7.29E-02
-54815.75652	7.30E-02
-54778.79377	7.30E-02
-54741.83102	7.31E-02
-54704.86828	7.31E-02
-54667.90553	7.31E-02
-54630.94278	7.32E-02
-54593.98003	7.32E-02
-54557.01728	7.32E-02
-54520.05453	7.33E-02
-54483.09178	7.33E-02
-54446.12903	7.34E-02
-54409.16628	7.34E-02
-54372.20354	7.34E-02
-54335.24079	7.35E-02
-54298.27804	7.35E-02
-54261.31529	7.38E-02
-54224.35254	7.38E-02
-54187.38979	7.39E-02
-54150.42704	7.40E-02
-54113.46429	7.41E-02
-54076.50155	7.41E-02
-54039.5388	7.42E-02
-54002.57605	7.43E-02
-53965.6133	7.43E-02
-53928.65055	7.45E-02
-53891.6878	7.45E-02
-53854.72505	7.46E-02
-53817.7623	7.46E-02
-53780.79955	7.47E-02
-53743.83681	7.48E-02
-53706.87406	7.50E-02
-53669.91131	7.50E-02
-53632.94856	7.51E-02
-53595.98581	7.51E-02
-53559.02306	7.53E-02
-53522.06031	7.53E-02
-53485.09756	7.54E-02
-53448.13481	7.54E-02
-53411.17207	7.55E-02
-53374.20932	7.55E-02
-53337.24657	7.55E-02
-53300.28382	7.56E-02
-53263.32107	7.59E-02
-53226.35832	7.60E-02
-53189.39557	7.61E-02
-53152.43282	7.63E-02
-53115.47008	7.64E-02
-53078.50733	7.64E-02
-53041.54458	7.65E-02
-53004.58183	7.65E-02
-52967.61908	7.67E-02
-52930.65633	7.68E-02
-52893.69358	7.68E-02
-52856.73083	7.69E-02
-52819.76808	7.71E-02
-52782.80534	7.71E-02
-52745.84259	7.72E-02
-52708.87984	7.73E-02
-52671.91709	7.74E-02
-52634.95434	7.77E-02
-52597.99159	7.79E-02
-52561.02884	7.80E-02
-52524.06609	7.82E-02
-52487.10335	7.82E-02
-52450.1406	7.83E-02
-52413.17785	7.84E-02
-52376.2151	7.85E-02
-52339.25235	7.86E-02
-52302.2896	7.87E-02
-52265.32685	7.88E-02
-52228.3641	7.88E-02
-52191.40135	7.89E-02
-52154.43861	7.91E-02
-52117.47586	7.91E-02
-52080.51311	7.93E-02
-52043.55036	7.94E-02
-52006.58761	7.95E-02
-51969.62486	7.95E-02
-51932.66211	7.96E-02
-51895.69936	7.96E-02
-51858.73662	7.97E-02
-51821.77387	7.98E-02
-51784.81112	7.98E-02
-51747.84837	8.00E-02
-51710.88562	8.01E-02
-51673.92287	8.02E-02
-51636.96012	8.03E-02
-51599.99737	8.04E-02
-51563.03462	8.04E-02
-51526.07188	8.05E-02
-51489.10913	8.06E-02
-51452.14638	8.06E-02
-51415.18363	8.07E-02
-51378.22088	8.07E-02
-51341.25813	8.10E-02
-51304.29538	8.11E-02
-51267.33263	8.12E-02
-51230.36988	8.12E-02
-51193.40714	8.14E-02
-51156.44439	8.15E-02
-51119.48164	8.16E-02
-51082.51889	8.17E-02
-51045.55614	8.18E-02
-51008.59339	8.19E-02
-50971.63064	8.20E-02
-50934.66789	8.20E-02
-50897.70515	8.21E-02
-50860.7424	8.21E-02
-50823.77965	8.23E-02
-50786.8169	8.25E-02
-50749.85415	8.27E-02
-50712.8914	8.29E-02
-50675.92865	8.30E-02
-50638.9659	8.30E-02
-50602.00315	8.30E-02
-50565.04041	8.31E-02
-50528.07766	8.32E-02
-50491.11491	8.32E-02
-50454.15216	8.33E-02
-50417.18941	8.35E-02
-50380.22666	8.35E-02
-50343.26391	8.36E-02
-50306.30116	8.37E-02
-50269.33842	8.38E-02
-50232.37567	8.38E-02
-50195.41292	8.41E-02
-50158.45017	8.41E-02
-50121.48742	8.42E-02
-50084.52467	8.42E-02
-50047.56192	8.43E-02
-50010.59917	8.44E-02
-49973.63642	8.45E-02
-49936.67368	8.45E-02
-49899.71093	8.49E-02
-49862.74818	8.50E-02
-49825.78543	8.50E-02
-49788.82268	8.50E-02
-49751.85993	8.51E-02
-49714.89718	8.52E-02
-49677.93443	8.52E-02
-49640.97169	8.52E-02
-49604.00894	8.53E-02
-49567.04619	8.54E-02
-49530.08344	8.55E-02
-49493.12069	8.56E-02
-49456.15794	8.56E-02
-49419.19519	8.56E-02
-49382.23244	8.57E-02
-49345.26969	8.58E-02
-49308.30695	8.58E-02
-49271.3442	8.59E-02
-49234.38145	8.61E-02
-49197.4187	8.62E-02
-49160.45595	8.62E-02
-49123.4932	8.63E-02
-49086.53045	8.65E-02
-49049.5677	8.65E-02
-49012.60495	8.65E-02
-48975.64221	8.67E-02
-48938.67946	8.67E-02
-48901.71671	8.68E-02
-48864.75396	8.71E-02
-48827.79121	8.71E-02
-48790.82846	8.72E-02
-48753.86571	8.72E-02
-48716.90296	8.73E-02
-48679.94022	8.75E-02
-48642.97747	8.75E-02
-48606.01472	8.76E-02
-48569.05197	8.77E-02
-48532.08922	8.78E-02
-48495.12647	8.78E-02
-48458.16372	8.78E-02
-48421.20097	8.79E-02
-48384.23822	8.79E-02
-48347.27548	8.81E-02
-48310.31273	8.83E-02
-48273.34998	8.84E-02
-48236.38723	8.85E-02
-48199.42448	8.86E-02
-48162.46173	8.86E-02
-48125.49898	8.87E-02
-48088.53623	8.87E-02
-48051.57349	8.87E-02
-48014.61074	8.88E-02
-47977.64799	8.88E-02
-47940.68524	8.89E-02
-47903.72249	8.90E-02
-47866.75974	8.90E-02
-47829.79699	8.90E-02
-47792.83424	8.92E-02
-47755.87149	8.92E-02
-47718.90875	8.94E-02
-47681.946	8.95E-02
-47644.98325	8.95E-02
-47608.0205	8.96E-02
-47571.05775	8.97E-02
-47534.095	8.97E-02
-47497.13225	8.98E-02
-47460.1695	8.98E-02
-47423.20675	8.99E-02
-47386.24401	8.99E-02
-47349.28126	9.00E-02
-47312.31851	9.02E-02
-47275.35576	9.03E-02
-47238.39301	9.04E-02
-47201.43026	9.05E-02
-47164.46751	9.05E-02
-47127.50476	9.06E-02
-47090.54202	9.07E-02
-47053.57927	9.07E-02
-47016.61652	9.08E-02
-46979.65377	9.09E-02
-46942.69102	9.10E-02
-46905.72827	9.10E-02
-46868.76552	9.12E-02
-46831.80277	9.12E-02
-46794.84002	9.14E-02
-46757.87728	9.14E-02
-46720.91453	9.14E-02
-46683.95178	9.15E-02
-46646.98903	9.15E-02
-46610.02628	9.16E-02
-46573.06353	9.16E-02
-46536.10078	9.16E-02
-46499.13803	9.17E-02
-46462.17529	9.17E-02
-46425.21254	9.18E-02
-46388.24979	9.19E-02
-46351.28704	9.20E-02
-46314.32429	9.21E-02
-46277.36154	9.22E-02
-46240.39879	9.22E-02
-46203.43604	9.22E-02
-46166.47329	9.22E-02
-46129.51055	9.23E-02
-46092.5478	9.24E-02
-46055.58505	9.24E-02
-46018.6223	9.24E-02
-45981.65955	9.25E-02
-45944.6968	9.26E-02
-45907.73405	9.26E-02
-45870.7713	9.26E-02
-45833.80856	9.27E-02
-45796.84581	9.28E-02
-45759.88306	9.28E-02
-45722.92031	9.30E-02
-45685.95756	9.31E-02
-45648.99481	9.31E-02
-45612.03206	9.33E-02
-45575.06931	9.33E-02
-45538.10656	9.34E-02
-45501.14382	9.35E-02
-45464.18107	9.35E-02
-45427.21832	9.35E-02
-45390.25557	9.37E-02
-45353.29282	9.37E-02
-45316.33007	9.38E-02
-45279.36732	9.39E-02
-45242.40457	9.40E-02
-45205.44182	9.40E-02
-45168.47908	9.41E-02
-45131.51633	9.41E-02
-45094.55358	9.42E-02
-45057.59083	9.42E-02
-45020.62808	9.43E-02
-44983.66533	9.43E-02
-44946.70258	9.45E-02
-44909.73983	9.47E-02
-44872.77709	9.49E-02
-44835.81434	9.50E-02
-44798.85159	9.51E-02
-44761.88884	9.51E-02
-44724.92609	9.52E-02
-44687.96334	9.52E-02
-44651.00059	9.53E-02
-44614.03784	9.53E-02
-44577.07509	9.56E-02
-44540.11235	9.57E-02
-44503.1496	9.57E-02
-44466.18685	9.58E-02
-44429.2241	9.59E-02
-44392.26135	9.59E-02
-44355.2986	9.60E-02
-44318.33585	9.60E-02
-44281.3731	9.61E-02
-44244.41036	9.61E-02
-44207.44761	9.62E-02
-44170.48486	9.62E-02
-44133.52211	9.63E-02
-44096.55936	9.65E-02
-44059.59661	9.66E-02
-44022.63386	9.67E-02
-43985.67111	9.68E-02
-43948.70836	9.68E-02
-43911.74562	9.68E-02
-43874.78287	9.69E-02
-43837.82012	9.69E-02
-43800.85737	9.70E-02
-43763.89462	9.71E-02
-43726.93187	9.72E-02
-43689.96912	9.74E-02
-43653.00637	9.74E-02
-43616.04363	9.74E-02
-43579.08088	9.75E-02
-43542.11813	9.76E-02
-43505.15538	9.77E-02
-43468.19263	9.77E-02
-43431.22988	9.77E-02
-43394.26713	9.79E-02
-43357.30438	9.80E-02
-43320.34163	9.82E-02
-43283.37889	9.83E-02
-43246.41614	9.84E-02
-43209.45339	9.84E-02
-43172.49064	9.86E-02
-43135.52789	9.86E-02
-43098.56514	9.86E-02
-43061.60239	9.87E-02
-43024.63964	9.88E-02
-42987.67689	9.89E-02
-42950.71415	9.90E-02
-42913.7514	9.91E-02
-42876.78865	9.91E-02
-42839.8259	9.92E-02
-42802.86315	9.93E-02
-42765.9004	9.93E-02
-42728.93765	9.95E-02
-42691.9749	9.95E-02
-42655.01216	9.98E-02
-42618.04941	9.98E-02
-42581.08666	9.99E-02
-42544.12391	9.99E-02
-42507.16116	1.00E-01
-42470.19841	1.00E-01
-42433.23566	1.00E-01
-42396.27291	1.00E-01
-42359.31016	1.00E-01
-42322.34742	1.00E-01
-42285.38467	1.00E-01
-42248.42192	1.01E-01
-42211.45917	1.01E-01
-42174.49642	1.01E-01
-42137.53367	1.01E-01
-42100.57092	1.01E-01
-42063.60817	1.01E-01
-42026.64543	1.01E-01
-41989.68268	1.01E-01
-41952.71993	1.01E-01
-41915.75718	1.01E-01
-41878.79443	1.01E-01
-41841.83168	1.01E-01
-41804.86893	1.01E-01
-41767.90618	1.02E-01
-41730.94343	1.02E-01
-41693.98069	1.02E-01
-41657.01794	1.02E-01
-41620.05519	1.02E-01
-41583.09244	1.02E-01
-41546.12969	1.02E-01
-41509.16694	1.02E-01
-41472.20419	1.02E-01
-41435.24144	1.02E-01
-41398.27869	1.02E-01
-41361.31595	1.02E-01
-41324.3532	1.02E-01
-41287.39045	1.03E-01
-41250.4277	1.03E-01
-41213.46495	1.03E-01
-41176.5022	1.03E-01
-41139.53945	1.03E-01
-41102.5767	1.03E-01
-41065.61396	1.03E-01
-41028.65121	1.03E-01
-40991.68846	1.03E-01
-40954.72571	1.03E-01
-40917.76296	1.03E-01
-40880.80021	1.03E-01
-40843.83746	1.03E-01
-40806.87471	1.03E-01
-40769.91196	1.03E-01
-40732.94922	1.04E-01
-40695.98647	1.04E-01
-40659.02372	1.04E-01
-40622.06097	1.04E-01
-40585.09822	1.04E-01
-40548.13547	1.04E-01
-40511.17272	1.04E-01
-40474.20997	1.04E-01
-40437.24723	1.04E-01
-40400.28448	1.04E-01
-40363.32173	1.05E-01
-40326.35898	1.05E-01
-40289.39623	1.05E-01
-40252.43348	1.05E-01
-40215.47073	1.05E-01
-40178.50798	1.05E-01
-40141.54523	1.05E-01
-40104.58249	1.05E-01
-40067.61974	1.05E-01
-40030.65699	1.05E-01
-39993.69424	1.05E-01
-39956.73149	1.05E-01
-39919.76874	1.06E-01
-39882.80599	1.06E-01
-39845.84324	1.06E-01
-39808.8805	1.06E-01
-39771.91775	1.06E-01
-39734.955	1.06E-01
-39697.99225	1.06E-01
-39661.0295	1.06E-01
-39624.06675	1.06E-01
-39587.104	1.06E-01
-39550.14125	1.06E-01
-39513.1785	1.07E-01
-39476.21576	1.07E-01
-39439.25301	1.07E-01
-39402.29026	1.07E-01
-39365.32751	1.07E-01
-39328.36476	1.07E-01
-39291.40201	1.07E-01
-39254.43926	1.08E-01
-39217.47651	1.08E-01
-39180.51376	1.08E-01
-39143.55102	1.08E-01
-39106.58827	1.08E-01
-39069.62552	1.08E-01
-39032.66277	1.08E-01
-38995.70002	1.08E-01
-38958.73727	1.08E-01
-38921.77452	1.09E-01
-38884.81177	1.09E-01
-38847.84903	1.09E-01
-38810.88628	1.09E-01
-38773.92353	1.09E-01
-38736.96078	1.09E-01
-38699.99803	1.09E-01
-38663.03528	1.09E-01
-38626.07253	1.09E-01
-38589.10978	1.09E-01
-38552.14703	1.09E-01
-38515.18429	1.09E-01
-38478.22154	1.10E-01
-38441.25879	1.10E-01
-38404.29604	1.10E-01
-38367.33329	1.10E-01
-38330.37054	1.10E-01
-38293.40779	1.10E-01
-38256.44504	1.10E-01
-38219.4823	1.10E-01
-38182.51955	1.10E-01
-38145.5568	1.10E-01
-38108.59405	1.10E-01
-38071.6313	1.10E-01
-38034.66855	1.10E-01
-37997.7058	1.10E-01
-37960.74305	1.11E-01
-37923.7803	1.11E-01
-37886.81756	1.11E-01
-37849.85481	1.11E-01
-37812.89206	1.11E-01
-37775.92931	1.11E-01
-37738.96656	1.11E-01
-37702.00381	1.11E-01
-37665.04106	1.11E-01
-37628.07831	1.12E-01
-37591.11557	1.12E-01
-37554.15282	1.12E-01
-37517.19007	1.13E-01
-37480.22732	1.13E-01
-37443.26457	1.13E-01
-37406.30182	1.13E-01
-37369.33907	1.13E-01
-37332.37632	1.13E-01
-37295.41357	1.14E-01
-37258.45083	1.14E-01
-37221.48808	1.14E-01
-37184.52533	1.14E-01
-37147.56258	1.14E-01
-37110.59983	1.15E-01
-37073.63708	1.15E-01
-37036.67433	1.15E-01
-36999.71158	1.15E-01
-36962.74883	1.15E-01
-36925.78609	1.15E-01
-36888.82334	1.15E-01
-36851.86059	1.15E-01
-36814.89784	1.16E-01
-36777.93509	1.16E-01
-36740.97234	1.16E-01
-36704.00959	1.16E-01
-36667.04684	1.16E-01
-36630.0841	1.16E-01
-36593.12135	1.16E-01
-36556.1586	1.17E-01
-36519.19585	1.17E-01
-36482.2331	1.17E-01
-36445.27035	1.17E-01
-36408.3076	1.17E-01
-36371.34485	1.17E-01
-36334.3821	1.18E-01
-36297.41936	1.18E-01
-36260.45661	1.18E-01
-36223.49386	1.18E-01
-36186.53111	1.18E-01
-36149.56836	1.19E-01
-36112.60561	1.19E-01
-36075.64286	1.19E-01
-36038.68011	1.19E-01
-36001.71737	1.20E-01
-35964.75462	1.20E-01
-35927.79187	1.20E-01
-35890.82912	1.20E-01
-35853.86637	1.20E-01
-35816.90362	1.20E-01
-35779.94087	1.21E-01
-35742.97812	1.21E-01
-35706.01537	1.21E-01
-35669.05263	1.21E-01
-35632.08988	1.21E-01
-35595.12713	1.21E-01
-35558.16438	1.21E-01
-35521.20163	1.21E-01
-35484.23888	1.21E-01
-35447.27613	1.22E-01
-35410.31338	1.22E-01
-35373.35063	1.22E-01
-35336.38789	1.22E-01
-35299.42514	1.22E-01
-35262.46239	1.23E-01
-35225.49964	1.23E-01
-35188.53689	1.24E-01
-35151.57414	1.24E-01
-35114.61139	1.24E-01
-35077.64864	1.24E-01
-35040.6859	1.24E-01
-35003.72315	1.24E-01
-34966.7604	1.25E-01
-34929.79765	1.26E-01
-34892.8349	1.26E-01
-34855.87215	1.26E-01
-34818.9094	1.26E-01
-34781.94665	1.26E-01
-34744.9839	1.26E-01
-34708.02116	1.26E-01
-34671.05841	1.26E-01
-34634.09566	1.26E-01
-34597.13291	1.26E-01
-34560.17016	1.26E-01
-34523.20741	1.26E-01
-34486.24466	1.27E-01
-34449.28191	1.27E-01
-34412.31917	1.27E-01
-34375.35642	1.27E-01
-34338.39367	1.27E-01
-34301.43092	1.27E-01
-34264.46817	1.27E-01
-34227.50542	1.27E-01
-34190.54267	1.27E-01
-34153.57992	1.27E-01
-34116.61717	1.28E-01
-34079.65443	1.28E-01
-34042.69168	1.28E-01
-34005.72893	1.28E-01
-33968.76618	1.28E-01
-33931.80343	1.28E-01
-33894.84068	1.28E-01
-33857.87793	1.28E-01
-33820.91518	1.28E-01
-33783.95244	1.28E-01
-33746.98969	1.29E-01
-33710.02694	1.29E-01
-33673.06419	1.29E-01
-33636.10144	1.29E-01
-33599.13869	1.29E-01
-33562.17594	1.29E-01
-33525.21319	1.30E-01
-33488.25044	1.30E-01
-33451.2877	1.30E-01
-33414.32495	1.31E-01
-33377.3622	1.31E-01
-33340.39945	1.31E-01
-33303.4367	1.31E-01
-33266.47395	1.31E-01
-33229.5112	1.31E-01
-33192.54845	1.31E-01
-33155.5857	1.32E-01
-33118.62296	1.32E-01
-33081.66021	1.32E-01
-33044.69746	1.32E-01
-33007.73471	1.32E-01
-32970.77196	1.32E-01
-32933.80921	1.32E-01
-32896.84646	1.33E-01
-32859.88371	1.33E-01
-32822.92097	1.33E-01
-32785.95822	1.33E-01
-32748.99547	1.33E-01
-32712.03272	1.33E-01
-32675.06997	1.33E-01
-32638.10722	1.33E-01
-32601.14447	1.34E-01
-32564.18172	1.34E-01
-32527.21897	1.34E-01
-32490.25623	1.34E-01
-32453.29348	1.34E-01
-32416.33073	1.34E-01
-32379.36798	1.34E-01
-32342.40523	1.34E-01
-32305.44248	1.35E-01
-32268.47973	1.35E-01
-32231.51698	1.35E-01
-32194.55424	1.35E-01
-32157.59149	1.35E-01
-32120.62874	1.35E-01
-32083.66599	1.35E-01
-32046.70324	1.35E-01
-32009.74049	1.36E-01
-31972.77774	1.36E-01
-31935.81499	1.36E-01
-31898.85224	1.36E-01
-31861.8895	1.36E-01
-31824.92675	1.36E-01
-31787.964	1.37E-01
-31751.00125	1.37E-01
-31714.0385	1.37E-01
-31677.07575	1.37E-01
-31640.113	1.37E-01
-31603.15025	1.37E-01
-31566.18751	1.38E-01
-31529.22476	1.38E-01
-31492.26201	1.38E-01
-31455.29926	1.38E-01
-31418.33651	1.38E-01
-31381.37376	1.38E-01
-31344.41101	1.38E-01
-31307.44826	1.39E-01
-31270.48551	1.39E-01
-31233.52277	1.39E-01
-31196.56002	1.39E-01
-31159.59727	1.40E-01
-31122.63452	1.40E-01
-31085.67177	1.40E-01
-31048.70902	1.40E-01
-31011.74627	1.40E-01
-30974.78352	1.40E-01
-30937.82077	1.41E-01
-30900.85803	1.41E-01
-30863.89528	1.41E-01
-30826.93253	1.41E-01
-30789.96978	1.41E-01
-30753.00703	1.41E-01
-30716.04428	1.41E-01
-30679.08153	1.42E-01
-30642.11878	1.42E-01
-30605.15604	1.42E-01
-30568.19329	1.42E-01
-30531.23054	1.42E-01
-30494.26779	1.42E-01
-30457.30504	1.42E-01
-30420.34229	1.42E-01
-30383.37954	1.42E-01
-30346.41679	1.43E-01
-30309.45404	1.43E-01
-30272.4913	1.43E-01
-30235.52855	1.43E-01
-30198.5658	1.43E-01
-30161.60305	1.43E-01
-30124.6403	1.43E-01
-30087.67755	1.43E-01
-30050.7148	1.44E-01
-30013.75205	1.44E-01
-29976.78931	1.44E-01
-29939.82656	1.44E-01
-29902.86381	1.44E-01
-29865.90106	1.44E-01
-29828.93831	1.45E-01
-29791.97556	1.45E-01
-29755.01281	1.45E-01
-29718.05006	1.45E-01
-29681.08731	1.45E-01
-29644.12457	1.45E-01
-29607.16182	1.45E-01
-29570.19907	1.45E-01
-29533.23632	1.45E-01
-29496.27357	1.46E-01
-29459.31082	1.46E-01
-29422.34807	1.46E-01
-29385.38532	1.46E-01
-29348.42257	1.46E-01
-29311.45983	1.46E-01
-29274.49708	1.46E-01
-29237.53433	1.46E-01
-29200.57158	1.46E-01
-29163.60883	1.46E-01
-29126.64608	1.46E-01
-29089.68333	1.47E-01
-29052.72058	1.47E-01
-29015.75784	1.47E-01
-28978.79509	1.47E-01
-28941.83234	1.47E-01
-28904.86959	1.47E-01
-28867.90684	1.47E-01
-28830.94409	1.48E-01
-28793.98134	1.48E-01
-28757.01859	1.48E-01
-28720.05584	1.48E-01
-28683.0931	1.48E-01
-28646.13035	1.49E-01
-28609.1676	1.49E-01
-28572.20485	1.49E-01
-28535.2421	1.49E-01
-28498.27935	1.49E-01
-28461.3166	1.50E-01
-28424.35385	1.50E-01
-28387.39111	1.50E-01
-28350.42836	1.50E-01
-28313.46561	1.50E-01
-28276.50286	1.50E-01
-28239.54011	1.50E-01
-28202.57736	1.50E-01
-28165.61461	1.50E-01
-28128.65186	1.50E-01
-28091.68911	1.51E-01
-28054.72637	1.51E-01
-28017.76362	1.51E-01
-27980.80087	1.51E-01
-27943.83812	1.51E-01
-27906.87537	1.52E-01
-27869.91262	1.52E-01
-27832.94987	1.52E-01
-27795.98712	1.52E-01
-27759.02438	1.52E-01
-27722.06163	1.52E-01
-27685.09888	1.52E-01
-27648.13613	1.53E-01
-27611.17338	1.53E-01
-27574.21063	1.53E-01
-27537.24788	1.54E-01
-27500.28513	1.54E-01
-27463.32238	1.54E-01
-27426.35964	1.54E-01
-27389.39689	1.54E-01
-27352.43414	1.54E-01
-27315.47139	1.55E-01
-27278.50864	1.55E-01
-27241.54589	1.55E-01
-27204.58314	1.56E-01
-27167.62039	1.56E-01
-27130.65764	1.56E-01
-27093.6949	1.56E-01
-27056.73215	1.56E-01
-27019.7694	1.56E-01
-26982.80665	1.57E-01
-26945.8439	1.57E-01
-26908.88115	1.57E-01
-26871.9184	1.57E-01
-26834.95565	1.57E-01
-26797.99291	1.57E-01
-26761.03016	1.58E-01
-26724.06741	1.58E-01
-26687.10466	1.58E-01
-26650.14191	1.58E-01
-26613.17916	1.59E-01
-26576.21641	1.59E-01
-26539.25366	1.59E-01
-26502.29091	1.59E-01
-26465.32817	1.59E-01
-26428.36542	1.60E-01
-26391.40267	1.60E-01
-26354.43992	1.60E-01
-26317.47717	1.60E-01
-26280.51442	1.60E-01
-26243.55167	1.60E-01
-26206.58892	1.60E-01
-26169.62618	1.61E-01
-26132.66343	1.61E-01
-26095.70068	1.61E-01
-26058.73793	1.61E-01
-26021.77518	1.61E-01
-25984.81243	1.61E-01
-25947.84968	1.62E-01
-25910.88693	1.62E-01
-25873.92418	1.62E-01
-25836.96144	1.62E-01
-25799.99869	1.62E-01
-25763.03594	1.62E-01
-25726.07319	1.63E-01
-25689.11044	1.63E-01
-25652.14769	1.63E-01
-25615.18494	1.63E-01
-25578.22219	1.63E-01
-25541.25945	1.63E-01
-25504.2967	1.63E-01
-25467.33395	1.63E-01
-25430.3712	1.64E-01
-25393.40845	1.64E-01
-25356.4457	1.64E-01
-25319.48295	1.64E-01
-25282.5202	1.64E-01
-25245.55745	1.64E-01
-25208.59471	1.64E-01
-25171.63196	1.64E-01
-25134.66921	1.65E-01
-25097.70646	1.65E-01
-25060.74371	1.65E-01
-25023.78096	1.65E-01
-24986.81821	1.65E-01
-24949.85546	1.65E-01
-24912.89271	1.65E-01
-24875.92997	1.65E-01
-24838.96722	1.66E-01
-24802.00447	1.66E-01
-24765.04172	1.66E-01
-24728.07897	1.66E-01
-24691.11622	1.66E-01
-24654.15347	1.67E-01
-24617.19072	1.67E-01
-24580.22798	1.67E-01
-24543.26523	1.68E-01
-24506.30248	1.68E-01
-24469.33973	1.68E-01
-24432.37698	1.68E-01
-24395.41423	1.68E-01
-24358.45148	1.68E-01
-24321.48873	1.68E-01
-24284.52598	1.68E-01
-24247.56324	1.69E-01
-24210.60049	1.69E-01
-24173.63774	1.69E-01
-24136.67499	1.69E-01
-24099.71224	1.69E-01
-24062.74949	1.69E-01
-24025.78674	1.70E-01
-23988.82399	1.70E-01
-23951.86125	1.70E-01
-23914.8985	1.70E-01
-23877.93575	1.71E-01
-23840.973	1.71E-01
-23804.01025	1.71E-01
-23767.0475	1.71E-01
-23730.08475	1.71E-01
-23693.122	1.72E-01
-23656.15925	1.72E-01
-23619.19651	1.72E-01
-23582.23376	1.72E-01
-23545.27101	1.72E-01
-23508.30826	1.72E-01
-23471.34551	1.72E-01
-23434.38276	1.72E-01
-23397.42001	1.72E-01
-23360.45726	1.72E-01
-23323.49451	1.72E-01
-23286.53177	1.72E-01
-23249.56902	1.73E-01
-23212.60627	1.73E-01
-23175.64352	1.73E-01
-23138.68077	1.73E-01
-23101.71802	1.73E-01
-23064.75527	1.74E-01
-23027.79252	1.74E-01
-22990.82978	1.74E-01
-22953.86703	1.74E-01
-22916.90428	1.74E-01
-22879.94153	1.74E-01
-22842.97878	1.75E-01
-22806.01603	1.75E-01
-22769.05328	1.75E-01
-22732.09053	1.75E-01
-22695.12778	1.75E-01
-22658.16504	1.76E-01
-22621.20229	1.76E-01
-22584.23954	1.76E-01
-22547.27679	1.76E-01
-22510.31404	1.76E-01
-22473.35129	1.76E-01
-22436.38854	1.77E-01
-22399.42579	1.77E-01
-22362.46305	1.77E-01
-22325.5003	1.77E-01
-22288.53755	1.77E-01
-22251.5748	1.77E-01
-22214.61205	1.77E-01
-22177.6493	1.77E-01
-22140.68655	1.77E-01
-22103.7238	1.78E-01
-22066.76105	1.78E-01
-22029.79831	1.78E-01
-21992.83556	1.78E-01
-21955.87281	1.78E-01
-21918.91006	1.78E-01
-21881.94731	1.78E-01
-21844.98456	1.78E-01
-21808.02181	1.78E-01
-21771.05906	1.78E-01
-21734.09632	1.78E-01
-21697.13357	1.78E-01
-21660.17082	1.79E-01
-21623.20807	1.79E-01
-21586.24532	1.79E-01
-21549.28257	1.79E-01
-21512.31982	1.80E-01
-21475.35707	1.80E-01
-21438.39432	1.80E-01
-21401.43158	1.80E-01
-21364.46883	1.80E-01
-21327.50608	1.81E-01
-21290.54333	1.81E-01
-21253.58058	1.81E-01
-21216.61783	1.81E-01
-21179.65508	1.81E-01
-21142.69233	1.81E-01
-21105.72958	1.82E-01
-21068.76684	1.82E-01
-21031.80409	1.82E-01
-20994.84134	1.82E-01
-20957.87859	1.82E-01
-20920.91584	1.83E-01
-20883.95309	1.83E-01
-20846.99034	1.83E-01
-20810.02759	1.84E-01
-20773.06485	1.84E-01
-20736.1021	1.84E-01
-20699.13935	1.84E-01
-20662.1766	1.84E-01
-20625.21385	1.84E-01
-20588.2511	1.84E-01
-20551.28835	1.84E-01
-20514.3256	1.85E-01
-20477.36285	1.85E-01
-20440.40011	1.85E-01
-20403.43736	1.85E-01
-20366.47461	1.86E-01
-20329.51186	1.86E-01
-20292.54911	1.86E-01
-20255.58636	1.86E-01
-20218.62361	1.87E-01
-20181.66086	1.87E-01
-20144.69812	1.87E-01
-20107.73537	1.87E-01
-20070.77262	1.87E-01
-20033.80987	1.87E-01
-19996.84712	1.87E-01
-19959.88437	1.88E-01
-19922.92162	1.88E-01
-19885.95887	1.88E-01
-19848.99612	1.88E-01
-19812.03338	1.88E-01
-19775.07063	1.88E-01
-19738.10788	1.88E-01
-19701.14513	1.88E-01
-19664.18238	1.88E-01
-19627.21963	1.88E-01
-19590.25688	1.88E-01
-19553.29413	1.89E-01
-19516.33139	1.89E-01
-19479.36864	1.89E-01
-19442.40589	1.89E-01
-19405.44314	1.89E-01
-19368.48039	1.89E-01
-19331.51764	1.89E-01
-19294.55489	1.89E-01
-19257.59214	1.89E-01
-19220.62939	1.89E-01
-19183.66665	1.89E-01
-19146.7039	1.89E-01
-19109.74115	1.90E-01
-19072.7784	1.90E-01
-19035.81565	1.90E-01
-18998.8529	1.90E-01
-18961.89015	1.90E-01
-18924.9274	1.90E-01
-18887.96465	1.90E-01
-18851.00191	1.90E-01
-18814.03916	1.91E-01
-18777.07641	1.91E-01
-18740.11366	1.91E-01
-18703.15091	1.91E-01
-18666.18816	1.91E-01
-18629.22541	1.91E-01
-18592.26266	1.91E-01
-18555.29992	1.91E-01
-18518.33717	1.91E-01
-18481.37442	1.92E-01
-18444.41167	1.92E-01
-18407.44892	1.92E-01
-18370.48617	1.92E-01
-18333.52342	1.92E-01
-18296.56067	1.92E-01
-18259.59792	1.92E-01
-18222.63518	1.92E-01
-18185.67243	1.92E-01
-18148.70968	1.93E-01
-18111.74693	1.93E-01
-18074.78418	1.93E-01
-18037.82143	1.93E-01
-18000.85868	1.94E-01
-17963.89593	1.94E-01
-17926.93319	1.94E-01
-17889.97044	1.94E-01
-17853.00769	1.94E-01
-17816.04494	1.94E-01
-17779.08219	1.95E-01
-17742.11944	1.95E-01
-17705.15669	1.95E-01
-17668.19394	1.95E-01
-17631.23119	1.95E-01
-17594.26845	1.95E-01
-17557.3057	1.96E-01
-17520.34295	1.96E-01
-17483.3802	1.96E-01
-17446.41745	1.96E-01
-17409.4547	1.96E-01
-17372.49195	1.96E-01
-17335.5292	1.96E-01
-17298.56645	1.97E-01
-17261.60371	1.98E-01
-17224.64096	1.98E-01
-17187.67821	1.98E-01
-17150.71546	1.98E-01
-17113.75271	1.98E-01
-17076.78996	1.98E-01
-17039.82721	1.98E-01
-17002.86446	1.98E-01
-16965.90172	1.98E-01
-16928.93897	1.98E-01
-16891.97622	1.99E-01
-16855.01347	1.99E-01
-16818.05072	1.99E-01
-16781.08797	1.99E-01
-16744.12522	1.99E-01
-16707.16247	1.99E-01
-16670.19972	2.00E-01
-16633.23698	2.00E-01
-16596.27423	2.00E-01
-16559.31148	2.00E-01
-16522.34873	2.00E-01
-16485.38598	2.01E-01
-16448.42323	2.01E-01
-16411.46048	2.01E-01
-16374.49773	2.01E-01
-16337.53499	2.01E-01
-16300.57224	2.01E-01
-16263.60949	2.01E-01
-16226.64674	2.02E-01
-16189.68399	2.02E-01
-16152.72124	2.02E-01
-16115.75849	2.02E-01
-16078.79574	2.02E-01
-16041.83299	2.02E-01
-16004.87025	2.02E-01
-15967.9075	2.02E-01
-15930.94475	2.03E-01
-15893.982	2.03E-01
-15857.01925	2.03E-01
-15820.0565	2.03E-01
-15783.09375	2.03E-01
-15746.131	2.03E-01
-15709.16826	2.04E-01
-15672.20551	2.04E-01
-15635.24276	2.04E-01
-15598.28001	2.04E-01
-15561.31726	2.04E-01
-15524.35451	2.04E-01
-15487.39176	2.04E-01
-15450.42901	2.05E-01
-15413.46626	2.05E-01
-15376.50352	2.05E-01
-15339.54077	2.05E-01
-15302.57802	2.06E-01
-15265.61527	2.06E-01
-15228.65252	2.06E-01
-15191.68977	2.06E-01
-15154.72702	2.06E-01
-15117.76427	2.07E-01
-15080.80152	2.07E-01
-15043.83878	2.07E-01
-15006.87603	2.07E-01
-14969.91328	2.07E-01
-14932.95053	2.07E-01
-14895.98778	2.07E-01
-14859.02503	2.07E-01
-14822.06228	2.07E-01
-14785.09953	2.08E-01
-14748.13679	2.09E-01
-14711.17404	2.09E-01
-14674.21129	2.09E-01
-14637.24854	2.09E-01
-14600.28579	2.09E-01
-14563.32304	2.09E-01
-14526.36029	2.10E-01
-14489.39754	2.10E-01
-14452.43479	2.10E-01
-14415.47205	2.10E-01
-14378.5093	2.11E-01
-14341.54655	2.11E-01
-14304.5838	2.12E-01
-14267.62105	2.12E-01
-14230.6583	2.12E-01
-14193.69555	2.13E-01
-14156.7328	2.13E-01
-14119.77006	2.13E-01
-14082.80731	2.13E-01
-14045.84456	2.13E-01
-14008.88181	2.13E-01
-13971.91906	2.14E-01
-13934.95631	2.14E-01
-13897.99356	2.14E-01
-13861.03081	2.14E-01
-13824.06806	2.15E-01
-13787.10532	2.15E-01
-13750.14257	2.16E-01
-13713.17982	2.16E-01
-13676.21707	2.17E-01
-13639.25432	2.17E-01
-13602.29157	2.17E-01
-13565.32882	2.18E-01
-13528.36607	2.18E-01
-13491.40333	2.18E-01
-13454.44058	2.19E-01
-13417.47783	2.19E-01
-13380.51508	2.19E-01
-13343.55233	2.20E-01
-13306.58958	2.20E-01
-13269.62683	2.20E-01
-13232.66408	2.20E-01
-13195.70133	2.20E-01
-13158.73859	2.21E-01
-13121.77584	2.21E-01
-13084.81309	2.21E-01
-13047.85034	2.22E-01
-13010.88759	2.22E-01
-12973.92484	2.23E-01
-12936.96209	2.23E-01
-12899.99934	2.24E-01
-12863.03659	2.24E-01
-12826.07385	2.24E-01
-12789.1111	2.25E-01
-12752.14835	2.25E-01
-12715.1856	2.25E-01
-12678.22285	2.25E-01
-12641.2601	2.25E-01
-12604.29735	2.25E-01
-12567.3346	2.25E-01
-12530.37186	2.25E-01
-12493.40911	2.25E-01
-12456.44636	2.25E-01
-12419.48361	2.26E-01
-12382.52086	2.27E-01
-12345.55811	2.27E-01
-12308.59536	2.28E-01
-12271.63261	2.29E-01
-12234.66986	2.29E-01
-12197.70712	2.29E-01
-12160.74437	2.29E-01
-12123.78162	2.29E-01
-12086.81887	2.30E-01
-12049.85612	2.30E-01
-12012.89337	2.31E-01
-11975.93062	2.31E-01
-11938.96787	2.31E-01
-11902.00513	2.31E-01
-11865.04238	2.32E-01
-11828.07963	2.32E-01
-11791.11688	2.32E-01
-11754.15413	2.32E-01
-11717.19138	2.33E-01
-11680.22863	2.34E-01
-11643.26588	2.34E-01
-11606.30313	2.34E-01
-11569.34039	2.34E-01
-11532.37764	2.34E-01
-11495.41489	2.34E-01
-11458.45214	2.34E-01
-11421.48939	2.35E-01
-11384.52664	2.35E-01
-11347.56389	2.35E-01
-11310.60114	2.35E-01
-11273.63839	2.35E-01
-11236.67565	2.35E-01
-11199.7129	2.35E-01
-11162.75015	2.35E-01
-11125.7874	2.36E-01
-11088.82465	2.36E-01
-11051.8619	2.36E-01
-11014.89915	2.36E-01
-10977.9364	2.36E-01
-10940.97366	2.37E-01
-10904.01091	2.37E-01
-10867.04816	2.37E-01
-10830.08541	2.37E-01
-10793.12266	2.39E-01
-10756.15991	2.40E-01
-10719.19716	2.40E-01
-10682.23441	2.40E-01
-10645.27166	2.41E-01
-10608.30892	2.41E-01
-10571.34617	2.42E-01
-10534.38342	2.43E-01
-10497.42067	2.43E-01
-10460.45792	2.44E-01
-10423.49517	2.44E-01
-10386.53242	2.44E-01
-10349.56967	2.45E-01
-10312.60693	2.46E-01
-10275.64418	2.46E-01
-10238.68143	2.46E-01
-10201.71868	2.46E-01
-10164.75593	2.46E-01
-10127.79318	2.46E-01
-10090.83043	2.46E-01
-10053.86768	2.46E-01
-10016.90493	2.47E-01
-9979.942185	2.48E-01
-9942.979436	2.48E-01
-9906.016688	2.49E-01
-9869.053939	2.49E-01
-9832.09119	2.50E-01
-9795.128441	2.51E-01
-9758.165692	2.51E-01
-9721.202943	2.53E-01
-9684.240195	2.53E-01
-9647.277446	2.53E-01
-9610.314697	2.53E-01
-9573.351948	2.54E-01
-9536.389199	2.55E-01
-9499.42645	2.55E-01
-9462.463702	2.55E-01
-9425.500953	2.56E-01
-9388.538204	2.57E-01
-9351.575455	2.58E-01
-9314.612706	2.58E-01
-9277.649957	2.58E-01
-9240.687209	2.59E-01
-9203.72446	2.60E-01
-9166.761711	2.60E-01
-9129.798962	2.60E-01
-9092.836213	2.60E-01
-9055.873464	2.60E-01
-9018.910716	2.60E-01
-8981.947967	2.61E-01
-8944.985218	2.62E-01
-8908.022469	2.62E-01
-8871.05972	2.62E-01
-8834.096971	2.62E-01
-8797.134223	2.62E-01
-8760.171474	2.62E-01
-8723.208725	2.63E-01
-8686.245976	2.63E-01
-8649.283227	2.63E-01
-8612.320478	2.64E-01
-8575.35773	2.64E-01
-8538.394981	2.64E-01
-8501.432232	2.64E-01
-8464.469483	2.64E-01
-8427.506734	2.64E-01
-8390.543985	2.64E-01
-8353.581237	2.64E-01
-8316.618488	2.64E-01
-8279.655739	2.64E-01
-8242.69299	2.64E-01
-8205.730241	2.65E-01
-8168.767492	2.65E-01
-8131.804744	2.66E-01
-8094.841995	2.66E-01
-8057.879246	2.66E-01
-8020.916497	2.66E-01
-7983.953748	2.67E-01
-7946.990999	2.67E-01
-7910.028251	2.67E-01
-7873.065502	2.67E-01
-7836.102753	2.69E-01
-7799.140004	2.69E-01
-7762.177255	2.70E-01
-7725.214506	2.70E-01
-7688.251758	2.72E-01
-7651.289009	2.72E-01
-7614.32626	2.72E-01
-7577.363511	2.72E-01
-7540.400762	2.73E-01
-7503.438013	2.73E-01
-7466.475265	2.73E-01
-7429.512516	2.73E-01
-7392.549767	2.73E-01
-7355.587018	2.73E-01
-7318.624269	2.73E-01
-7281.66152	2.73E-01
-7244.698772	2.73E-01
-7207.736023	2.73E-01
-7170.773274	2.74E-01
-7133.810525	2.74E-01
-7096.847776	2.74E-01
-7059.885027	2.75E-01
-7022.922279	2.75E-01
-6985.95953	2.75E-01
-6948.996781	2.75E-01
-6912.034032	2.76E-01
-6875.071283	2.76E-01
-6838.108534	2.76E-01
-6801.145786	2.78E-01
-6764.183037	2.78E-01
-6727.220288	2.78E-01
-6690.257539	2.78E-01
-6653.29479	2.78E-01
-6616.332041	2.79E-01
-6579.369293	2.79E-01
-6542.406544	2.79E-01
-6505.443795	2.80E-01
-6468.481046	2.80E-01
-6431.518297	2.80E-01
-6394.555548	2.81E-01
-6357.5928	2.82E-01
-6320.630051	2.82E-01
-6283.667302	2.82E-01
-6246.704553	2.82E-01
-6209.741804	2.83E-01
-6172.779055	2.84E-01
-6135.816307	2.84E-01
-6098.853558	2.84E-01
-6061.890809	2.84E-01
-6024.92806	2.84E-01
-5987.965311	2.85E-01
-5951.002562	2.85E-01
-5914.039813	2.85E-01
-5877.077065	2.86E-01
-5840.114316	2.86E-01
-5803.151567	2.86E-01
-5766.188818	2.86E-01
-5729.226069	2.86E-01
-5692.26332	2.86E-01
-5655.300572	2.86E-01
-5618.337823	2.87E-01
-5581.375074	2.87E-01
-5544.412325	2.87E-01
-5507.449576	2.87E-01
-5470.486827	2.87E-01
-5433.524079	2.88E-01
-5396.56133	2.88E-01
-5359.598581	2.88E-01
-5322.635832	2.88E-01
-5285.673083	2.88E-01
-5248.710334	2.88E-01
-5211.747586	2.89E-01
-5174.784837	2.89E-01
-5137.822088	2.89E-01
-5100.859339	2.89E-01
-5063.89659	2.89E-01
-5026.933841	2.89E-01
-4989.971093	2.89E-01
-4953.008344	2.90E-01
-4916.045595	2.90E-01
-4879.082846	2.90E-01
-4842.120097	2.90E-01
-4805.157348	2.90E-01
-4768.1946	2.90E-01
-4731.231851	2.91E-01
-4694.269102	2.91E-01
-4657.306353	2.91E-01
-4620.343604	2.91E-01
-4583.380855	2.91E-01
-4546.418107	2.91E-01
-4509.455358	2.91E-01
-4472.492609	2.92E-01
-4435.52986	2.92E-01
-4398.567111	2.92E-01
-4361.604362	2.92E-01
-4324.641614	2.92E-01
-4287.678865	2.92E-01
-4250.716116	2.92E-01
-4213.753367	2.92E-01
-4176.790618	2.92E-01
-4139.827869	2.92E-01
-4102.865121	2.92E-01
-4065.902372	2.92E-01
-4028.939623	2.92E-01
-3991.976874	2.93E-01
-3955.014125	2.93E-01
-3918.051376	2.93E-01
-3881.088628	2.93E-01
-3844.125879	2.93E-01
-3807.16313	2.93E-01
-3770.200381	2.93E-01
-3733.237632	2.93E-01
-3696.274883	2.93E-01
-3659.312135	2.93E-01
-3622.349386	2.93E-01
-3585.386637	2.94E-01
-3548.423888	2.94E-01
-3511.461139	2.94E-01
-3474.49839	2.94E-01
-3437.535642	2.94E-01
-3400.572893	2.94E-01
-3363.610144	2.94E-01
-3326.647395	2.95E-01
-3289.684646	2.95E-01
-3252.721897	2.95E-01
-3215.759149	2.95E-01
-3178.7964	2.95E-01
-3141.833651	2.95E-01
-3104.870902	2.95E-01
-3067.908153	2.95E-01
-3030.945404	2.95E-01
-2993.982656	2.95E-01
-2957.019907	2.95E-01
-2920.057158	2.95E-01
-2883.094409	2.95E-01
-2846.13166	2.96E-01
-2809.168911	2.96E-01
-2772.206163	2.96E-01
-2735.243414	2.96E-01
-2698.280665	2.96E-01
-2661.317916	2.96E-01
-2624.355167	2.96E-01
-2587.392418	2.96E-01
-2550.42967	2.96E-01
-2513.466921	2.96E-01
-2476.504172	2.96E-01
-2439.541423	2.96E-01
-2402.578674	2.96E-01
-2365.615925	2.96E-01
-2328.653177	2.97E-01
-2291.690428	2.97E-01
-2254.727679	2.97E-01
-2217.76493	2.97E-01
-2180.802181	2.97E-01
-2143.839432	2.97E-01
-2106.876684	2.97E-01
-2069.913935	2.97E-01
-2032.951186	2.97E-01
-1995.988437	2.97E-01
-1959.025688	2.98E-01
-1922.062939	2.98E-01
-1885.100191	2.98E-01
-1848.137442	2.98E-01
-1811.174693	2.98E-01
-1774.211944	2.98E-01
-1737.249195	2.98E-01
-1700.286446	2.98E-01
-1663.323698	2.98E-01
-1626.360949	2.98E-01
-1589.3982	2.98E-01
-1552.435451	2.98E-01
-1515.472702	2.98E-01
-1478.509953	2.98E-01
-1441.547205	2.98E-01
-1404.584456	2.98E-01
-1367.621707	2.98E-01
-1330.658958	2.98E-01
-1293.696209	2.98E-01
-1256.73346	2.98E-01
-1219.770712	2.99E-01
-1182.807963	2.99E-01
-1145.845214	2.99E-01
-1108.882465	2.99E-01
-1071.919716	2.99E-01
-1034.956967	2.99E-01
-997.994219	2.99E-01
-961.03147	2.99E-01
-924.068721	2.99E-01
-887.105972	2.99E-01
-850.143223	2.99E-01
-813.180474	2.99E-01
-776.217726	2.99E-01
-739.254977	2.99E-01
-702.292228	2.99E-01
-665.329479	3.00E-01
-628.36673	3.00E-01
-591.403981	3.00E-01
-554.441233	3.00E-01
-517.478484	3.00E-01
-480.515735	3.00E-01
-443.552986	3.00E-01
-406.590237	3.00E-01
-369.627488	3.00E-01
-332.66474	3.00E-01
-295.701991	3.00E-01
-258.739242	3.00E-01
-221.776493	3.00E-01
-184.813744	3.00E-01
-147.850995	3.00E-01
-110.888247	3.00E-01
-73.925498	3.00E-01
-36.962749	3.00E-01
0	3.00E-01
36.962749	3.00E-01
73.925498	3.00E-01
110.888247	3.00E-01
147.850995	3.00E-01
184.813744	3.00E-01
221.776493	3.00E-01
258.739242	3.00E-01
295.701991	3.00E-01
332.66474	3.00E-01
369.627488	3.00E-01
406.590237	3.00E-01
443.552986	3.00E-01
480.515735	3.00E-01
517.478484	3.00E-01
554.441233	3.00E-01
591.403981	3.00E-01
628.36673	3.00E-01
665.329479	3.00E-01
702.292228	3.00E-01
739.254977	3.00E-01
776.217726	3.00E-01
813.180474	3.00E-01
850.143223	3.00E-01
887.105972	3.00E-01
924.068721	3.00E-01
961.03147	3.00E-01
997.994219	3.00E-01
1034.956967	3.00E-01
1071.919716	3.00E-01
1108.882465	3.01E-01
1145.845214	3.01E-01
1182.807963	3.01E-01
1219.770712	3.01E-01
1256.73346	3.01E-01
1293.696209	3.01E-01
1330.658958	3.01E-01
1367.621707	3.00E-01
1404.584456	3.00E-01
1441.547205	3.00E-01
1478.509953	3.00E-01
1515.472702	3.00E-01
1552.435451	3.00E-01
1589.3982	3.00E-01
1626.360949	3.01E-01
1663.323698	3.01E-01
1700.286446	3.00E-01
1737.249195	3.00E-01
1774.211944	3.00E-01
1811.174693	3.00E-01
1848.137442	3.00E-01
1885.100191	3.00E-01
1922.062939	3.00E-01
1959.025688	3.00E-01
1995.988437	3.00E-01
2032.951186	3.00E-01
2069.913935	3.00E-01
2106.876684	3.00E-01
2143.839432	3.00E-01
2180.802181	3.00E-01
2217.76493	3.00E-01
2254.727679	3.00E-01
2291.690428	3.00E-01
2328.653177	3.00E-01
2365.615925	3.00E-01
2402.578674	3.00E-01
2439.541423	3.00E-01
2476.504172	3.00E-01
2513.466921	3.00E-01
2550.42967	3.00E-01
2587.392418	3.00E-01
2624.355167	3.00E-01
2661.317916	3.00E-01
2698.280665	3.00E-01
2735.243414	3.00E-01
2772.206163	3.00E-01
2809.168911	3.00E-01
2846.13166	3.00E-01
2883.094409	3.00E-01
2920.057158	3.00E-01
2957.019907	3.00E-01
2993.982656	2.99E-01
3030.945404	2.99E-01
3067.908153	2.99E-01
3104.870902	2.99E-01
3141.833651	2.99E-01
3178.7964	2.99E-01
3215.759149	2.99E-01
3252.721897	2.99E-01
3289.684646	2.99E-01
3326.647395	2.99E-01
3363.610144	2.99E-01
3400.572893	2.99E-01
3437.535642	2.99E-01
3474.49839	2.99E-01
3511.461139	2.99E-01
3548.423888	2.99E-01
3585.386637	2.99E-01
3622.349386	2.99E-01
3659.312135	2.99E-01
3696.274883	2.99E-01
3733.237632	2.99E-01
3770.200381	2.99E-01
3807.16313	2.99E-01
3844.125879	2.99E-01
3881.088628	2.98E-01
3918.051376	2.99E-01
3955.014125	2.99E-01
3991.976874	2.98E-01
4028.939623	2.98E-01
4065.902372	2.98E-01
4102.865121	2.98E-01
4139.827869	2.98E-01
4176.790618	2.98E-01
4213.753367	2.98E-01
4250.716116	2.98E-01
4287.678865	2.98E-01
4324.641614	2.98E-01
4361.604362	2.98E-01
4398.567111	2.98E-01
4435.52986	2.98E-01
4472.492609	2.98E-01
4509.455358	2.98E-01
4546.418107	2.98E-01
4583.380855	2.98E-01
4620.343604	2.98E-01
4657.306353	2.98E-01
4694.269102	2.98E-01
4731.231851	2.98E-01
4768.1946	2.98E-01
4805.157348	2.98E-01
4842.120097	2.97E-01
4879.082846	2.97E-01
4916.045595	2.97E-01
4953.008344	2.97E-01
4989.971093	2.97E-01
5026.933841	2.97E-01
5063.89659	2.97E-01
5100.859339	2.97E-01
5137.822088	2.97E-01
5174.784837	2.97E-01
5211.747586	2.97E-01
5248.710334	2.97E-01
5285.673083	2.97E-01
5322.635832	2.97E-01
5359.598581	2.97E-01
5396.56133	2.97E-01
5433.524079	2.96E-01
5470.486827	2.96E-01
5507.449576	2.96E-01
5544.412325	2.96E-01
5581.375074	2.96E-01
5618.337823	2.96E-01
5655.300572	2.96E-01
5692.26332	2.96E-01
5729.226069	2.96E-01
5766.188818	2.96E-01
5803.151567	2.96E-01
5840.114316	2.96E-01
5877.077065	2.96E-01
5914.039813	2.96E-01
5951.002562	2.95E-01
5987.965311	2.95E-01
6024.92806	2.95E-01
6061.890809	2.95E-01
6098.853558	2.95E-01
6135.816307	2.95E-01
6172.779055	2.95E-01
6209.741804	2.95E-01
6246.704553	2.95E-01
6283.667302	2.95E-01
6320.630051	2.94E-01
6357.5928	2.94E-01
6394.555548	2.94E-01
6431.518297	2.94E-01
6468.481046	2.94E-01
6505.443795	2.94E-01
6542.406544	2.94E-01
6579.369293	2.94E-01
6616.332041	2.94E-01
6653.29479	2.94E-01
6690.257539	2.93E-01
6727.220288	2.93E-01
6764.183037	2.93E-01
6801.145786	2.93E-01
6838.108534	2.93E-01
6875.071283	2.93E-01
6912.034032	2.93E-01
6948.996781	2.93E-01
6985.95953	2.93E-01
7022.922279	2.93E-01
7059.885027	2.92E-01
7096.847776	2.92E-01
7133.810525	2.92E-01
7170.773274	2.91E-01
7207.736023	2.91E-01
7244.698772	2.91E-01
7281.66152	2.91E-01
7318.624269	2.91E-01
7355.587018	2.91E-01
7392.549767	2.90E-01
7429.512516	2.90E-01
7466.475265	2.90E-01
7503.438013	2.90E-01
7540.400762	2.90E-01
7577.363511	2.90E-01
7614.32626	2.90E-01
7651.289009	2.90E-01
7688.251758	2.90E-01
7725.214506	2.90E-01
7762.177255	2.89E-01
7799.140004	2.89E-01
7836.102753	2.89E-01
7873.065502	2.89E-01
7910.028251	2.89E-01
7946.990999	2.89E-01
7983.953748	2.88E-01
8020.916497	2.88E-01
8057.879246	2.88E-01
8094.841995	2.88E-01
8131.804744	2.88E-01
8168.767492	2.87E-01
8205.730241	2.87E-01
8242.69299	2.87E-01
8279.655739	2.87E-01
8316.618488	2.87E-01
8353.581237	2.87E-01
8390.543985	2.87E-01
8427.506734	2.86E-01
8464.469483	2.86E-01
8501.432232	2.86E-01
8538.394981	2.86E-01
8575.35773	2.86E-01
8612.320478	2.86E-01
8649.283227	2.86E-01
8686.245976	2.86E-01
8723.208725	2.86E-01
8760.171474	2.85E-01
8797.134223	2.85E-01
8834.096971	2.85E-01
8871.05972	2.85E-01
8908.022469	2.85E-01
8944.985218	2.85E-01
8981.947967	2.85E-01
9018.910716	2.84E-01
9055.873464	2.84E-01
9092.836213	2.84E-01
9129.798962	2.84E-01
9166.761711	2.84E-01
9203.72446	2.84E-01
9240.687209	2.83E-01
9277.649957	2.83E-01
9314.612706	2.83E-01
9351.575455	2.83E-01
9388.538204	2.83E-01
9425.500953	2.83E-01
9462.463702	2.83E-01
9499.42645	2.83E-01
9536.389199	2.82E-01
9573.351948	2.83E-01
9610.314697	2.82E-01
9647.277446	2.82E-01
9684.240195	2.81E-01
9721.202943	2.81E-01
9758.165692	2.81E-01
9795.128441	2.81E-01
9832.09119	2.81E-01
9869.053939	2.81E-01
9906.016688	2.80E-01
9942.979436	2.80E-01
9979.942185	2.80E-01
10016.90493	2.80E-01
10053.86768	2.80E-01
10090.83043	2.79E-01
10127.79318	2.79E-01
10164.75593	2.79E-01
10201.71868	2.79E-01
10238.68143	2.79E-01
10275.64418	2.79E-01
10312.60693	2.78E-01
10349.56967	2.78E-01
10386.53242	2.78E-01
10423.49517	2.78E-01
10460.45792	2.78E-01
10497.42067	2.78E-01
10534.38342	2.78E-01
10571.34617	2.77E-01
10608.30892	2.77E-01
10645.27166	2.77E-01
10682.23441	2.77E-01
10719.19716	2.77E-01
10756.15991	2.77E-01
10793.12266	2.77E-01
10830.08541	2.76E-01
10867.04816	2.75E-01
10904.01091	2.75E-01
10940.97366	2.75E-01
10977.9364	2.75E-01
11014.89915	2.75E-01
11051.8619	2.75E-01
11088.82465	2.75E-01
11125.7874	2.74E-01
11162.75015	2.74E-01
11199.7129	2.73E-01
11236.67565	2.73E-01
11273.63839	2.73E-01
11310.60114	2.73E-01
11347.56389	2.71E-01
11384.52664	2.70E-01
11421.48939	2.70E-01
11458.45214	2.70E-01
11495.41489	2.70E-01
11532.37764	2.70E-01
11569.34039	2.70E-01
11606.30313	2.70E-01
11643.26588	2.69E-01
11680.22863	2.69E-01
11717.19138	2.69E-01
11754.15413	2.68E-01
11791.11688	2.68E-01
11828.07963	2.68E-01
11865.04238	2.68E-01
11902.00513	2.67E-01
11938.96787	2.67E-01
11975.93062	2.67E-01
12012.89337	2.67E-01
12049.85612	2.67E-01
12086.81887	2.66E-01
12123.78162	2.66E-01
12160.74437	2.65E-01
12197.70712	2.65E-01
12234.66986	2.65E-01
12271.63261	2.64E-01
12308.59536	2.64E-01
12345.55811	2.64E-01
12382.52086	2.63E-01
12419.48361	2.63E-01
12456.44636	2.63E-01
12493.40911	2.63E-01
12530.37186	2.63E-01
12567.3346	2.62E-01
12604.29735	2.62E-01
12641.2601	2.61E-01
12678.22285	2.61E-01
12715.1856	2.61E-01
12752.14835	2.60E-01
12789.1111	2.60E-01
12826.07385	2.60E-01
12863.03659	2.59E-01
12899.99934	2.59E-01
12936.96209	2.59E-01
12973.92484	2.58E-01
13010.88759	2.58E-01
13047.85034	2.58E-01
13084.81309	2.57E-01
13121.77584	2.56E-01
13158.73859	2.56E-01
13195.70133	2.55E-01
13232.66408	2.55E-01
13269.62683	2.55E-01
13306.58958	2.55E-01
13343.55233	2.55E-01
13380.51508	2.54E-01
13417.47783	2.54E-01
13454.44058	2.54E-01
13491.40333	2.53E-01
13528.36607	2.53E-01
13565.32882	2.53E-01
13602.29157	2.53E-01
13639.25432	2.53E-01
13676.21707	2.52E-01
13713.17982	2.52E-01
13750.14257	2.52E-01
13787.10532	2.52E-01
13824.06806	2.52E-01
13861.03081	2.51E-01
13897.99356	2.51E-01
13934.95631	2.51E-01
13971.91906	2.51E-01
14008.88181	2.50E-01
14045.84456	2.50E-01
14082.80731	2.50E-01
14119.77006	2.48E-01
14156.7328	2.48E-01
14193.69555	2.48E-01
14230.6583	2.48E-01
14267.62105	2.47E-01
14304.5838	2.46E-01
14341.54655	2.46E-01
14378.5093	2.46E-01
14415.47205	2.45E-01
14452.43479	2.45E-01
14489.39754	2.44E-01
14526.36029	2.44E-01
14563.32304	2.43E-01
14600.28579	2.43E-01
14637.24854	2.43E-01
14674.21129	2.43E-01
14711.17404	2.43E-01
14748.13679	2.43E-01
14785.09953	2.43E-01
14822.06228	2.43E-01
14859.02503	2.42E-01
14895.98778	2.42E-01
14932.95053	2.42E-01
14969.91328	2.42E-01
15006.87603	2.42E-01
15043.83878	2.42E-01
15080.80152	2.41E-01
15117.76427	2.41E-01
15154.72702	2.41E-01
15191.68977	2.40E-01
15228.65252	2.40E-01
15265.61527	2.40E-01
15302.57802	2.39E-01
15339.54077	2.39E-01
15376.50352	2.38E-01
15413.46626	2.38E-01
15450.42901	2.38E-01
15487.39176	2.37E-01
15524.35451	2.37E-01
15561.31726	2.37E-01
15598.28001	2.37E-01
15635.24276	2.37E-01
15672.20551	2.36E-01
15709.16826	2.35E-01
15746.131	2.35E-01
15783.09375	2.35E-01
15820.0565	2.34E-01
15857.01925	2.34E-01
15893.982	2.34E-01
15930.94475	2.34E-01
15967.9075	2.33E-01
16004.87025	2.33E-01
16041.83299	2.33E-01
16078.79574	2.33E-01
16115.75849	2.33E-01
16152.72124	2.33E-01
16189.68399	2.33E-01
16226.64674	2.32E-01
16263.60949	2.32E-01
16300.57224	2.32E-01
16337.53499	2.32E-01
16374.49773	2.31E-01
16411.46048	2.31E-01
16448.42323	2.31E-01
16485.38598	2.30E-01
16522.34873	2.30E-01
16559.31148	2.30E-01
16596.27423	2.29E-01
16633.23698	2.28E-01
16670.19972	2.28E-01
16707.16247	2.27E-01
16744.12522	2.27E-01
16781.08797	2.26E-01
16818.05072	2.25E-01
16855.01347	2.25E-01
16891.97622	2.24E-01
16928.93897	2.24E-01
16965.90172	2.24E-01
17002.86446	2.23E-01
17039.82721	2.23E-01
17076.78996	2.23E-01
17113.75271	2.23E-01
17150.71546	2.22E-01
17187.67821	2.22E-01
17224.64096	2.21E-01
17261.60371	2.21E-01
17298.56645	2.21E-01
17335.5292	2.20E-01
17372.49195	2.19E-01
17409.4547	2.19E-01
17446.41745	2.18E-01
17483.3802	2.18E-01
17520.34295	2.18E-01
17557.3057	2.18E-01
17594.26845	2.18E-01
17631.23119	2.17E-01
17668.19394	2.17E-01
17705.15669	2.16E-01
17742.11944	2.16E-01
17779.08219	2.15E-01
17816.04494	2.14E-01
17853.00769	2.14E-01
17889.97044	2.14E-01
17926.93319	2.13E-01
17963.89593	2.13E-01
18000.85868	2.13E-01
18037.82143	2.12E-01
18074.78418	2.12E-01
18111.74693	2.11E-01
18148.70968	2.11E-01
18185.67243	2.10E-01
18222.63518	2.10E-01
18259.59792	2.09E-01
18296.56067	2.08E-01
18333.52342	2.08E-01
18370.48617	2.07E-01
18407.44892	2.07E-01
18444.41167	2.06E-01
18481.37442	2.06E-01
18518.33717	2.06E-01
18555.29992	2.05E-01
18592.26266	2.05E-01
18629.22541	2.05E-01
18666.18816	2.05E-01
18703.15091	2.04E-01
18740.11366	2.03E-01
18777.07641	2.03E-01
18814.03916	2.02E-01
18851.00191	2.02E-01
18887.96465	2.01E-01
18924.9274	2.01E-01
18961.89015	1.99E-01
18998.8529	1.99E-01
19035.81565	1.98E-01
19072.7784	1.98E-01
19109.74115	1.97E-01
19146.7039	1.97E-01
19183.66665	1.96E-01
19220.62939	1.96E-01
19257.59214	1.96E-01
19294.55489	1.95E-01
19331.51764	1.95E-01
19368.48039	1.95E-01
19405.44314	1.94E-01
19442.40589	1.94E-01
19479.36864	1.94E-01
19516.33139	1.94E-01
19553.29413	1.93E-01
19590.25688	1.92E-01
19627.21963	1.92E-01
19664.18238	1.91E-01
19701.14513	1.91E-01
19738.10788	1.90E-01
19775.07063	1.90E-01
19812.03338	1.89E-01
19848.99612	1.88E-01
19885.95887	1.88E-01
19922.92162	1.88E-01
19959.88437	1.87E-01
19996.84712	1.86E-01
20033.80987	1.86E-01
20070.77262	1.86E-01
20107.73537	1.85E-01
20144.69812	1.84E-01
20181.66086	1.84E-01
20218.62361	1.84E-01
20255.58636	1.83E-01
20292.54911	1.83E-01
20329.51186	1.83E-01
20366.47461	1.82E-01
20403.43736	1.81E-01
20440.40011	1.81E-01
20477.36285	1.81E-01
20514.3256	1.81E-01
20551.28835	1.80E-01
20588.2511	1.80E-01
20625.21385	1.80E-01
20662.1766	1.80E-01
20699.13935	1.79E-01
20736.1021	1.79E-01
20773.06485	1.78E-01
20810.02759	1.78E-01
20846.99034	1.78E-01
20883.95309	1.78E-01
20920.91584	1.77E-01
20957.87859	1.77E-01
20994.84134	1.76E-01
21031.80409	1.76E-01
21068.76684	1.76E-01
21105.72958	1.76E-01
21142.69233	1.75E-01
21179.65508	1.75E-01
21216.61783	1.73E-01
21253.58058	1.72E-01
21290.54333	1.72E-01
21327.50608	1.72E-01
21364.46883	1.72E-01
21401.43158	1.71E-01
21438.39432	1.71E-01
21475.35707	1.71E-01
21512.31982	1.70E-01
21549.28257	1.70E-01
21586.24532	1.70E-01
21623.20807	1.70E-01
21660.17082	1.69E-01
21697.13357	1.69E-01
21734.09632	1.69E-01
21771.05906	1.68E-01
21808.02181	1.68E-01
21844.98456	1.68E-01
21881.94731	1.67E-01
21918.91006	1.67E-01
21955.87281	1.67E-01
21992.83556	1.67E-01
22029.79831	1.67E-01
22066.76105	1.67E-01
22103.7238	1.66E-01
22140.68655	1.66E-01
22177.6493	1.65E-01
22214.61205	1.63E-01
22251.5748	1.63E-01
22288.53755	1.62E-01
22325.5003	1.62E-01
22362.46305	1.62E-01
22399.42579	1.61E-01
22436.38854	1.60E-01
22473.35129	1.60E-01
22510.31404	1.59E-01
22547.27679	1.59E-01
22584.23954	1.59E-01
22621.20229	1.59E-01
22658.16504	1.59E-01
22695.12778	1.59E-01
22732.09053	1.58E-01
22769.05328	1.58E-01
22806.01603	1.57E-01
22842.97878	1.57E-01
22879.94153	1.56E-01
22916.90428	1.56E-01
22953.86703	1.54E-01
22990.82978	1.54E-01
23027.79252	1.54E-01
23064.75527	1.53E-01
23101.71802	1.52E-01
23138.68077	1.52E-01
23175.64352	1.51E-01
23212.60627	1.51E-01
23249.56902	1.51E-01
23286.53177	1.50E-01
23323.49451	1.50E-01
23360.45726	1.49E-01
23397.42001	1.49E-01
23434.38276	1.48E-01
23471.34551	1.47E-01
23508.30826	1.47E-01
23545.27101	1.46E-01
23582.23376	1.46E-01
23619.19651	1.46E-01
23656.15925	1.46E-01
23693.122	1.45E-01
23730.08475	1.45E-01
23767.0475	1.45E-01
23804.01025	1.45E-01
23840.973	1.45E-01
23877.93575	1.45E-01
23914.8985	1.45E-01
23951.86125	1.44E-01
23988.82399	1.44E-01
24025.78674	1.44E-01
24062.74949	1.44E-01
24099.71224	1.42E-01
24136.67499	1.42E-01
24173.63774	1.42E-01
24210.60049	1.42E-01
24247.56324	1.41E-01
24284.52598	1.40E-01
24321.48873	1.40E-01
24358.45148	1.40E-01
24395.41423	1.38E-01
24432.37698	1.38E-01
24469.33973	1.38E-01
24506.30248	1.37E-01
24543.26523	1.37E-01
24580.22798	1.37E-01
24617.19072	1.37E-01
24654.15347	1.37E-01
24691.11622	1.37E-01
24728.07897	1.36E-01
24765.04172	1.36E-01
24802.00447	1.36E-01
24838.96722	1.36E-01
24875.92997	1.36E-01
24912.89271	1.35E-01
24949.85546	1.35E-01
24986.81821	1.34E-01
25023.78096	1.33E-01
25060.74371	1.33E-01
25097.70646	1.33E-01
25134.66921	1.32E-01
25171.63196	1.32E-01
25208.59471	1.32E-01
25245.55745	1.31E-01
25282.5202	1.31E-01
25319.48295	1.31E-01
25356.4457	1.29E-01
25393.40845	1.29E-01
25430.3712	1.29E-01
25467.33395	1.29E-01
25504.2967	1.29E-01
25541.25945	1.29E-01
25578.22219	1.29E-01
25615.18494	1.29E-01
25652.14769	1.28E-01
25689.11044	1.27E-01
25726.07319	1.27E-01
25763.03594	1.26E-01
25799.99869	1.25E-01
25836.96144	1.25E-01
25873.92418	1.25E-01
25910.88693	1.25E-01
25947.84968	1.25E-01
25984.81243	1.25E-01
26021.77518	1.24E-01
26058.73793	1.24E-01
26095.70068	1.23E-01
26132.66343	1.23E-01
26169.62618	1.22E-01
26206.58892	1.22E-01
26243.55167	1.21E-01
26280.51442	1.21E-01
26317.47717	1.21E-01
26354.43992	1.20E-01
26391.40267	1.18E-01
26428.36542	1.18E-01
26465.32817	1.18E-01
26502.29091	1.16E-01
26539.25366	1.16E-01
26576.21641	1.15E-01
26613.17916	1.15E-01
26650.14191	1.15E-01
26687.10466	1.15E-01
26724.06741	1.14E-01
26761.03016	1.14E-01
26797.99291	1.14E-01
26834.95565	1.14E-01
26871.9184	1.14E-01
26908.88115	1.13E-01
26945.8439	1.13E-01
26982.80665	1.13E-01
27019.7694	1.12E-01
27056.73215	1.12E-01
27093.6949	1.12E-01
27130.65764	1.12E-01
27167.62039	1.12E-01
27204.58314	1.11E-01
27241.54589	1.10E-01
27278.50864	1.10E-01
27315.47139	1.10E-01
27352.43414	1.09E-01
27389.39689	1.09E-01
27426.35964	1.09E-01
27463.32238	1.09E-01
27500.28513	1.08E-01
27537.24788	1.08E-01
27574.21063	1.08E-01
27611.17338	1.08E-01
27648.13613	1.08E-01
27685.09888	1.08E-01
27722.06163	1.08E-01
27759.02438	1.08E-01
27795.98712	1.07E-01
27832.94987	1.06E-01
27869.91262	1.05E-01
27906.87537	1.05E-01
27943.83812	1.05E-01
27980.80087	1.04E-01
28017.76362	1.03E-01
28054.72637	1.03E-01
28091.68911	1.03E-01
28128.65186	1.03E-01
28165.61461	1.03E-01
28202.57736	1.02E-01
28239.54011	1.02E-01
28276.50286	1.02E-01
28313.46561	1.01E-01
28350.42836	1.01E-01
28387.39111	1.01E-01
28424.35385	9.95E-02
28461.3166	9.94E-02
28498.27935	9.92E-02
28535.2421	9.89E-02
28572.20485	9.87E-02
28609.1676	9.85E-02
28646.13035	9.85E-02
28683.0931	9.83E-02
28720.05584	9.81E-02
28757.01859	9.76E-02
28793.98134	9.75E-02
28830.94409	9.69E-02
28867.90684	9.64E-02
28904.86959	9.54E-02
28941.83234	9.54E-02
28978.79509	9.44E-02
29015.75784	9.44E-02
29052.72058	9.39E-02
29089.68333	9.35E-02
29126.64608	9.32E-02
29163.60883	9.31E-02
29200.57158	9.27E-02
29237.53433	9.22E-02
29274.49708	9.21E-02
29311.45983	9.20E-02
29348.42257	9.17E-02
29385.38532	9.07E-02
29422.34807	9.06E-02
29459.31082	9.01E-02
29496.27357	8.99E-02
29533.23632	8.97E-02
29570.19907	8.94E-02
29607.16182	8.91E-02
29644.12457	8.89E-02
29681.08731	8.85E-02
29718.05006	8.79E-02
29755.01281	8.68E-02
29791.97556	8.59E-02
29828.93831	8.58E-02
29865.90106	8.58E-02
29902.86381	8.57E-02
29939.82656	8.52E-02
29976.78931	8.51E-02
30013.75205	8.48E-02
30050.7148	8.41E-02
30087.67755	8.39E-02
30124.6403	8.36E-02
30161.60305	8.36E-02
30198.5658	8.35E-02
30235.52855	8.31E-02
30272.4913	8.31E-02
30309.45404	8.29E-02
30346.41679	8.27E-02
30383.37954	8.26E-02
30420.34229	8.25E-02
30457.30504	8.22E-02
30494.26779	8.19E-02
30531.23054	8.05E-02
30568.19329	8.04E-02
30605.15604	8.04E-02
30642.11878	8.03E-02
30679.08153	8.00E-02
30716.04428	7.99E-02
30753.00703	7.99E-02
30789.96978	7.97E-02
30826.93253	7.92E-02
30863.89528	7.79E-02
30900.85803	7.77E-02
30937.82077	7.76E-02
30974.78352	7.73E-02
31011.74627	7.69E-02
31048.70902	7.68E-02
31085.67177	7.68E-02
31122.63452	7.62E-02
31159.59727	7.60E-02
31196.56002	7.58E-02
31233.52277	7.58E-02
31270.48551	7.46E-02
31307.44826	7.45E-02
31344.41101	7.40E-02
31381.37376	7.39E-02
31418.33651	7.38E-02
31455.29926	7.38E-02
31492.26201	7.30E-02
31529.22476	7.29E-02
31566.18751	7.29E-02
31603.15025	7.25E-02
31640.113	7.24E-02
31677.07575	7.24E-02
31714.0385	7.23E-02
31751.00125	7.19E-02
31787.964	7.19E-02
31824.92675	7.18E-02
31861.8895	7.15E-02
31898.85224	7.12E-02
31935.81499	7.09E-02
31972.77774	7.08E-02
32009.74049	7.06E-02
32046.70324	6.97E-02
32083.66599	6.97E-02
32120.62874	6.94E-02
32157.59149	6.92E-02
32194.55424	6.92E-02
32231.51698	6.89E-02
32268.47973	6.89E-02
32305.44248	6.80E-02
32342.40523	6.77E-02
32379.36798	6.76E-02
32416.33073	6.74E-02
32453.29348	6.71E-02
32490.25623	6.71E-02
32527.21897	6.68E-02
32564.18172	6.68E-02
32601.14447	6.63E-02
32638.10722	6.62E-02
32675.06997	6.59E-02
32712.03272	6.59E-02
32748.99547	6.58E-02
32785.95822	6.56E-02
32822.92097	6.55E-02
32859.88371	6.50E-02
32896.84646	6.45E-02
32933.80921	6.36E-02
32970.77196	6.33E-02
33007.73471	6.32E-02
33044.69746	6.27E-02
33081.66021	6.25E-02
33118.62296	6.14E-02
33155.5857	6.14E-02
33192.54845	6.10E-02
33229.5112	6.00E-02
33266.47395	5.99E-02
33303.4367	5.96E-02
33340.39945	5.91E-02
33377.3622	5.78E-02
33414.32495	5.76E-02
33451.2877	5.72E-02
33488.25044	5.66E-02
33525.21319	5.64E-02
33562.17594	5.61E-02
33599.13869	5.61E-02
33636.10144	5.60E-02
33673.06419	5.59E-02
33710.02694	5.56E-02
33746.98969	5.56E-02
33783.95244	5.46E-02
33820.91518	5.45E-02
33857.87793	5.45E-02
33894.84068	5.39E-02
33931.80343	5.39E-02
33968.76618	5.20E-02
34005.72893	5.11E-02
34042.69168	5.10E-02
34079.65443	5.09E-02
34116.61717	5.09E-02
34153.57992	5.00E-02
34190.54267	4.99E-02
34227.50542	4.98E-02
34264.46817	4.96E-02
34301.43092	4.95E-02
34338.39367	4.94E-02
34375.35642	4.93E-02
34412.31917	4.89E-02
34449.28191	4.83E-02
34486.24466	4.79E-02
34523.20741	4.72E-02
34560.17016	4.70E-02
34597.13291	4.69E-02
34634.09566	4.64E-02
34671.05841	4.64E-02
34708.02116	4.63E-02
34744.9839	4.58E-02
34781.94665	4.49E-02
34818.9094	4.43E-02
34855.87215	4.43E-02
34892.8349	4.28E-02
34929.79765	4.27E-02
34966.7604	4.23E-02
35003.72315	4.23E-02
35040.6859	4.18E-02
35077.64864	4.18E-02
35114.61139	4.17E-02
35151.57414	4.16E-02
35188.53689	4.10E-02
35225.49964	4.09E-02
35262.46239	4.07E-02
35299.42514	4.04E-02
35336.38789	4.00E-02
35373.35063	3.90E-02
35410.31338	3.89E-02
35447.27613	3.80E-02
35484.23888	3.80E-02
35521.20163	3.80E-02
35558.16438	3.71E-02
35595.12713	3.69E-02
35632.08988	3.67E-02
35669.05263	3.59E-02
35706.01537	3.55E-02
35742.97812	3.55E-02
35779.94087	3.55E-02
35816.90362	3.54E-02
35853.86637	3.48E-02
35890.82912	3.47E-02
35927.79187	3.45E-02
35964.75462	3.40E-02
36001.71737	3.38E-02
36038.68011	3.37E-02
36075.64286	3.37E-02
36112.60561	3.36E-02
36149.56836	3.32E-02
36186.53111	3.31E-02
36223.49386	3.30E-02
36260.45661	3.24E-02
36297.41936	3.22E-02
36334.3821	3.18E-02
36371.34485	3.12E-02
36408.3076	3.11E-02
36445.27035	3.02E-02
36482.2331	3.01E-02
36519.19585	3.01E-02
36556.1586	2.98E-02
36593.12135	2.97E-02
36630.0841	2.89E-02
36667.04684	2.74E-02
36704.00959	2.74E-02
36740.97234	2.73E-02
36777.93509	2.72E-02
36814.89784	2.68E-02
36851.86059	2.68E-02
36888.82334	2.63E-02
36925.78609	2.62E-02
36962.74883	2.56E-02
36999.71158	2.50E-02
37036.67433	2.39E-02
37073.63708	2.32E-02
37110.59983	2.31E-02
37147.56258	2.27E-02
37184.52533	2.23E-02
37221.48808	2.20E-02
37258.45083	2.18E-02
37295.41357	2.13E-02
37332.37632	2.13E-02
37369.33907	2.12E-02
37406.30182	2.11E-02
37443.26457	2.07E-02
37480.22732	2.04E-02
37517.19007	1.93E-02
37554.15282	1.93E-02
37591.11557	1.92E-02
37628.07831	1.85E-02
37665.04106	1.80E-02
37702.00381	1.74E-02
37738.96656	1.73E-02
37775.92931	1.69E-02
37812.89206	1.66E-02
37849.85481	1.63E-02
37886.81756	1.63E-02
37923.7803	1.62E-02
37960.74305	1.55E-02
37997.7058	1.54E-02
38034.66855	1.52E-02
38071.6313	1.49E-02
38108.59405	1.43E-02
38145.5568	1.42E-02
38182.51955	1.38E-02
38219.4823	1.37E-02
38256.44504	1.35E-02
38293.40779	1.30E-02
38330.37054	1.25E-02
38367.33329	1.23E-02
38404.29604	1.21E-02
38441.25879	1.17E-02
38478.22154	1.16E-02
38515.18429	1.15E-02
38552.14703	1.11E-02
38589.10978	1.10E-02
38626.07253	1.09E-02
38663.03528	1.05E-02
38699.99803	9.74E-03
38736.96078	9.68E-03
38773.92353	9.19E-03
38810.88628	8.50E-03
38847.84903	8.35E-03
38884.81177	8.28E-03
38921.77452	7.90E-03
38958.73727	7.82E-03
38995.70002	7.00E-03
39032.66277	5.90E-03
39069.62552	5.65E-03
39106.58827	5.25E-03
39143.55102	4.80E-03
39180.51376	4.18E-03
39217.47651	3.84E-03
39254.43926	3.44E-03
39291.40201	3.34E-03
39328.36476	3.30E-03
39365.32751	3.25E-03
39402.29026	3.16E-03
39439.25301	2.59E-03
39476.21576	2.24E-03
39513.1785	2.13E-03
39550.14125	1.47E-03
39587.104	9.72E-04
39624.06675	7.65E-04