-33857.87793	5.82E-04
-33820.91518	7.36E-04
-33783.95244	2.16E-03
-33746.98969	2.28E-03
-33710.02694	3.46E-03
-33673.06419	4.87E-03
-33636.10144	5.96E-03
-33599.13869	6.18E-03
-33562.17594	6.35E-03
-33525.21319	8.00E-03
-33488.25044	9.22E-03
-33451.2877	9.48E-03
-33414.32495	1.13E-02
-33377.3622	1.15E-02
-33340.39945	1.20E-02
-33303.4367	1.29E-02
-33266.47395	1.32E-02
-33229.5112	1.37E-02
-33192.54845	1.39E-02
-33155.5857	1.40E-02
-33118.62296	1.41E-02
-33081.66021	1.48E-02
-33044.69746	1.50E-02
-33007.73471	1.52E-02
-32970.77196	1.68E-02
-32933.80921	1.76E-02
-32896.84646	1.77E-02
-32859.88371	1.80E-02
-32822.92097	1.87E-02
-32785.95822	1.88E-02
-32748.99547	1.90E-02
-32712.03272	1.96E-02
-32675.06997	2.08E-02
-32638.10722	2.13E-02
-32601.14447	2.18E-02
-32564.18172	2.21E-02
-32527.21897	2.25E-02
-32490.25623	2.28E-02
-32453.29348	2.45E-02
-32416.33073	2.46E-02
-32379.36798	2.55E-02
-32342.40523	2.62E-02
-32305.44248	2.76E-02
-32268.47973	3.01E-02
-32231.51698	3.17E-02
-32194.55424	3.27E-02
-32157.59149	3.28E-02
-32120.62874	3.30E-02
-32083.66599	3.35E-02
-32046.70324	3.38E-02
-32009.74049	3.47E-02
-31972.77774	3.47E-02
-31935.81499	3.52E-02
-31898.85224	3.53E-02
-31861.8895	3.60E-02
-31824.92675	3.66E-02
-31787.964	3.72E-02
-31751.00125	3.74E-02
-31714.0385	3.77E-02
-31677.07575	3.83E-02
-31640.113	3.86E-02
-31603.15025	3.91E-02
-31566.18751	3.92E-02
-31529.22476	3.93E-02
-31492.26201	4.03E-02
-31455.29926	4.04E-02
-31418.33651	4.44E-02
-31381.37376	4.58E-02
-31344.41101	4.65E-02
-31307.44826	4.73E-02
-31270.48551	4.74E-02
-31233.52277	4.75E-02
-31196.56002	4.76E-02
-31159.59727	4.83E-02
-31122.63452	4.96E-02
-31085.67177	5.07E-02
-31048.70902	5.12E-02
-31011.74627	5.22E-02
-30974.78352	5.23E-02
-30937.82077	5.28E-02
-30900.85803	5.32E-02
-30863.89528	5.43E-02
-30826.93253	5.44E-02
-30789.96978	5.46E-02
-30753.00703	5.48E-02
-30716.04428	5.48E-02
-30679.08153	5.50E-02
-30642.11878	5.52E-02
-30605.15604	5.61E-02
-30568.19329	5.65E-02
-30531.23054	5.66E-02
-30494.26779	5.69E-02
-30457.30504	5.71E-02
-30420.34229	5.73E-02
-30383.37954	5.75E-02
-30346.41679	5.76E-02
-30309.45404	5.79E-02
-30272.4913	5.82E-02
-30235.52855	6.00E-02
-30198.5658	6.04E-02
-30161.60305	6.17E-02
-30124.6403	6.51E-02
-30087.67755	6.54E-02
-30050.7148	6.62E-02
-30013.75205	6.80E-02
-29976.78931	6.84E-02
-29939.82656	6.89E-02
-29902.86381	6.92E-02
-29865.90106	7.01E-02
-29828.93831	7.01E-02
-29791.97556	7.04E-02
-29755.01281	7.04E-02
-29718.05006	7.06E-02
-29681.08731	7.09E-02
-29644.12457	7.13E-02
-29607.16182	7.23E-02
-29570.19907	7.25E-02
-29533.23632	7.27E-02
-29496.27357	7.36E-02
-29459.31082	7.39E-02
-29422.34807	7.41E-02
-29385.38532	7.50E-02
-29348.42257	7.50E-02
-29311.45983	7.55E-02
-29274.49708	7.61E-02
-29237.53433	7.65E-02
-29200.57158	7.68E-02
-29163.60883	7.72E-02
-29126.64608	7.79E-02
-29089.68333	7.86E-02
-29052.72058	7.91E-02
-29015.75784	7.98E-02
-28978.79509	8.06E-02
-28941.83234	8.09E-02
-28904.86959	8.11E-02
-28867.90684	8.12E-02
-28830.94409	8.17E-02
-28793.98134	8.24E-02
-28757.01859	8.25E-02
-28720.05584	8.29E-02
-28683.0931	8.30E-02
-28646.13035	8.31E-02
-28609.1676	8.32E-02
-28572.20485	8.32E-02
-28535.2421	8.36E-02
-28498.27935	8.37E-02
-28461.3166	8.39E-02
-28424.35385	8.40E-02
-28387.39111	8.42E-02
-28350.42836	8.51E-02
-28313.46561	8.52E-02
-28276.50286	8.61E-02
-28239.54011	8.69E-02
-28202.57736	8.81E-02
-28165.61461	8.83E-02
-28128.65186	8.95E-02
-28091.68911	9.03E-02
-28054.72637	9.06E-02
-28017.76362	9.14E-02
-27980.80087	9.17E-02
-27943.83812	9.26E-02
-27906.87537	9.29E-02
-27869.91262	9.45E-02
-27832.94987	9.50E-02
-27795.98712	9.51E-02
-27759.02438	9.62E-02
-27722.06163	9.66E-02
-27685.09888	9.74E-02
-27648.13613	9.81E-02
-27611.17338	9.81E-02
-27574.21063	9.83E-02
-27537.24788	1.00E-01
-27500.28513	1.00E-01
-27463.32238	1.01E-01
-27426.35964	1.01E-01
-27389.39689	1.01E-01
-27352.43414	1.02E-01
-27315.47139	1.02E-01
-27278.50864	1.03E-01
-27241.54589	1.04E-01
-27204.58314	1.05E-01
-27167.62039	1.06E-01
-27130.65764	1.06E-01
-27093.6949	1.06E-01
-27056.73215	1.06E-01
-27019.7694	1.06E-01
-26982.80665	1.07E-01
-26945.8439	1.08E-01
-26908.88115	1.10E-01
-26871.9184	1.11E-01
-26834.95565	1.11E-01
-26797.99291	1.11E-01
-26761.03016	1.12E-01
-26724.06741	1.13E-01
-26687.10466	1.13E-01
-26650.14191	1.13E-01
-26613.17916	1.14E-01
-26576.21641	1.14E-01
-26539.25366	1.15E-01
-26502.29091	1.15E-01
-26465.32817	1.16E-01
-26428.36542	1.17E-01
-26391.40267	1.17E-01
-26354.43992	1.18E-01
-26317.47717	1.18E-01
-26280.51442	1.18E-01
-26243.55167	1.18E-01
-26206.58892	1.20E-01
-26169.62618	1.21E-01
-26132.66343	1.21E-01
-26095.70068	1.21E-01
-26058.73793	1.22E-01
-26021.77518	1.22E-01
-25984.81243	1.22E-01
-25947.84968	1.22E-01
-25910.88693	1.23E-01
-25873.92418	1.23E-01
-25836.96144	1.23E-01
-25799.99869	1.23E-01
-25763.03594	1.23E-01
-25726.07319	1.24E-01
-25689.11044	1.24E-01
-25652.14769	1.24E-01
-25615.18494	1.25E-01
-25578.22219	1.26E-01
-25541.25945	1.26E-01
-25504.2967	1.27E-01
-25467.33395	1.27E-01
-25430.3712	1.28E-01
-25393.40845	1.29E-01
-25356.4457	1.29E-01
-25319.48295	1.29E-01
-25282.5202	1.29E-01
-25245.55745	1.30E-01
-25208.59471	1.30E-01
-25171.63196	1.31E-01
-25134.66921	1.31E-01
-25097.70646	1.31E-01
-25060.74371	1.31E-01
-25023.78096	1.32E-01
-24986.81821	1.32E-01
-24949.85546	1.33E-01
-24912.89271	1.33E-01
-24875.92997	1.34E-01
-24838.96722	1.34E-01
-24802.00447	1.34E-01
-24765.04172	1.34E-01
-24728.07897	1.35E-01
-24691.11622	1.35E-01
-24654.15347	1.35E-01
-24617.19072	1.35E-01
-24580.22798	1.36E-01
-24543.26523	1.36E-01
-24506.30248	1.36E-01
-24469.33973	1.37E-01
-24432.37698	1.37E-01
-24395.41423	1.37E-01
-24358.45148	1.38E-01
-24321.48873	1.38E-01
-24284.52598	1.38E-01
-24247.56324	1.39E-01
-24210.60049	1.39E-01
-24173.63774	1.39E-01
-24136.67499	1.40E-01
-24099.71224	1.40E-01
-24062.74949	1.40E-01
-24025.78674	1.40E-01
-23988.82399	1.41E-01
-23951.86125	1.41E-01
-23914.8985	1.41E-01
-23877.93575	1.41E-01
-23840.973	1.41E-01
-23804.01025	1.42E-01
-23767.0475	1.43E-01
-23730.08475	1.43E-01
-23693.122	1.44E-01
-23656.15925	1.44E-01
-23619.19651	1.44E-01
-23582.23376	1.45E-01
-23545.27101	1.45E-01
-23508.30826	1.46E-01
-23471.34551	1.46E-01
-23434.38276	1.47E-01
-23397.42001	1.47E-01
-23360.45726	1.47E-01
-23323.49451	1.47E-01
-23286.53177	1.48E-01
-23249.56902	1.48E-01
-23212.60627	1.48E-01
-23175.64352	1.48E-01
-23138.68077	1.48E-01
-23101.71802	1.49E-01
-23064.75527	1.49E-01
-23027.79252	1.49E-01
-22990.82978	1.50E-01
-22953.86703	1.50E-01
-22916.90428	1.51E-01
-22879.94153	1.51E-01
-22842.97878	1.52E-01
-22806.01603	1.54E-01
-22769.05328	1.54E-01
-22732.09053	1.54E-01
-22695.12778	1.54E-01
-22658.16504	1.54E-01
-22621.20229	1.55E-01
-22584.23954	1.56E-01
-22547.27679	1.56E-01
-22510.31404	1.56E-01
-22473.35129	1.57E-01
-22436.38854	1.57E-01
-22399.42579	1.58E-01
-22362.46305	1.58E-01
-22325.5003	1.58E-01
-22288.53755	1.59E-01
-22251.5748	1.60E-01
-22214.61205	1.60E-01
-22177.6493	1.61E-01
-22140.68655	1.62E-01
-22103.7238	1.63E-01
-22066.76105	1.63E-01
-22029.79831	1.63E-01
-21992.83556	1.64E-01
-21955.87281	1.64E-01
-21918.91006	1.64E-01
-21881.94731	1.65E-01
-21844.98456	1.65E-01
-21808.02181	1.65E-01
-21771.05906	1.65E-01
-21734.09632	1.65E-01
-21697.13357	1.66E-01
-21660.17082	1.66E-01
-21623.20807	1.66E-01
-21586.24532	1.66E-01
-21549.28257	1.67E-01
-21512.31982	1.67E-01
-21475.35707	1.67E-01
-21438.39432	1.68E-01
-21401.43158	1.68E-01
-21364.46883	1.69E-01
-21327.50608	1.69E-01
-21290.54333	1.69E-01
-21253.58058	1.70E-01
-21216.61783	1.70E-01
-21179.65508	1.71E-01
-21142.69233	1.71E-01
-21105.72958	1.71E-01
-21068.76684	1.71E-01
-21031.80409	1.72E-01
-20994.84134	1.72E-01
-20957.87859	1.72E-01
-20920.91584	1.72E-01
-20883.95309	1.73E-01
-20846.99034	1.73E-01
-20810.02759	1.74E-01
-20773.06485	1.74E-01
-20736.1021	1.74E-01
-20699.13935	1.75E-01
-20662.1766	1.75E-01
-20625.21385	1.76E-01
-20588.2511	1.76E-01
-20551.28835	1.76E-01
-20514.3256	1.76E-01
-20477.36285	1.76E-01
-20440.40011	1.76E-01
-20403.43736	1.77E-01
-20366.47461	1.77E-01
-20329.51186	1.78E-01
-20292.54911	1.78E-01
-20255.58636	1.78E-01
-20218.62361	1.78E-01
-20181.66086	1.79E-01
-20144.69812	1.79E-01
-20107.73537	1.79E-01
-20070.77262	1.79E-01
-20033.80987	1.79E-01
-19996.84712	1.79E-01
-19959.88437	1.80E-01
-19922.92162	1.80E-01
-19885.95887	1.80E-01
-19848.99612	1.81E-01
-19812.03338	1.81E-01
-19775.07063	1.81E-01
-19738.10788	1.81E-01
-19701.14513	1.82E-01
-19664.18238	1.82E-01
-19627.21963	1.83E-01
-19590.25688	1.83E-01
-19553.29413	1.83E-01
-19516.33139	1.84E-01
-19479.36864	1.84E-01
-19442.40589	1.84E-01
-19405.44314	1.84E-01
-19368.48039	1.85E-01
-19331.51764	1.85E-01
-19294.55489	1.85E-01
-19257.59214	1.85E-01
-19220.62939	1.86E-01
-19183.66665	1.88E-01
-19146.7039	1.88E-01
-19109.74115	1.89E-01
-19072.7784	1.89E-01
-19035.81565	1.89E-01
-18998.8529	1.89E-01
-18961.89015	1.91E-01
-18924.9274	1.91E-01
-18887.96465	1.91E-01
-18851.00191	1.91E-01
-18814.03916	1.92E-01
-18777.07641	1.95E-01
-18740.11366	1.96E-01
-18703.15091	1.96E-01
-18666.18816	1.96E-01
-18629.22541	1.97E-01
-18592.26266	1.97E-01
-18555.29992	1.98E-01
-18518.33717	1.99E-01
-18481.37442	1.99E-01
-18444.41167	2.00E-01
-18407.44892	2.01E-01
-18370.48617	2.01E-01
-18333.52342	2.01E-01
-18296.56067	2.03E-01
-18259.59792	2.04E-01
-18222.63518	2.04E-01
-18185.67243	2.07E-01
-18148.70968	2.07E-01
-18111.74693	2.07E-01
-18074.78418	2.08E-01
-18037.82143	2.09E-01
-18000.85868	2.10E-01
-17963.89593	2.11E-01
-17926.93319	2.13E-01
-17889.97044	2.13E-01
-17853.00769	2.15E-01
-17816.04494	2.15E-01
-17779.08219	2.16E-01
-17742.11944	2.16E-01
-17705.15669	2.17E-01
-17668.19394	2.17E-01
-17631.23119	2.17E-01
-17594.26845	2.17E-01
-17557.3057	2.18E-01
-17520.34295	2.19E-01
-17483.3802	2.19E-01
-17446.41745	2.22E-01
-17409.4547	2.22E-01
-17372.49195	2.23E-01
-17335.5292	2.24E-01
-17298.56645	2.26E-01
-17261.60371	2.27E-01
-17224.64096	2.29E-01
-17187.67821	2.30E-01
-17150.71546	2.30E-01
-17113.75271	2.30E-01
-17076.78996	2.31E-01
-17039.82721	2.32E-01
-17002.86446	2.33E-01
-16965.90172	2.34E-01
-16928.93897	2.34E-01
-16891.97622	2.34E-01
-16855.01347	2.34E-01
-16818.05072	2.35E-01
-16781.08797	2.36E-01
-16744.12522	2.37E-01
-16707.16247	2.37E-01
-16670.19972	2.37E-01
-16633.23698	2.37E-01
-16596.27423	2.37E-01
-16559.31148	2.37E-01
-16522.34873	2.38E-01
-16485.38598	2.38E-01
-16448.42323	2.38E-01
-16411.46048	2.39E-01
-16374.49773	2.40E-01
-16337.53499	2.40E-01
-16300.57224	2.41E-01
-16263.60949	2.41E-01
-16226.64674	2.41E-01
-16189.68399	2.42E-01
-16152.72124	2.42E-01
-16115.75849	2.43E-01
-16078.79574	2.43E-01
-16041.83299	2.44E-01
-16004.87025	2.45E-01
-15967.9075	2.45E-01
-15930.94475	2.45E-01
-15893.982	2.45E-01
-15857.01925	2.47E-01
-15820.0565	2.47E-01
-15783.09375	2.48E-01
-15746.131	2.48E-01
-15709.16826	2.48E-01
-15672.20551	2.48E-01
-15635.24276	2.48E-01
-15598.28001	2.49E-01
-15561.31726	2.49E-01
-15524.35451	2.50E-01
-15487.39176	2.51E-01
-15450.42901	2.53E-01
-15413.46626	2.53E-01
-15376.50352	2.53E-01
-15339.54077	2.54E-01
-15302.57802	2.54E-01
-15265.61527	2.55E-01
-15228.65252	2.55E-01
-15191.68977	2.56E-01
-15154.72702	2.56E-01
-15117.76427	2.56E-01
-15080.80152	2.56E-01
-15043.83878	2.56E-01
-15006.87603	2.56E-01
-14969.91328	2.58E-01
-14932.95053	2.59E-01
-14895.98778	2.59E-01
-14859.02503	2.59E-01
-14822.06228	2.59E-01
-14785.09953	2.60E-01
-14748.13679	2.60E-01
-14711.17404	2.60E-01
-14674.21129	2.61E-01
-14637.24854	2.61E-01
-14600.28579	2.62E-01
-14563.32304	2.62E-01
-14526.36029	2.62E-01
-14489.39754	2.62E-01
-14452.43479	2.62E-01
-14415.47205	2.63E-01
-14378.5093	2.63E-01
-14341.54655	2.63E-01
-14304.5838	2.63E-01
-14267.62105	2.63E-01
-14230.6583	2.63E-01
-14193.69555	2.64E-01
-14156.7328	2.64E-01
-14119.77006	2.64E-01
-14082.80731	2.64E-01
-14045.84456	2.65E-01
-14008.88181	2.66E-01
-13971.91906	2.66E-01
-13934.95631	2.66E-01
-13897.99356	2.66E-01
-13861.03081	2.67E-01
-13824.06806	2.67E-01
-13787.10532	2.67E-01
-13750.14257	2.68E-01
-13713.17982	2.68E-01
-13676.21707	2.68E-01
-13639.25432	2.68E-01
-13602.29157	2.68E-01
-13565.32882	2.69E-01
-13528.36607	2.69E-01
-13491.40333	2.70E-01
-13454.44058	2.70E-01
-13417.47783	2.70E-01
-13380.51508	2.70E-01
-13343.55233	2.70E-01
-13306.58958	2.71E-01
-13269.62683	2.71E-01
-13232.66408	2.72E-01
-13195.70133	2.72E-01
-13158.73859	2.72E-01
-13121.77584	2.72E-01
-13084.81309	2.73E-01
-13047.85034	2.73E-01
-13010.88759	2.73E-01
-12973.92484	2.73E-01
-12936.96209	2.73E-01
-12899.99934	2.73E-01
-12863.03659	2.73E-01
-12826.07385	2.74E-01
-12789.1111	2.74E-01
-12752.14835	2.74E-01
-12715.1856	2.74E-01
-12678.22285	2.74E-01
-12641.2601	2.75E-01
-12604.29735	2.75E-01
-12567.3346	2.76E-01
-12530.37186	2.76E-01
-12493.40911	2.76E-01
-12456.44636	2.76E-01
-12419.48361	2.76E-01
-12382.52086	2.76E-01
-12345.55811	2.77E-01
-12308.59536	2.77E-01
-12271.63261	2.77E-01
-12234.66986	2.77E-01
-12197.70712	2.77E-01
-12160.74437	2.78E-01
-12123.78162	2.78E-01
-12086.81887	2.78E-01
-12049.85612	2.78E-01
-12012.89337	2.78E-01
-11975.93062	2.79E-01
-11938.96787	2.79E-01
-11902.00513	2.79E-01
-11865.04238	2.79E-01
-11828.07963	2.80E-01
-11791.11688	2.80E-01
-11754.15413	2.80E-01
-11717.19138	2.80E-01
-11680.22863	2.80E-01
-11643.26588	2.80E-01
-11606.30313	2.81E-01
-11569.34039	2.81E-01
-11532.37764	2.81E-01
-11495.41489	2.81E-01
-11458.45214	2.82E-01
-11421.48939	2.82E-01
-11384.52664	2.82E-01
-11347.56389	2.82E-01
-11310.60114	2.82E-01
-11273.63839	2.82E-01
-11236.67565	2.82E-01
-11199.7129	2.82E-01
-11162.75015	2.83E-01
-11125.7874	2.83E-01
-11088.82465	2.83E-01
-11051.8619	2.83E-01
-11014.89915	2.83E-01
-10977.9364	2.84E-01
-10940.97366	2.84E-01
-10904.01091	2.84E-01
-10867.04816	2.84E-01
-10830.08541	2.84E-01
-10793.12266	2.85E-01
-10756.15991	2.85E-01
-10719.19716	2.85E-01
-10682.23441	2.85E-01
-10645.27166	2.85E-01
-10608.30892	2.85E-01
-10571.34617	2.85E-01
-10534.38342	2.85E-01
-10497.42067	2.85E-01
-10460.45792	2.85E-01
-10423.49517	2.85E-01
-10386.53242	2.86E-01
-10349.56967	2.86E-01
-10312.60693	2.86E-01
-10275.64418	2.86E-01
-10238.68143	2.86E-01
-10201.71868	2.87E-01
-10164.75593	2.87E-01
-10127.79318	2.87E-01
-10090.83043	2.87E-01
-10053.86768	2.87E-01
-10016.90493	2.87E-01
-9979.942185	2.87E-01
-9942.979436	2.88E-01
-9906.016688	2.88E-01
-9869.053939	2.88E-01
-9832.09119	2.88E-01
-9795.128441	2.88E-01
-9758.165692	2.88E-01
-9721.202943	2.88E-01
-9684.240195	2.89E-01
-9647.277446	2.89E-01
-9610.314697	2.89E-01
-9573.351948	2.89E-01
-9536.389199	2.89E-01
-9499.42645	2.89E-01
-9462.463702	2.89E-01
-9425.500953	2.89E-01
-9388.538204	2.89E-01
-9351.575455	2.90E-01
-9314.612706	2.90E-01
-9277.649957	2.90E-01
-9240.687209	2.90E-01
-9203.72446	2.90E-01
-9166.761711	2.90E-01
-9129.798962	2.91E-01
-9092.836213	2.91E-01
-9055.873464	2.91E-01
-9018.910716	2.92E-01
-8981.947967	2.92E-01
-8944.985218	2.92E-01
-8908.022469	2.92E-01
-8871.05972	2.92E-01
-8834.096971	2.92E-01
-8797.134223	2.92E-01
-8760.171474	2.92E-01
-8723.208725	2.93E-01
-8686.245976	2.93E-01
-8649.283227	2.93E-01
-8612.320478	2.93E-01
-8575.35773	2.93E-01
-8538.394981	2.93E-01
-8501.432232	2.93E-01
-8464.469483	2.93E-01
-8427.506734	2.93E-01
-8390.543985	2.93E-01
-8353.581237	2.93E-01
-8316.618488	2.93E-01
-8279.655739	2.93E-01
-8242.69299	2.93E-01
-8205.730241	2.93E-01
-8168.767492	2.94E-01
-8131.804744	2.94E-01
-8094.841995	2.94E-01
-8057.879246	2.94E-01
-8020.916497	2.94E-01
-7983.953748	2.94E-01
-7946.990999	2.94E-01
-7910.028251	2.94E-01
-7873.065502	2.94E-01
-7836.102753	2.94E-01
-7799.140004	2.95E-01
-7762.177255	2.95E-01
-7725.214506	2.95E-01
-7688.251758	2.95E-01
-7651.289009	2.95E-01
-7614.32626	2.95E-01
-7577.363511	2.95E-01
-7540.400762	2.95E-01
-7503.438013	2.95E-01
-7466.475265	2.95E-01
-7429.512516	2.95E-01
-7392.549767	2.95E-01
-7355.587018	2.95E-01
-7318.624269	2.95E-01
-7281.66152	2.95E-01
-7244.698772	2.95E-01
-7207.736023	2.95E-01
-7170.773274	2.95E-01
-7133.810525	2.95E-01
-7096.847776	2.95E-01
-7059.885027	2.95E-01
-7022.922279	2.96E-01
-6985.95953	2.96E-01
-6948.996781	2.96E-01
-6912.034032	2.96E-01
-6875.071283	2.96E-01
-6838.108534	2.96E-01
-6801.145786	2.96E-01
-6764.183037	2.96E-01
-6727.220288	2.96E-01
-6690.257539	2.96E-01
-6653.29479	2.96E-01
-6616.332041	2.96E-01
-6579.369293	2.96E-01
-6542.406544	2.96E-01
-6505.443795	2.96E-01
-6468.481046	2.96E-01
-6431.518297	2.96E-01
-6394.555548	2.97E-01
-6357.5928	2.97E-01
-6320.630051	2.97E-01
-6283.667302	2.97E-01
-6246.704553	2.97E-01
-6209.741804	2.97E-01
-6172.779055	2.97E-01
-6135.816307	2.97E-01
-6098.853558	2.97E-01
-6061.890809	2.97E-01
-6024.92806	2.97E-01
-5987.965311	2.97E-01
-5951.002562	2.97E-01
-5914.039813	2.97E-01
-5877.077065	2.97E-01
-5840.114316	2.97E-01
-5803.151567	2.97E-01
-5766.188818	2.97E-01
-5729.226069	2.97E-01
-5692.26332	2.97E-01
-5655.300572	2.97E-01
-5618.337823	2.97E-01
-5581.375074	2.97E-01
-5544.412325	2.97E-01
-5507.449576	2.97E-01
-5470.486827	2.97E-01
-5433.524079	2.97E-01
-5396.56133	2.97E-01
-5359.598581	2.97E-01
-5322.635832	2.97E-01
-5285.673083	2.97E-01
-5248.710334	2.97E-01
-5211.747586	2.97E-01
-5174.784837	2.97E-01
-5137.822088	2.98E-01
-5100.859339	2.98E-01
-5063.89659	2.98E-01
-5026.933841	2.98E-01
-4989.971093	2.98E-01
-4953.008344	2.98E-01
-4916.045595	2.98E-01
-4879.082846	2.98E-01
-4842.120097	2.98E-01
-4805.157348	2.98E-01
-4768.1946	2.98E-01
-4731.231851	2.98E-01
-4694.269102	2.98E-01
-4657.306353	2.98E-01
-4620.343604	2.98E-01
-4583.380855	2.98E-01
-4546.418107	2.98E-01
-4509.455358	2.98E-01
-4472.492609	2.98E-01
-4435.52986	2.98E-01
-4398.567111	2.98E-01
-4361.604362	2.98E-01
-4324.641614	2.98E-01
-4287.678865	2.98E-01
-4250.716116	2.98E-01
-4213.753367	2.98E-01
-4176.790618	2.98E-01
-4139.827869	2.98E-01
-4102.865121	2.98E-01
-4065.902372	2.98E-01
-4028.939623	2.98E-01
-3991.976874	2.98E-01
-3955.014125	2.98E-01
-3918.051376	2.98E-01
-3881.088628	2.99E-01
-3844.125879	2.99E-01
-3807.16313	2.99E-01
-3770.200381	2.99E-01
-3733.237632	2.99E-01
-3696.274883	2.99E-01
-3659.312135	2.99E-01
-3622.349386	2.99E-01
-3585.386637	2.99E-01
-3548.423888	2.99E-01
-3511.461139	2.99E-01
-3474.49839	2.99E-01
-3437.535642	2.99E-01
-3400.572893	2.99E-01
-3363.610144	2.99E-01
-3326.647395	2.99E-01
-3289.684646	2.99E-01
-3252.721897	2.99E-01
-3215.759149	2.99E-01
-3178.7964	2.99E-01
-3141.833651	2.99E-01
-3104.870902	2.99E-01
-3067.908153	2.99E-01
-3030.945404	2.99E-01
-2993.982656	2.99E-01
-2957.019907	2.99E-01
-2920.057158	2.99E-01
-2883.094409	2.99E-01
-2846.13166	2.99E-01
-2809.168911	2.99E-01
-2772.206163	3.00E-01
-2735.243414	3.00E-01
-2698.280665	3.00E-01
-2661.317916	3.00E-01
-2624.355167	3.00E-01
-2587.392418	3.00E-01
-2550.42967	3.00E-01
-2513.466921	3.00E-01
-2476.504172	3.00E-01
-2439.541423	3.00E-01
-2402.578674	3.00E-01
-2365.615925	3.00E-01
-2328.653177	3.00E-01
-2291.690428	3.00E-01
-2254.727679	3.00E-01
-2217.76493	3.00E-01
-2180.802181	3.00E-01
-2143.839432	3.00E-01
-2106.876684	3.00E-01
-2069.913935	3.00E-01
-2032.951186	3.00E-01
-1995.988437	3.00E-01
-1959.025688	3.00E-01
-1922.062939	3.00E-01
-1885.100191	3.00E-01
-1848.137442	3.00E-01
-1811.174693	3.00E-01
-1774.211944	3.00E-01
-1737.249195	3.00E-01
-1700.286446	3.01E-01
-1663.323698	3.01E-01
-1626.360949	3.01E-01
-1589.3982	3.01E-01
-1552.435451	3.01E-01
-1515.472702	3.01E-01
-1478.509953	3.01E-01
-1441.547205	3.01E-01
-1404.584456	3.01E-01
-1367.621707	3.01E-01
-1330.658958	3.01E-01
-1293.696209	3.01E-01
-1256.73346	3.01E-01
-1219.770712	3.01E-01
-1182.807963	3.01E-01
-1145.845214	3.01E-01
-1108.882465	3.01E-01
-1071.919716	3.01E-01
-1034.956967	3.01E-01
-997.994219	3.01E-01
-961.03147	3.01E-01
-924.068721	3.01E-01
-887.105972	3.01E-01
-850.143223	3.01E-01
-813.180474	3.01E-01
-776.217726	3.01E-01
-739.254977	3.01E-01
-702.292228	3.01E-01
-665.329479	3.01E-01
-628.36673	3.01E-01
-591.403981	3.01E-01
-554.441233	3.01E-01
-517.478484	3.01E-01
-480.515735	3.01E-01
-443.552986	3.01E-01
-406.590237	3.01E-01
-369.627488	3.01E-01
-332.66474	3.01E-01
-295.701991	3.01E-01
-258.739242	3.01E-01
-221.776493	3.01E-01
-184.813744	3.01E-01
-147.850995	3.01E-01
-110.888247	3.01E-01
-73.925498	3.00E-01
-36.962749	3.00E-01
0	3.00E-01
36.962749	3.00E-01
73.925498	3.00E-01
110.888247	3.00E-01
147.850995	3.00E-01
184.813744	3.01E-01
221.776493	3.01E-01
258.739242	3.01E-01
295.701991	3.01E-01
332.66474	3.01E-01
369.627488	3.01E-01
406.590237	3.01E-01
443.552986	3.01E-01
480.515735	3.01E-01
517.478484	3.01E-01
554.441233	3.01E-01
591.403981	3.00E-01
628.36673	3.01E-01
665.329479	3.01E-01
702.292228	3.01E-01
739.254977	3.01E-01
776.217726	3.01E-01
813.180474	3.01E-01
850.143223	3.01E-01
887.105972	3.01E-01
924.068721	3.01E-01
961.03147	3.01E-01
997.994219	3.01E-01
1034.956967	3.01E-01
1071.919716	3.01E-01
1108.882465	3.01E-01
1145.845214	3.01E-01
1182.807963	3.01E-01
1219.770712	3.01E-01
1256.73346	3.01E-01
1293.696209	3.01E-01
1330.658958	3.01E-01
1367.621707	3.01E-01
1404.584456	3.01E-01
1441.547205	3.01E-01
1478.509953	3.01E-01
1515.472702	3.01E-01
1552.435451	3.00E-01
1589.3982	3.00E-01
1626.360949	3.00E-01
1663.323698	3.00E-01
1700.286446	3.00E-01
1737.249195	3.00E-01
1774.211944	3.00E-01
1811.174693	3.00E-01
1848.137442	3.00E-01
1885.100191	3.00E-01
1922.062939	3.00E-01
1959.025688	3.00E-01
1995.988437	3.00E-01
2032.951186	3.00E-01
2069.913935	3.00E-01
2106.876684	3.00E-01
2143.839432	3.00E-01
2180.802181	3.00E-01
2217.76493	3.00E-01
2254.727679	3.00E-01
2291.690428	3.00E-01
2328.653177	3.00E-01
2365.615925	3.00E-01
2402.578674	3.00E-01
2439.541423	3.00E-01
2476.504172	3.00E-01
2513.466921	3.00E-01
2550.42967	3.00E-01
2587.392418	3.00E-01
2624.355167	3.00E-01
2661.317916	3.00E-01
2698.280665	3.00E-01
2735.243414	3.00E-01
2772.206163	3.00E-01
2809.168911	3.00E-01
2846.13166	3.00E-01
2883.094409	3.00E-01
2920.057158	3.00E-01
2957.019907	3.00E-01
2993.982656	3.00E-01
3030.945404	3.00E-01
3067.908153	3.00E-01
3104.870902	3.00E-01
3141.833651	3.00E-01
3178.7964	3.00E-01
3215.759149	3.00E-01
3252.721897	3.00E-01
3289.684646	3.00E-01
3326.647395	3.00E-01
3363.610144	3.00E-01
3400.572893	3.00E-01
3437.535642	3.00E-01
3474.49839	3.00E-01
3511.461139	3.00E-01
3548.423888	3.00E-01
3585.386637	3.00E-01
3622.349386	3.00E-01
3659.312135	3.00E-01
3696.274883	3.00E-01
3733.237632	3.00E-01
3770.200381	3.00E-01
3807.16313	3.00E-01
3844.125879	3.00E-01
3881.088628	3.00E-01
3918.051376	3.00E-01
3955.014125	3.00E-01
3991.976874	3.00E-01
4028.939623	3.00E-01
4065.902372	3.00E-01
4102.865121	3.00E-01
4139.827869	3.00E-01
4176.790618	3.00E-01
4213.753367	3.00E-01
4250.716116	3.00E-01
4287.678865	3.00E-01
4324.641614	3.00E-01
4361.604362	3.00E-01
4398.567111	3.00E-01
4435.52986	3.00E-01
4472.492609	3.00E-01
4509.455358	3.00E-01
4546.418107	3.00E-01
4583.380855	2.99E-01
4620.343604	2.99E-01
4657.306353	2.99E-01
4694.269102	2.99E-01
4731.231851	2.99E-01
4768.1946	2.99E-01
4805.157348	2.99E-01
4842.120097	2.99E-01
4879.082846	2.99E-01
4916.045595	2.99E-01
4953.008344	2.99E-01
4989.971093	2.99E-01
5026.933841	2.99E-01
5063.89659	2.99E-01
5100.859339	2.99E-01
5137.822088	2.99E-01
5174.784837	2.99E-01
5211.747586	2.99E-01
5248.710334	2.99E-01
5285.673083	2.99E-01
5322.635832	2.99E-01
5359.598581	2.99E-01
5396.56133	2.99E-01
5433.524079	2.99E-01
5470.486827	2.99E-01
5507.449576	2.99E-01
5544.412325	2.99E-01
5581.375074	2.99E-01
5618.337823	2.99E-01
5655.300572	2.99E-01
5692.26332	2.99E-01
5729.226069	2.99E-01
5766.188818	2.99E-01
5803.151567	2.99E-01
5840.114316	2.99E-01
5877.077065	2.99E-01
5914.039813	2.99E-01
5951.002562	2.98E-01
5987.965311	2.98E-01
6024.92806	2.98E-01
6061.890809	2.98E-01
6098.853558	2.98E-01
6135.816307	2.98E-01
6172.779055	2.98E-01
6209.741804	2.98E-01
6246.704553	2.98E-01
6283.667302	2.98E-01
6320.630051	2.98E-01
6357.5928	2.98E-01
6394.555548	2.98E-01
6431.518297	2.98E-01
6468.481046	2.98E-01
6505.443795	2.98E-01
6542.406544	2.98E-01
6579.369293	2.98E-01
6616.332041	2.98E-01
6653.29479	2.98E-01
6690.257539	2.98E-01
6727.220288	2.98E-01
6764.183037	2.98E-01
6801.145786	2.98E-01
6838.108534	2.98E-01
6875.071283	2.98E-01
6912.034032	2.98E-01
6948.996781	2.97E-01
6985.95953	2.97E-01
7022.922279	2.97E-01
7059.885027	2.97E-01
7096.847776	2.97E-01
7133.810525	2.97E-01
7170.773274	2.97E-01
7207.736023	2.97E-01
7244.698772	2.97E-01
7281.66152	2.97E-01
7318.624269	2.97E-01
7355.587018	2.97E-01
7392.549767	2.97E-01
7429.512516	2.97E-01
7466.475265	2.97E-01
7503.438013	2.97E-01
7540.400762	2.97E-01
7577.363511	2.97E-01
7614.32626	2.97E-01
7651.289009	2.97E-01
7688.251758	2.97E-01
7725.214506	2.97E-01
7762.177255	2.97E-01
7799.140004	2.97E-01
7836.102753	2.97E-01
7873.065502	2.97E-01
7910.028251	2.97E-01
7946.990999	2.97E-01
7983.953748	2.97E-01
8020.916497	2.97E-01
8057.879246	2.97E-01
8094.841995	2.96E-01
8131.804744	2.96E-01
8168.767492	2.96E-01
8205.730241	2.96E-01
8242.69299	2.96E-01
8279.655739	2.96E-01
8316.618488	2.96E-01
8353.581237	2.96E-01
8390.543985	2.96E-01
8427.506734	2.96E-01
8464.469483	2.96E-01
8501.432232	2.96E-01
8538.394981	2.96E-01
8575.35773	2.96E-01
8612.320478	2.96E-01
8649.283227	2.96E-01
8686.245976	2.96E-01
8723.208725	2.96E-01
8760.171474	2.96E-01
8797.134223	2.95E-01
8834.096971	2.95E-01
8871.05972	2.95E-01
8908.022469	2.95E-01
8944.985218	2.95E-01
8981.947967	2.95E-01
9018.910716	2.95E-01
9055.873464	2.95E-01
9092.836213	2.95E-01
9129.798962	2.95E-01
9166.761711	2.95E-01
9203.72446	2.95E-01
9240.687209	2.95E-01
9277.649957	2.95E-01
9314.612706	2.95E-01
9351.575455	2.95E-01
9388.538204	2.95E-01
9425.500953	2.95E-01
9462.463702	2.94E-01
9499.42645	2.94E-01
9536.389199	2.94E-01
9573.351948	2.94E-01
9610.314697	2.94E-01
9647.277446	2.94E-01
9684.240195	2.94E-01
9721.202943	2.94E-01
9758.165692	2.94E-01
9795.128441	2.94E-01
9832.09119	2.94E-01
9869.053939	2.94E-01
9906.016688	2.94E-01
9942.979436	2.94E-01
9979.942185	2.94E-01
10016.90493	2.94E-01
10053.86768	2.94E-01
10090.83043	2.94E-01
10127.79318	2.94E-01
10164.75593	2.94E-01
10201.71868	2.93E-01
10238.68143	2.93E-01
10275.64418	2.93E-01
10312.60693	2.93E-01
10349.56967	2.93E-01
10386.53242	2.93E-01
10423.49517	2.93E-01
10460.45792	2.93E-01
10497.42067	2.93E-01
10534.38342	2.93E-01
10571.34617	2.93E-01
10608.30892	2.93E-01
10645.27166	2.93E-01
10682.23441	2.93E-01
10719.19716	2.93E-01
10756.15991	2.93E-01
10793.12266	2.93E-01
10830.08541	2.93E-01
10867.04816	2.92E-01
10904.01091	2.92E-01
10940.97366	2.92E-01
10977.9364	2.92E-01
11014.89915	2.92E-01
11051.8619	2.92E-01
11088.82465	2.92E-01
11125.7874	2.92E-01
11162.75015	2.91E-01
11199.7129	2.91E-01
11236.67565	2.91E-01
11273.63839	2.91E-01
11310.60114	2.91E-01
11347.56389	2.91E-01
11384.52664	2.91E-01
11421.48939	2.91E-01
11458.45214	2.91E-01
11495.41489	2.91E-01
11532.37764	2.90E-01
11569.34039	2.90E-01
11606.30313	2.90E-01
11643.26588	2.90E-01
11680.22863	2.90E-01
11717.19138	2.90E-01
11754.15413	2.90E-01
11791.11688	2.90E-01
11828.07963	2.90E-01
11865.04238	2.90E-01
11902.00513	2.89E-01
11938.96787	2.89E-01
11975.93062	2.89E-01
12012.89337	2.89E-01
12049.85612	2.89E-01
12086.81887	2.89E-01
12123.78162	2.89E-01
12160.74437	2.88E-01
12197.70712	2.88E-01
12234.66986	2.88E-01
12271.63261	2.88E-01
12308.59536	2.88E-01
12345.55811	2.88E-01
12382.52086	2.88E-01
12419.48361	2.88E-01
12456.44636	2.87E-01
12493.40911	2.87E-01
12530.37186	2.87E-01
12567.3346	2.87E-01
12604.29735	2.87E-01
12641.2601	2.87E-01
12678.22285	2.87E-01
12715.1856	2.87E-01
12752.14835	2.87E-01
12789.1111	2.87E-01
12826.07385	2.86E-01
12863.03659	2.86E-01
12899.99934	2.86E-01
12936.96209	2.86E-01
12973.92484	2.86E-01
13010.88759	2.86E-01
13047.85034	2.86E-01
13084.81309	2.86E-01
13121.77584	2.85E-01
13158.73859	2.85E-01
13195.70133	2.85E-01
13232.66408	2.85E-01
13269.62683	2.84E-01
13306.58958	2.84E-01
13343.55233	2.84E-01
13380.51508	2.84E-01
13417.47783	2.84E-01
13454.44058	2.84E-01
13491.40333	2.83E-01
13528.36607	2.83E-01
13565.32882	2.83E-01
13602.29157	2.83E-01
13639.25432	2.83E-01
13676.21707	2.82E-01
13713.17982	2.82E-01
13750.14257	2.82E-01
13787.10532	2.82E-01
13824.06806	2.82E-01
13861.03081	2.82E-01
13897.99356	2.82E-01
13934.95631	2.81E-01
13971.91906	2.81E-01
14008.88181	2.81E-01
14045.84456	2.81E-01
14082.80731	2.81E-01
14119.77006	2.81E-01
14156.7328	2.80E-01
14193.69555	2.80E-01
14230.6583	2.80E-01
14267.62105	2.80E-01
14304.5838	2.80E-01
14341.54655	2.80E-01
14378.5093	2.80E-01
14415.47205	2.79E-01
14452.43479	2.79E-01
14489.39754	2.79E-01
14526.36029	2.79E-01
14563.32304	2.79E-01
14600.28579	2.79E-01
14637.24854	2.79E-01
14674.21129	2.79E-01
14711.17404	2.78E-01
14748.13679	2.78E-01
14785.09953	2.78E-01
14822.06228	2.78E-01
14859.02503	2.78E-01
14895.98778	2.78E-01
14932.95053	2.78E-01
14969.91328	2.77E-01
15006.87603	2.77E-01
15043.83878	2.77E-01
15080.80152	2.77E-01
15117.76427	2.76E-01
15154.72702	2.76E-01
15191.68977	2.76E-01
15228.65252	2.75E-01
15265.61527	2.75E-01
15302.57802	2.75E-01
15339.54077	2.75E-01
15376.50352	2.75E-01
15413.46626	2.75E-01
15450.42901	2.75E-01
15487.39176	2.74E-01
15524.35451	2.74E-01
15561.31726	2.74E-01
15598.28001	2.73E-01
15635.24276	2.73E-01
15672.20551	2.73E-01
15709.16826	2.73E-01
15746.131	2.73E-01
15783.09375	2.73E-01
15820.0565	2.72E-01
15857.01925	2.72E-01
15893.982	2.72E-01
15930.94475	2.72E-01
15967.9075	2.71E-01
16004.87025	2.71E-01
16041.83299	2.71E-01
16078.79574	2.71E-01
16115.75849	2.70E-01
16152.72124	2.70E-01
16189.68399	2.69E-01
16226.64674	2.69E-01
16263.60949	2.69E-01
16300.57224	2.68E-01
16337.53499	2.68E-01
16374.49773	2.68E-01
16411.46048	2.68E-01
16448.42323	2.67E-01
16485.38598	2.67E-01
16522.34873	2.66E-01
16559.31148	2.66E-01
16596.27423	2.66E-01
16633.23698	2.66E-01
16670.19972	2.65E-01
16707.16247	2.65E-01
16744.12522	2.65E-01
16781.08797	2.64E-01
16818.05072	2.64E-01
16855.01347	2.64E-01
16891.97622	2.64E-01
16928.93897	2.64E-01
16965.90172	2.63E-01
17002.86446	2.63E-01
17039.82721	2.62E-01
17076.78996	2.62E-01
17113.75271	2.62E-01
17150.71546	2.61E-01
17187.67821	2.61E-01
17224.64096	2.61E-01
17261.60371	2.60E-01
17298.56645	2.60E-01
17335.5292	2.60E-01
17372.49195	2.60E-01
17409.4547	2.59E-01
17446.41745	2.59E-01
17483.3802	2.59E-01
17520.34295	2.58E-01
17557.3057	2.58E-01
17594.26845	2.57E-01
17631.23119	2.57E-01
17668.19394	2.57E-01
17705.15669	2.57E-01
17742.11944	2.56E-01
17779.08219	2.56E-01
17816.04494	2.55E-01
17853.00769	2.54E-01
17889.97044	2.54E-01
17926.93319	2.54E-01
17963.89593	2.54E-01
18000.85868	2.53E-01
18037.82143	2.53E-01
18074.78418	2.52E-01
18111.74693	2.52E-01
18148.70968	2.51E-01
18185.67243	2.51E-01
18222.63518	2.51E-01
18259.59792	2.51E-01
18296.56067	2.50E-01
18333.52342	2.50E-01
18370.48617	2.50E-01
18407.44892	2.48E-01
18444.41167	2.48E-01
18481.37442	2.47E-01
18518.33717	2.47E-01
18555.29992	2.47E-01
18592.26266	2.47E-01
18629.22541	2.46E-01
18666.18816	2.46E-01
18703.15091	2.45E-01
18740.11366	2.45E-01
18777.07641	2.44E-01
18814.03916	2.44E-01
18851.00191	2.44E-01
18887.96465	2.44E-01
18924.9274	2.43E-01
18961.89015	2.43E-01
18998.8529	2.42E-01
19035.81565	2.42E-01
19072.7784	2.41E-01
19109.74115	2.40E-01
19146.7039	2.39E-01
19183.66665	2.39E-01
19220.62939	2.39E-01
19257.59214	2.39E-01
19294.55489	2.38E-01
19331.51764	2.37E-01
19368.48039	2.37E-01
19405.44314	2.37E-01
19442.40589	2.37E-01
19479.36864	2.37E-01
19516.33139	2.37E-01
19553.29413	2.36E-01
19590.25688	2.36E-01
19627.21963	2.35E-01
19664.18238	2.35E-01
19701.14513	2.34E-01
19738.10788	2.34E-01
19775.07063	2.34E-01
19812.03338	2.34E-01
19848.99612	2.33E-01
19885.95887	2.33E-01
19922.92162	2.33E-01
19959.88437	2.33E-01
19996.84712	2.31E-01
20033.80987	2.30E-01
20070.77262	2.30E-01
20107.73537	2.30E-01
20144.69812	2.30E-01
20181.66086	2.29E-01
20218.62361	2.29E-01
20255.58636	2.28E-01
20292.54911	2.27E-01
20329.51186	2.26E-01
20366.47461	2.26E-01
20403.43736	2.26E-01
20440.40011	2.26E-01
20477.36285	2.26E-01
20514.3256	2.25E-01
20551.28835	2.25E-01
20588.2511	2.23E-01
20625.21385	2.22E-01
20662.1766	2.21E-01
20699.13935	2.21E-01
20736.1021	2.21E-01
20773.06485	2.20E-01
20810.02759	2.20E-01
20846.99034	2.20E-01
20883.95309	2.19E-01
20920.91584	2.18E-01
20957.87859	2.18E-01
20994.84134	2.17E-01
21031.80409	2.17E-01
21068.76684	2.16E-01
21105.72958	2.16E-01
21142.69233	2.12E-01
21179.65508	2.12E-01
21216.61783	2.11E-01
21253.58058	2.11E-01
21290.54333	2.10E-01
21327.50608	2.10E-01
21364.46883	2.10E-01
21401.43158	2.10E-01
21438.39432	2.10E-01
21475.35707	2.09E-01
21512.31982	2.09E-01
21549.28257	2.07E-01
21586.24532	2.07E-01
21623.20807	2.05E-01
21660.17082	2.04E-01
21697.13357	2.03E-01
21734.09632	2.03E-01
21771.05906	2.01E-01
21808.02181	2.01E-01
21844.98456	1.99E-01
21881.94731	1.98E-01
21918.91006	1.98E-01
21955.87281	1.97E-01
21992.83556	1.95E-01
22029.79831	1.95E-01
22066.76105	1.95E-01
22103.7238	1.94E-01
22140.68655	1.91E-01
22177.6493	1.90E-01
22214.61205	1.90E-01
22251.5748	1.89E-01
22288.53755	1.89E-01
22325.5003	1.89E-01
22362.46305	1.88E-01
22399.42579	1.87E-01
22436.38854	1.86E-01
22473.35129	1.86E-01
22510.31404	1.86E-01
22547.27679	1.86E-01
22584.23954	1.86E-01
22621.20229	1.85E-01
22658.16504	1.85E-01
22695.12778	1.84E-01
22732.09053	1.84E-01
22769.05328	1.84E-01
22806.01603	1.81E-01
22842.97878	1.80E-01
22879.94153	1.80E-01
22916.90428	1.79E-01
22953.86703	1.76E-01
22990.82978	1.76E-01
23027.79252	1.76E-01
23064.75527	1.76E-01
23101.71802	1.75E-01
23138.68077	1.74E-01
23175.64352	1.72E-01
23212.60627	1.72E-01
23249.56902	1.71E-01
23286.53177	1.71E-01
23323.49451	1.69E-01
23360.45726	1.68E-01
23397.42001	1.68E-01
23434.38276	1.67E-01
23471.34551	1.67E-01
23508.30826	1.67E-01
23545.27101	1.65E-01
23582.23376	1.64E-01
23619.19651	1.63E-01
23656.15925	1.60E-01
23693.122	1.58E-01
23730.08475	1.54E-01
23767.0475	1.54E-01
23804.01025	1.53E-01
23840.973	1.52E-01
23877.93575	1.52E-01
23914.8985	1.50E-01
23951.86125	1.50E-01
23988.82399	1.48E-01
24025.78674	1.47E-01
24062.74949	1.42E-01
24099.71224	1.42E-01
24136.67499	1.42E-01
24173.63774	1.41E-01
24210.60049	1.39E-01
24247.56324	1.36E-01
24284.52598	1.34E-01
24321.48873	1.33E-01
24358.45148	1.25E-01
24395.41423	1.25E-01
24432.37698	1.23E-01
24469.33973	1.23E-01
24506.30248	1.23E-01
24543.26523	1.22E-01
24580.22798	1.21E-01
24617.19072	1.20E-01
24654.15347	1.17E-01
24691.11622	1.16E-01
24728.07897	1.16E-01
24765.04172	1.12E-01
24802.00447	1.10E-01
24838.96722	1.10E-01
24875.92997	1.08E-01
24912.89271	1.02E-01
24949.85546	1.00E-01
24986.81821	9.92E-02
25023.78096	9.89E-02
25060.74371	9.85E-02
25097.70646	9.81E-02
25134.66921	9.71E-02
25171.63196	8.90E-02
25208.59471	8.89E-02
25245.55745	8.89E-02
25282.5202	8.78E-02
25319.48295	8.71E-02
25356.4457	8.32E-02
25393.40845	8.18E-02
25430.3712	8.16E-02
25467.33395	8.03E-02
25504.2967	7.85E-02
25541.25945	7.65E-02
25578.22219	7.38E-02
25615.18494	7.22E-02
25652.14769	6.87E-02
25689.11044	6.51E-02
25726.07319	6.14E-02
25763.03594	6.13E-02
25799.99869	5.31E-02
25836.96144	5.20E-02
25873.92418	4.81E-02
25910.88693	4.63E-02
25947.84968	4.09E-02
25984.81243	4.08E-02
26021.77518	3.90E-02
26058.73793	3.73E-02
26095.70068	3.64E-02
26132.66343	3.48E-02
26169.62618	3.38E-02
26206.58892	3.36E-02
26243.55167	2.92E-02
26280.51442	2.19E-02
26317.47717	2.12E-02
26354.43992	2.04E-02
26391.40267	3.40E-03