-20853.951092	4.8665495637138177e-04
-20831.259088	2.5445669219113162e-03
-20808.567085	2.7333448032349377e-03
-20785.875081	7.1948730848848189e-03
-20763.183078	9.6070349017963012e-03
-20740.491075	1.0899736113822295e-02
-20717.799071	1.5291346661653099e-02
-20695.107068	1.7671657066493936e-02
-20672.415065	2.0205786485746842e-02
-20649.723061	2.0695210622512405e-02
-20627.031058	2.2264475314998908e-02
-20604.339055	2.2595419255097511e-02
-20581.647051	2.6647540362031399e-02
-20558.955048	2.7345940836556178e-02
-20536.263044	2.9490084673806743e-02
-20513.571041	3.1768625932739998e-02
-20490.879038	3.2210661383245687e-02
-20468.187034	3.3179410428554143e-02
-20445.495031	3.4253812938306920e-02
-20422.803028	3.5544183559202955e-02
-20400.111024	3.5695671982487007e-02
-20377.419021	3.6215393803907481e-02
-20354.727018	3.6810471405115425e-02
-20332.035014	3.7741154128675639e-02
-20309.343011	3.9604073303214353e-02
-20286.651007	4.0797335960466842e-02
-20263.959004	4.0871138012836025e-02
-20241.267001	4.2010797074157204e-02
-20218.574997	4.8292517026334046e-02
-20195.882994	5.1069804786540891e-02
-20173.190991	5.1877743044055603e-02
-20150.498987	5.2075066426179387e-02
-20127.806984	5.2715202122517964e-02
-20105.114981	5.3763191266159582e-02
-20082.422977	5.4238631856158626e-02
-20059.730974	5.4404103826207355e-02
-20037.038970	5.5244670359506309e-02
-20014.346967	5.7709658908635268e-02
-19991.654964	5.9038872714988838e-02
-19968.962960	5.9824281924938182e-02
-19946.270957	6.2536313133576535e-02
-19923.578954	6.2937951671206402e-02
-19900.886950	6.3165572737987036e-02
-19878.194947	6.3802600979489005e-02
-19855.502943	7.0916341964164117e-02
-19832.810940	7.1668346034620120e-02
-19810.118937	7.2292944456775712e-02
-19787.426933	7.2536879661448422e-02
-19764.734930	7.2953278609552155e-02
-19742.042927	7.6905184297991938e-02
-19719.350923	8.0428261218981500e-02
-19696.658920	8.1711640066495242e-02
-19673.966917	8.2426354678912100e-02
-19651.274913	8.2541330507866106e-02
-19628.582910	8.4039900602814105e-02
-19605.890906	8.5918357051535776e-02
-19583.198903	8.9823650917426570e-02
-19560.506900	9.3664465095458033e-02
-19537.814896	9.4844521069654991e-02
-19515.122893	9.5030191496141544e-02
-19492.430890	9.5605847504620770e-02
-19469.738886	9.9636993291393666e-02
-19447.046883	1.0084657008653827e-01
-19424.354880	1.0103301737673398e-01
-19401.662876	1.0319658280671326e-01
-19378.970873	1.0417465421653155e-01
-19356.278869	1.0589773792342350e-01
-19333.586866	1.0799371621070683e-01
-19310.894863	1.0806596453565767e-01
-19288.202859	1.0840390024913737e-01
-19265.510856	1.0977273410465749e-01
-19242.818853	1.1300215654358886e-01
-19220.126849	1.1392118631151185e-01
-19197.434846	1.1435156880638025e-01
-19174.742843	1.1453335491432107e-01
-19152.050839	1.1496451427289862e-01
-19129.358836	1.1535916103714619e-01
-19106.666832	1.1691599591028030e-01
-19083.974829	1.1728578303583510e-01
-19061.282826	1.1742872595831848e-01
-19038.590822	1.1789950536606263e-01
-19015.898819	1.1811858093204258e-01
-18993.206816	1.2038702296275694e-01
-18970.514812	1.2068300803594262e-01
-18947.822809	1.2440185461163772e-01
-18925.130806	1.2445468134385983e-01
-18902.438802	1.2511035431438139e-01
-18879.746799	1.2766623591748080e-01
-18857.054795	1.2798785749306837e-01
-18834.362792	1.2861634023376972e-01
-18811.670789	1.2898146617706963e-01
-18788.978785	1.2971094119996032e-01
-18766.286782	1.2991525635546644e-01
-18743.594779	1.3269798216163728e-01
-18720.902775	1.3346319291514880e-01
-18698.210772	1.3511791261563566e-01
-18675.518769	1.3558403084112491e-01
-18652.826765	1.3599499174326460e-01
-18630.134762	1.3741199114875194e-01
-18607.442758	1.3895639620253966e-01
-18584.750755	1.4056450408047760e-01
-18562.058752	1.4163657599910287e-01
-18539.366748	1.4199859448756619e-01
-18516.674745	1.4258978777022840e-01
-18493.982742	1.4320506382787421e-01
-18471.290738	1.4370147973802028e-01
-18448.598735	1.4391900157658191e-01
-18425.906732	1.4450242622215265e-01
-18403.214728	1.4617268319682247e-01
-18380.522725	1.4664423946827576e-01
-18357.830721	1.4737992940083963e-01
-18335.138718	1.4814591701806029e-01
-18312.446715	1.4858251442260190e-01
-18289.754711	1.5037862331815383e-01
-18267.062708	1.5046485518986935e-01
-18244.370705	1.5299354656314854e-01
-18221.678701	1.5311473730177574e-01
-18198.986698	1.5534744360186928e-01
-18176.294695	1.5580423946284874e-01
-18153.602691	1.5590600860874723e-01
-18130.910688	1.5600000911755424e-01
-18108.218684	1.5624316745851780e-01
-18085.526681	1.5722667691430012e-01
-18062.834678	1.5791420129689676e-01
-18040.142674	1.5873612310117616e-01
-18017.450671	1.5898161203326716e-01
-17994.758668	1.5908571177029310e-01
-17972.066664	1.5927682024274367e-01
-17949.374661	1.5987034411653334e-01
-17926.682658	1.6192514862723179e-01
-17903.990654	1.6247206067847253e-01
-17881.298651	1.6277892184358628e-01
-17858.606647	1.6285117016853712e-01
-17835.914644	1.6381525803159072e-01
-17813.222641	1.6399626727582237e-01
-17790.530637	1.6563001165616220e-01
-17767.838634	1.6588948413501789e-01
-17745.146631	1.6597338541560597e-01
-17722.454627	1.6622741984849759e-01
-17699.762624	1.6752944342503093e-01
-17677.070621	1.6818200894071589e-01
-17654.378617	1.6889050864345953e-01
-17631.686614	1.7000297747496057e-01
-17608.994610	1.7071769208737742e-01
-17586.302607	1.7097405711139652e-01
-17563.610604	1.7109913216856945e-01
-17540.918600	1.7120400876930453e-01
-17518.226597	1.7124771829944585e-01
-17495.534594	1.7129335874104779e-01
-17472.842590	1.7359433118630638e-01
-17450.150587	1.7367268189080345e-01
-17427.458584	1.7382313485592016e-01
-17404.766580	1.7389000451606706e-01
-17382.074577	1.7480985935079096e-01
-17359.382573	1.7488364743988652e-01
-17336.690570	1.7514784480349369e-01
-17313.998567	1.7719075110283150e-01
-17291.306563	1.7785600611265517e-01
-17268.614560	1.7841555679464002e-01
-17245.922557	1.7854047893075137e-01
-17223.230553	1.7860327781708568e-01
-17200.538550	1.7870690532728239e-01
-17177.846547	1.7940714575658109e-01
-17155.154543	1.7949882660252081e-01
-17132.462540	1.7973048129319391e-01
-17109.770536	1.8026130401698334e-01
-17087.078533	1.8075647648807983e-01
-17064.386530	1.8170280323955718e-01
-17041.694526	1.8313790770410515e-01
-17019.002523	1.8333488929941832e-01
-16996.310520	1.8441178192828087e-01
-16973.618516	1.8511530558925154e-01
-16950.926513	1.8606941070085237e-01
-16928.234510	1.8618474718194772e-01
-16905.542506	1.8685258788654574e-01
-16882.850503	1.8713588791183919e-01
-16860.158499	1.8783339442138408e-01
-16837.466496	1.8813659271248137e-01
-16814.774493	1.8970158849819110e-01
-16792.082489	1.9026498107203035e-01
-16769.390486	1.9034061780241837e-01
-16746.698483	1.9110386102741936e-01
-16724.006479	1.9141601138898276e-01
-16701.314476	1.9149775627530979e-01
-16678.622473	1.9250721792354719e-01
-16655.930469	1.9256117676993537e-01
-16633.238466	1.9294657858563918e-01
-16610.546462	1.9299991718622134e-01
-16587.854459	1.9408307292785590e-01
-16565.162456	1.9431582956439181e-01
-16542.470452	1.9575655757474275e-01
-16519.778449	1.9614900825942466e-01
-16497.086446	1.9660438743992412e-01
-16474.394442	1.9676937550547091e-01
-16451.702439	1.9703555627173183e-01
-16429.010436	1.9752721866497105e-01
-16406.318432	1.9779393249426869e-01
-16383.626429	1.9784145486155350e-01
-16360.934425	1.9791499133784024e-01
-16338.242422	1.9830946606589517e-01
-16315.550419	1.9839000333296208e-01
-16292.858415	1.9846076200771529e-01
-16270.166412	1.9888005814419793e-01
-16247.474409	1.9906911685122078e-01
-16224.782405	1.9947667010788986e-01
-16202.090402	2.0018975212188275e-01
-16179.398399	2.0065893392045733e-01
-16156.706395	2.0202977652596185e-01
-16134.014392	2.0284432304897076e-01
-16111.322388	2.0339924982355009e-01
-16088.630385	2.0356196019711856e-01
-16065.938382	2.0367097127419223e-01
-16043.246378	2.0422277268404027e-01
-16020.554375	2.0486039432518532e-01
-15997.862372	2.0558458530350901e-01
-15975.170368	2.0584085354662771e-01
-15952.478365	2.0629930988875964e-01
-15929.786362	2.0633194153045545e-01
-15907.094358	2.0672931909837552e-01
-15884.402355	2.0801523938420766e-01
-15861.710351	2.0823543912729273e-01
-15839.018348	2.0848718793114510e-01
-15816.326345	2.0861484988832824e-01
-15793.634341	2.0932839847766155e-01
-15770.942338	2.0968511044051377e-01
-15748.250335	2.1125530479286264e-01
-15725.558331	2.1133820319406293e-01
-15702.866328	2.1301171019709297e-01
-15680.174325	2.1353519707511476e-01
-15657.482321	2.1386244219650530e-01
-15634.790318	2.1407386934277420e-01
-15612.098314	2.1416624169940571e-01
-15589.406311	2.1443418620974081e-01
-15566.714308	2.1468574938885335e-01
-15544.022304	2.1527818827123890e-01
-15521.330301	2.1588799669535072e-01
-15498.638298	2.1640530797430127e-01
-15475.946294	2.1665145895440541e-01
-15453.254291	2.1768268421437237e-01
-15430.562288	2.1790800041208025e-01
-15407.870284	2.1806213511654485e-01
-15385.178281	2.1844730875589627e-01
-15362.486277	2.1869297753633996e-01
-15339.794274	2.1876712798244194e-01
-15317.102271	2.1889464483072496e-01
-15294.410267	2.1895270258346411e-01
-15271.718264	2.1932027152311187e-01
-15249.026261	2.1956655522880675e-01
-15226.334257	2.2010893184175837e-01
-15203.642254	2.2074410616520804e-01
-15180.950251	2.2133811995954028e-01
-15158.258247	2.2144693028793783e-01
-15135.566244	2.2169701674364514e-01
-15112.874240	2.2176567632600219e-01
-15090.182237	2.2186995674826340e-01
-15067.490234	2.2190314152462656e-01
-15044.798230	2.2204446615548648e-01
-15022.106227	2.2214630865256452e-01
-14999.414224	2.2219837918499835e-01
-14976.722220	2.2246323121624489e-01
-14954.030217	2.2251996117609299e-01
-14931.338214	2.2410803995498615e-01
-14908.646210	2.2460738474610162e-01
-14885.954207	2.2497648669373452e-01
-14863.262203	2.2611499315194489e-01
-14840.570200	2.2633242177572113e-01
-14817.878197	2.2664787536461678e-01
-14795.186193	2.2767488444916797e-01
-14772.494190	2.2778472987956269e-01
-14749.802187	2.2835812916656664e-01
-14727.110183	2.2857942186383179e-01
-14704.418180	2.2872645106660688e-01
-14681.726177	2.2918002280929883e-01
-14659.034173	2.2963164761808832e-01
-14636.342170	2.3108285154614555e-01
-14613.650166	2.3118693480956651e-01
-14590.958163	2.3149484282971988e-01
-14568.266160	2.3264231850771910e-01
-14545.574156	2.3274009423968711e-01
-14522.882153	2.3302694733832491e-01
-14500.190150	2.3347577236433548e-01
-14477.498146	2.3383727051078401e-01
-14454.806143	2.3393546466486290e-01
-14432.114140	2.3393177478937854e-01
-14409.422136	2.3406475791041415e-01
-14386.730133	2.3445524192855455e-01
-14364.038129	2.3497691082152741e-01
-14341.346126	2.3514905979912412e-01
-14318.654123	2.3563593589070134e-01
-14295.962119	2.3566283441049657e-01
-14273.270116	2.3642228229922163e-01
-14250.578113	2.3657099798564848e-01
-14227.886109	2.3684912877622200e-01
-14205.194106	2.3689841061012379e-01
-14182.502102	2.3697338642961588e-01
-14159.810099	2.3737045776910198e-01
-14137.118096	2.3744709668591682e-01
-14114.426092	2.3753816874770861e-01
-14091.734089	2.3800644747276153e-01
-14069.042086	2.3828044639779825e-01
-14046.350082	2.3918970497360226e-01
-14023.658079	2.3973401392610433e-01
-14000.966076	2.3976653726012548e-01
-13978.274072	2.4003171692114791e-01
-13955.582069	2.4035115548746086e-01
-13932.890065	2.4090515031082055e-01
-13910.198062	2.4100620034480039e-01
-13887.506059	2.4126063480292345e-01
-13864.814055	2.4143156201698968e-01
-13842.122052	2.4157023186830087e-01
-13819.430049	2.4159792719804107e-01
-13796.738045	2.4189957615210683e-01
-13774.046042	2.4201663252061081e-01
-13751.354039	2.4206898361817400e-01
-13728.662035	2.4217075535071694e-01
-13705.970032	2.4233587347574706e-01
-13683.278028	2.4246249547990364e-01
-13660.586025	2.4259512932734523e-01
-13637.894022	2.4302891452895353e-01
-13615.202018	2.4329211655703981e-01
-13592.510015	2.4344385447756547e-01
-13569.818012	2.4356980573972378e-01
-13547.126008	2.4386403277744151e-01
-13524.434005	2.4389575292572074e-01
-13501.742002	2.4407071317110240e-01
-13479.049998	2.4470818901151442e-01
-13456.357995	2.4476467371600522e-01
-13433.665991	2.4491074721160985e-01
-13410.973988	2.4494470692121334e-01
-13388.281985	2.4547696358594909e-01
-13365.589981	2.4554091937850023e-01
-13342.897978	2.4614995137038159e-01
-13320.205975	2.4627884133600750e-01
-13297.513971	2.4632112937941461e-01
-13274.821968	2.4644672246355914e-01
-13252.129965	2.4658632258598889e-01
-13229.437961	2.4684473787509140e-01
-13206.745958	2.4710770518272659e-01
-13184.053954	2.4732532907932200e-01
-13161.361951	2.4744008930964445e-01
-13138.669948	2.4820626570595541e-01
-13115.977944	2.4855479410702577e-01
-13093.285941	2.4863303296225472e-01
-13070.593938	2.4950005691240440e-01
-13047.901934	2.4985541014592860e-01
-13025.209931	2.5010996306700584e-01
-13002.517928	2.5086172431110187e-01
-12979.825924	2.5089632929537409e-01
-12957.133921	2.5119435302493887e-01
-12934.441917	2.5124280051863257e-01
-12911.749914	2.5134792254385591e-01
-12889.057911	2.5168566660731873e-01
-12866.365907	2.5193379776171332e-01
-12843.673904	2.5204056267674380e-01
-12820.981901	2.5211952136897142e-01
-12798.289897	2.5239006199051195e-01
-12775.597894	2.5255322273470615e-01
-12752.905891	2.5294649780557182e-01
-12730.213887	2.5310144787296440e-01
-12707.521884	2.5316391823725543e-01
-12684.829880	2.5358819146491673e-01
-12662.137877	2.5379361029673991e-01
-12639.445874	2.5392633727090846e-01
-12616.753870	2.5424491896602691e-01
-12594.061867	2.5433601808708334e-01
-12571.369864	2.5442072681322958e-01
-12548.677860	2.5465327618313449e-01
-12525.985857	2.5487434830326899e-01
-12503.293854	2.5492115920240699e-01
-12480.601850	2.5516376372481031e-01
-12457.909847	2.5527301473933800e-01
-12435.217843	2.5538899165492041e-01
-12412.525840	2.5547366844448910e-01
-12389.833837	2.5560423800105297e-01
-12367.141833	2.5601645974018300e-01
-12344.449830	2.5609638241881122e-01
-12321.757827	2.5620534621271962e-01
-12299.065823	2.5638661447123257e-01
-12276.373820	2.5677333000290853e-01
-12253.681817	2.5695578377299788e-01
-12230.989813	2.5715513979868743e-01
-12208.297810	2.5721962331179432e-01
-12185.605806	2.5741291672536204e-01
-12162.913803	2.5754113416426799e-01
-12140.221800	2.5795748568282062e-01
-12117.529796	2.5810683552869773e-01
-12094.837793	2.5843900079838034e-01
-12072.145790	2.5850153617481481e-01
-12049.453786	2.5883292446397305e-01
-12026.761783	2.5931645979164025e-01
-12004.069780	2.5948479158786786e-01
-11981.377776	2.5982795270909542e-01
-11958.685773	2.5992208035404879e-01
-11935.993769	2.5996237957519097e-01
-11913.301766	2.6016438296435440e-01
-11890.609763	2.6023645832489367e-01
-11867.917759	2.6032551932356690e-01
-11845.225756	2.6039974572977004e-01
-11822.533753	2.6053694185986015e-01
-11799.841749	2.6074168144225479e-01
-11777.149746	2.6079922125773031e-01
-11754.457743	2.6082462759841529e-01
-11731.765739	2.6088403970507490e-01
-11709.073736	2.6111545587030638e-01
-11686.381732	2.6128562686899681e-01
-11663.689729	2.6146990742157122e-01
-11640.997726	2.6162325623447219e-01
-11618.305722	2.6164510828135717e-01
-11595.613719	2.6174773954936681e-01
-11572.921716	2.6200719186051769e-01
-11550.229712	2.6227984638549900e-01
-11527.537709	2.6233005320476421e-01
-11504.845706	2.6242894946099704e-01
-11482.153702	2.6254512186103646e-01
-11459.461699	2.6265245553687189e-01
-11436.769695	2.6281232110767272e-01
-11414.077692	2.6318693399957260e-01
-11391.385689	2.6349319457942771e-01
-11368.693685	2.6353278084604659e-01
-11346.001682	2.6368881713586728e-01
-11323.309679	2.6372566197138381e-01
-11300.617675	2.6387475135174204e-01
-11277.925672	2.6397390286340960e-01
-11255.233669	2.6428865320182882e-01
-11232.541665	2.6439441166080441e-01
-11209.849662	2.6477246659371367e-01
-11187.157658	2.6486768699438917e-01
-11164.465655	2.6493931311044211e-01
-11141.773652	2.6508353237289628e-01
-11119.081648	2.6533270425797939e-01
-11096.389645	2.6549695783808741e-01
-11073.697642	2.6561798806639458e-01
-11051.005638	2.6583483580571399e-01
-11028.313635	2.6611138630503345e-01
-11005.621632	2.6629239685279232e-01
-10982.929628	2.6659454541607053e-01
-10960.237625	2.6671749569159342e-01
-10937.545621	2.6689710359478325e-01
-10914.853618	2.6695721118845950e-01
-10892.161615	2.6714729410174359e-01
-10869.469611	2.6733782468872797e-01
-10846.777608	2.6739978632434119e-01
-10824.085605	2.6768157208024507e-01
-10801.393601	2.6781906624418877e-01
-10778.701598	2.6785249253841187e-01
-10756.009595	2.6789173062462734e-01
-10733.317591	2.6811032421540160e-01
-10710.625588	2.6815844061761085e-01
-10687.933584	2.6816663148014541e-01
-10665.241581	2.6825751742578341e-01
-10642.549578	2.6828256275554990e-01
-10619.857574	2.6879411742497111e-01
-10597.165571	2.6895935168964397e-01
-10574.473568	2.6898215546676668e-01
-10551.781564	2.6901602872578484e-01
-10529.089561	2.6921545011937087e-01
-10506.397558	2.6942082925485455e-01
-10483.705554	2.6945902309085207e-01
-10461.013551	2.6966059503952045e-01
-10438.321547	2.7012584792682909e-01
-10415.629544	2.7019209686388329e-01
-10392.937541	2.7024364063382467e-01
-10370.245537	2.7044515788337087e-01
-10347.553534	2.7057202940043951e-01
-10324.861531	2.7070124987393235e-01
-10302.169527	2.7072103856411278e-01
-10279.477524	2.7083731366720210e-01
-10256.785521	2.7098121812788578e-01
-10234.093517	2.7100094711675154e-01
-10211.401514	2.7110552150853540e-01
-10188.709510	2.7118072628919410e-01
-10166.017507	2.7129902492843472e-01
-10143.325504	2.7170978872763424e-01
-10120.633500	2.7202822867568616e-01
-10097.941497	2.7235389088574713e-01
-10075.249494	2.7247759361928642e-01
-10052.557490	2.7264157021632807e-01
-10029.865487	2.7277270932779546e-01
-10007.173484	2.7290140516000300e-01
-9984.481480	2.7308882808305779e-01
-9961.789477	2.7322970861765866e-01
-9939.097473	2.7361056292371361e-01
-9916.405470	2.7364651589956934e-01
-9893.713467	2.7368768267902754e-01
-9871.021463	2.7376336301937754e-01
-9848.329460	2.7388750080433166e-01
-9825.637457	2.7417065453431194e-01
-9802.945453	2.7466236514940784e-01
-9780.253450	2.7469739333697213e-01
-9757.561447	2.7490264462220443e-01
-9734.869443	2.7498776336819586e-01
-9712.177440	2.7510940073185752e-01
-9689.485436	2.7524368653473064e-01
-9666.793433	2.7538342617794570e-01
-9644.101430	2.7543209368669175e-01
-9621.409426	2.7548637642869117e-01
-9598.717423	2.7552390914833724e-01
-9576.025420	2.7553522164268979e-01
-9553.333416	2.7574894662338550e-01
-9530.641413	2.7589451337309651e-01
-9507.949410	2.7598111330864006e-01
-9485.257406	2.7601932949436647e-01
-9462.565403	2.7613943966181859e-01
-9439.873399	2.7638801104565303e-01
-9417.181396	2.7660310597255283e-01
-9394.489393	2.7664137155310670e-01
-9371.797389	2.7682845019574864e-01
-9349.105386	2.7686541798793357e-01
-9326.413383	2.7697400190385651e-01
-9303.721379	2.7702718769539358e-01
-9281.029376	2.7729905256078152e-01
-9258.337373	2.7746608184819821e-01
-9235.645369	2.7756312265173977e-01
-9212.953366	2.7759799855609718e-01
-9190.261362	2.7790502138108214e-01
-9167.569359	2.7803458651040774e-01
-9144.877356	2.7807490634299431e-01
-9122.185352	2.7814675598052641e-01
-9099.493349	2.7824455103742662e-01
-9076.801346	2.7847939634271907e-01
-9054.109342	2.7860630599550401e-01
-9031.417339	2.7881401007410178e-01
-9008.725336	2.7892520275425969e-01
-8986.033332	2.7898975311896484e-01
-8963.341329	2.7909977683907605e-01
-8940.649325	2.7922552758378266e-01
-8917.957322	2.7927733957232009e-01
-8895.265319	2.7931608086078585e-01
-8872.573315	2.7943646133642291e-01
-8849.881312	2.7951751431610994e-01
-8827.189309	2.7970426430455919e-01
-8804.497305	2.7972010491919119e-01
-8781.805302	2.7972951174376770e-01
-8759.113299	2.7991587965397180e-01
-8736.421295	2.7992426825922251e-01
-8713.729292	2.7998095624327379e-01
-8691.037288	2.8005199359257726e-01
-8668.345285	2.8013874020980273e-01
-8645.653282	2.8031702761625321e-01
-8622.961278	2.8069424048940583e-01
-8600.269275	2.8074033260379111e-01
-8577.577272	2.8078821316042135e-01
-8554.885268	2.8098523016400195e-01
-8532.193265	2.8114487674792610e-01
-8509.501261	2.8136630943131741e-01
-8486.809258	2.8150617816189177e-01
-8464.117255	2.8164115476132989e-01
-8441.425251	2.8183554151170864e-01
-8418.733248	2.8197657727604769e-01
-8396.041245	2.8225097157496165e-01
-8373.349241	2.8228995633881065e-01
-8350.657238	2.8237127798169726e-01
-8327.965235	2.8249493409625787e-01
-8305.273231	2.8262273101495611e-01
-8282.581228	2.8269130750978488e-01
-8259.889224	2.8286505963505415e-01
-8237.197221	2.8292606888477967e-01
-8214.505218	2.8300964911825111e-01
-8191.813214	2.8311811654919594e-01
-8169.121211	2.8314540309618330e-01
-8146.429208	2.8331928972161413e-01
-8123.737204	2.8336826583695329e-01
-8101.045201	2.8337524898553645e-01
-8078.353198	2.8339919168591959e-01
-8055.661194	2.8349930470923423e-01
-8032.969191	2.8371693454855607e-01
-8010.277187	2.8373529295564492e-01
-7987.585184	2.8386781227052099e-01
-7964.893181	2.8401269577583022e-01
-7942.201177	2.8410918201299445e-01
-7919.509174	2.8423745358442765e-01
-7896.817171	2.8424702319403394e-01
-7874.125167	2.8430655377723935e-01
-7851.433164	2.8459944263392950e-01
-7828.741161	2.8473612299674950e-01
-7806.049157	2.8479458169027944e-01
-7783.357154	2.8500144960415774e-01
-7760.665150	2.8507399111832116e-01
-7737.973147	2.8530241860519362e-01
-7715.281144	2.8533377987411862e-01
-7692.589140	2.8548629841649903e-01
-7669.897137	2.8559744406846993e-01
-7647.205134	2.8562913146105984e-01
-7624.513130	2.8563146560150121e-01
-7601.821127	2.8564502518316931e-01
-7579.129124	2.8583830481756506e-01
-7556.437120	2.8585243328358328e-01
-7533.745117	2.8590982715013918e-01
-7511.053113	2.8598492046939372e-01
-7488.361110	2.8600659042769438e-01
-7465.669107	2.8620779696483822e-01
-7442.977103	2.8629616617055242e-01
-7420.285100	2.8635693065874418e-01
-7397.593097	2.8641641783005878e-01
-7374.901093	2.8650856605459257e-01
-7352.209090	2.8667464373821377e-01
-7329.517087	2.8674927931558541e-01
-7306.825083	2.8683781387019247e-01
-7284.133080	2.8696250929642592e-01
-7261.441076	2.8707600950390988e-01
-7238.749073	2.8710121302148017e-01
-7216.057070	2.8712115060171262e-01
-7193.365066	2.8719320221182004e-01
-7170.673063	2.8732038229974932e-01
-7147.981060	2.8736712154238347e-01
-7125.289056	2.8738227416622797e-01
-7102.597053	2.8742197374383260e-01
-7079.905050	2.8746531217705029e-01
-7057.213046	2.8760923508861141e-01
-7034.521043	2.8778122428350800e-01
-7011.829039	2.8786521973519552e-01
-6989.137036	2.8788896832232652e-01
-6966.445033	2.8794796483945029e-01
-6943.753029	2.8804740868549977e-01
-6921.061026	2.8817519518071488e-01
-6898.369023	2.8819237336170472e-01
-6875.677019	2.8822257155766351e-01
-6852.985016	2.8847017320922264e-01
-6830.293013	2.8855760806980885e-01
-6807.601009	2.8863112885113085e-01
-6784.909006	2.8869959217032187e-01
-6762.217002	2.8875658286393524e-01
-6739.524999	2.8880935904543609e-01
-6716.832996	2.8884949916094160e-01
-6694.140992	2.8898052871991498e-01
-6671.448989	2.8905804944868008e-01
-6648.756986	2.8912756550958618e-01
-6626.064982	2.8923992792775216e-01
-6603.372979	2.8928813489513633e-01
-6580.680976	2.8927889293834308e-01
-6557.988972	2.8930673116448136e-01
-6535.296969	2.8937389519133577e-01
-6512.604965	2.8938594555693037e-01
-6489.912962	2.8939570824836303e-01
-6467.220959	2.8945819770206438e-01
-6444.528955	2.8950611849334373e-01
-6421.836952	2.8957949709480663e-01
-6399.144949	2.8963695798464595e-01
-6376.452945	2.8974797928945828e-01
-6353.760942	2.8985019578621563e-01
-6331.068939	2.8990013900593270e-01
-6308.376935	2.8998359364045295e-01
-6285.684932	2.9001963685732129e-01
-6262.992928	2.9006879138401853e-01
-6240.300925	2.9012830763324793e-01
-6217.608922	2.9021018723312086e-01
-6194.916918	2.9029273166960978e-01
-6172.224915	2.9032247496250380e-01
-6149.532912	2.9050970417290828e-01
-6126.840908	2.9056736850013837e-01
-6104.148905	2.9058190660106625e-01
-6081.456902	2.9062957950680179e-01
-6058.764898	2.9064768599424579e-01
-6036.072895	2.9063183407731558e-01
-6013.380891	2.9064462425332238e-01
-5990.688888	2.9069872936080721e-01
-5967.996885	2.9076130694221192e-01
-5945.304881	2.9083727573626139e-01
-5922.612878	2.9089070421639868e-01
-5899.920875	2.9101500205033171e-01
-5877.228871	2.9110207531800814e-01
-5854.536868	2.9110628157714252e-01
-5831.844865	2.9120642849851897e-01
-5809.152861	2.9128794712474021e-01
-5786.460858	2.9128130401512031e-01
-5763.768854	2.9132544851498776e-01
-5741.076851	2.9146864381690191e-01
-5718.384848	2.9156963874939618e-01
-5695.692844	2.9159988932368963e-01
-5673.000841	2.9160727922677498e-01
-5650.308838	2.9162402222427619e-01
-5627.616834	2.9163327525541927e-01
-5604.924831	2.9168087506155677e-01
-5582.232828	2.9169246071441363e-01
-5559.540824	2.9184413412216503e-01
-5536.848821	2.9200774137863317e-01
-5514.156817	2.9203740754400248e-01
-5491.464814	2.9206745923780703e-01
-5468.772811	2.9208727063936263e-01
-5446.080807	2.9210102101206081e-01
-5423.388804	2.9217278728736296e-01
-5400.696801	2.9219982407367057e-01
-5378.004797	2.9223849070175156e-01
-5355.312794	2.9225653421594100e-01
-5332.620791	2.9228083052440634e-01
-5309.928787	2.9233034477858022e-01
-5287.236784	2.9235178799719730e-01
-5264.544780	2.9234667893490607e-01
-5241.852777	2.9249696251035751e-01
-5219.160774	2.9247965823499494e-01
-5196.468770	2.9252903362601307e-01
-5173.776767	2.9253307276138213e-01
-5151.084764	2.9275774300248875e-01
-5128.392760	2.9283213341391900e-01
-5105.700757	2.9291142669288900e-01
-5083.008754	2.9295168158633139e-01
-5060.316750	2.9303371470089279e-01
-5037.624747	2.9306327143641897e-01
-5014.932743	2.9312627161561328e-01
-4992.240740	2.9319043706023151e-01
-4969.548737	2.9329495934932187e-01
-4946.856733	2.9333082810431477e-01
-4924.164730	2.9333802284357452e-01
-4901.472727	2.9338176146900014e-01
-4878.780723	2.9344105435397622e-01
-4856.088720	2.9348118667469875e-01
-4833.396717	2.9347516972171678e-01
-4810.704713	2.9352802834133357e-01
-4788.012710	2.9354792483789105e-01
-4765.320706	2.9357963500266016e-01
-4742.628703	2.9360817875242018e-01
-4719.936700	2.9361226388446893e-01
-4697.244696	2.9366619920012504e-01
-4674.552693	2.9377747578698982e-01
-4651.860690	2.9384731138647252e-01
-4629.168686	2.9389412447331420e-01
-4606.476683	2.9389248679427177e-01
-4583.784680	2.9396785142867887e-01
-4561.092676	2.9399030346016425e-01
-4538.400673	2.9400784762880522e-01
-4515.708669	2.9397859186653280e-01
-4493.016666	2.9399037451916049e-01
-4470.324663	2.9402241695557874e-01
-4447.632659	2.9403872434702705e-01
-4424.940656	2.9419170168682873e-01
-4402.248653	2.9425916000027391e-01
-4379.556649	2.9431041642517641e-01
-4356.864646	2.9430045296625557e-01
-4334.172643	2.9433356399865002e-01
-4311.480639	2.9441458459563785e-01
-4288.788636	2.9444109242270750e-01
-4266.096632	2.9450196240863052e-01
-4243.404629	2.9450336783509401e-01
-4220.712626	2.9447195506376556e-01
-4198.020622	2.9454071340863214e-01
-4175.328619	2.9460369571408901e-01
-4152.636616	2.9464739326195449e-01
-4129.944612	2.9466901777460064e-01
-4107.252609	2.9471764129858563e-01
-4084.560606	2.9473446946462362e-01
-4061.868602	2.9477362688105313e-01
-4039.176599	2.9478786327106288e-01
-4016.484595	2.9482232561820720e-01
-3993.792592	2.9483003868671614e-01
-3971.100589	2.9483040285979767e-01
-3948.408585	2.9486948196976981e-01
-3925.716582	2.9502883563985127e-01
-3903.024579	2.9506274486401179e-01
-3880.332575	2.9510213665700180e-01
-3857.640572	2.9516458241583665e-01
-3834.948569	2.9519703327583763e-01
-3812.256565	2.9521640388263681e-01
-3789.564562	2.9523726719354004e-01
-3766.872558	2.9530624730195226e-01
-3744.180555	2.9533893017010215e-01
-3721.488552	2.9537839583316244e-01
-3698.796548	2.9536829880536652e-01
-3676.104545	2.9536406652495872e-01
-3653.412542	2.9537679326867389e-01
-3630.720538	2.9543645937588453e-01
-3608.028535	2.9546705150627983e-01
-3585.336532	2.9548398996508712e-01
-3562.644528	2.9549826684287378e-01
-3539.952525	2.9548161432679376e-01
-3517.260521	2.9556278394491409e-01
-3494.568518	2.9568516889917251e-01
-3471.876515	2.9573162661739388e-01
-3449.184511	2.9575377574671374e-01
-3426.492508	2.9587530032853820e-01
-3403.800505	2.9586787196519287e-01
-3381.108501	2.9585029292105947e-01
-3358.416498	2.9584952981113183e-01
-3335.724495	2.9592183440935260e-01
-3313.032491	2.9594969923572129e-01
-3290.340488	2.9605662597387694e-01
-3267.648484	2.9606194766971677e-01
-3244.956481	2.9610534796121107e-01
-3222.264478	2.9611284755823336e-01
-3199.572474	2.9615496211756065e-01
-3176.880471	2.9614451633088684e-01
-3154.188468	2.9617208538289364e-01
-3131.496464	2.9628849691406578e-01
-3108.804461	2.9628696930558240e-01
-3086.112458	2.9635949108098053e-01
-3063.420454	2.9638546643752894e-01
-3040.728451	2.9653008399954428e-01
-3018.036447	2.9656817761598531e-01
-2995.344444	2.9653030282750886e-01
-2972.652441	2.9651412518978965e-01
-2949.960437	2.9659280784946079e-01
-2927.268434	2.9661445705005440e-01
-2904.576431	2.9662596096448118e-01
-2881.884427	2.9678253898554124e-01
-2859.192424	2.9680469426349659e-01
-2836.500420	2.9685619990694317e-01
-2813.808417	2.9693189809191728e-01
-2791.116414	2.9694129910513467e-01
-2768.424410	2.9695400764494950e-01
-2745.732407	2.9696073106588000e-01
-2723.040404	2.9693568779637070e-01
-2700.348400	2.9695604728952696e-01
-2677.656397	2.9696885719191501e-01
-2654.964394	2.9694948361541423e-01
-2632.272390	2.9695570145269684e-01
-2609.580387	2.9696892321518209e-01
-2586.888383	2.9696131679861343e-01
-2564.196380	2.9692057316367787e-01
-2541.504377	2.9691257629699352e-01
-2518.812373	2.9678778600774086e-01
-2496.120370	2.9679474222084229e-01
-2473.428367	2.9682307944541941e-01
-2450.736363	2.9684433324788800e-01
-2428.044360	2.9686227870936394e-01
-2405.352357	2.9687834003674113e-01
-2382.660353	2.9690701088888644e-01
-2359.968350	2.9692140969289965e-01
-2337.276346	2.9688840915864922e-01
-2314.584343	2.9693461208316824e-01
-2291.892340	2.9700129007614329e-01
-2269.200336	2.9708181957910845e-01
-2246.508333	2.9713068092718126e-01
-2223.816330	2.9712650931143508e-01
-2201.124326	2.9710320401021389e-01
-2178.432323	2.9713086578584930e-01
-2155.740320	2.9713474292575165e-01
-2133.048316	2.9714099372622227e-01
-2110.356313	2.9714366652456375e-01
-2087.664309	2.9714996688103129e-01
-2064.972306	2.9714954835862223e-01
-2042.280303	2.9716712391790012e-01
-2019.588299	2.9717731422593879e-01
-1996.896296	2.9718535914499949e-01
-1974.204293	2.9718028107166089e-01
-1951.512289	2.9716875699637552e-01
-1928.820286	2.9716174248652200e-01
-1906.128283	2.9721224115677902e-01
-1883.436279	2.9722355740446593e-01
-1860.744276	2.9730563487533862e-01
-1838.052272	2.9730971890270863e-01
-1815.360269	2.9732069504243908e-01
-1792.668266	2.9735454324589344e-01
-1769.976262	2.9733911246709666e-01
-1747.284259	2.9740104842314175e-01
-1724.592256	2.9745369965033980e-01
-1701.900252	2.9742934497028739e-01
-1679.208249	2.9742237403344501e-01
-1656.516246	2.9740565846485867e-01
-1633.824242	2.9739811467767324e-01
-1611.132239	2.9741878728038385e-01
-1588.440235	2.9753842963988991e-01
-1565.748232	2.9754000363078592e-01
-1543.056229	2.9755989502367514e-01
-1520.364225	2.9754125588251557e-01
-1497.672222	2.9752475019853986e-01
-1474.980219	2.9753138785062222e-01
-1452.288215	2.9753231117197498e-01
-1429.596212	2.9754539048991735e-01
-1406.904209	2.9749628026409891e-01
-1384.212205	2.9754540437529448e-01
-1361.520202	2.9759724687327171e-01
-1338.828198	2.9762653649574139e-01
-1316.136195	2.9767962923760627e-01
-1293.444192	2.9767557679640627e-01
-1270.752188	2.9763384252246550e-01
-1248.060185	2.9762532418634802e-01
-1225.368182	2.9761642167877350e-01
-1202.676178	2.9761195715500327e-01
-1179.984175	2.9762563175484685e-01
-1157.292172	2.9762847842994511e-01
-1134.600168	2.9768096318242637e-01
-1111.908165	2.9770816644480536e-01
-1089.216161	2.9770245711576898e-01
-1066.524158	2.9773698305221868e-01
-1043.832155	2.9774101200817082e-01
-1021.140151	2.9778388027683178e-01
-998.448148	2.9781014619835100e-01
-975.756145	2.9777287936909336e-01
-953.064141	2.9775704627709504e-01
-930.372138	2.9775302268182802e-01
-907.680135	2.9772666039435591e-01
-884.988131	2.9774169259610728e-01
-862.296128	2.9774890991905845e-01
-839.604124	2.9772776276553981e-01
-816.912121	2.9771174394786709e-01
-794.220118	2.9771306942808196e-01
-771.528114	2.9771050653861042e-01
-748.836111	2.9767367123150595e-01
-726.144108	2.9765948840829304e-01
-703.452104	2.9770460623213407e-01
-680.760101	2.9777747516833364e-01
-658.068098	2.9779823839845854e-01
-635.376094	2.9783322982383603e-01
-612.684091	2.9784569840912567e-01
-589.992087	2.9787024915168864e-01
-567.300084	2.9786276084544133e-01
-544.608081	2.9786166594906355e-01
-521.916077	2.9783816682569741e-01
-499.224074	2.9786277333508449e-01
-476.532071	2.9786697115429572e-01
-453.840067	2.9788997279942642e-01
-431.148064	2.9792273842339423e-01
-408.456061	2.9791767198259250e-01
-385.764057	2.9799248016047614e-01
-363.072054	2.9799605508674404e-01
-340.380050	2.9796270772885458e-01
-317.688047	2.9801234576741265e-01
-294.996044	2.9801884882496316e-01
-272.304040	2.9798334788719333e-01
-249.612037	2.9789505940965311e-01
-226.920034	2.9788410154336986e-01
-204.228030	2.9787840144726174e-01
-181.536027	2.9791426081746697e-01
-158.844024	2.9794829930850936e-01
-136.152020	2.9797544615750837e-01
-113.460017	2.9798995755628127e-01
-90.768013	2.9802231377320759e-01
-68.076010	2.9803348282624675e-01
-45.384007	2.9804038850544168e-01
-22.692003	2.9797325394876101e-01
0.000000	2.9798710492282010e-01
22.692003	2.9799697804757957e-01
45.384007	2.9797574723758141e-01
68.076010	2.9794008643982123e-01
90.768013	2.9797627729486448e-01
113.460017	2.9800643826525064e-01
136.152020	2.9797809935951430e-01
158.844024	2.9801587544542468e-01
181.536027	2.9800019343773820e-01
204.228030	2.9800736266944589e-01
226.920034	2.9796343891446803e-01
249.612037	2.9796238052980029e-01
272.304040	2.9796623669909139e-01
294.996044	2.9794706096128354e-01
317.688047	2.9784421128520583e-01
340.380050	2.9783715855297943e-01
363.072054	2.9786282202434256e-01
385.764057	2.9783471316163018e-01
408.456061	2.9785351564958712e-01
431.148064	2.9781380464494911e-01
453.840067	2.9782898067310970e-01
476.532071	2.9785052094059783e-01
499.224074	2.9786184694593504e-01
521.916077	2.9790949955039608e-01
544.608081	2.9795558915685905e-01
567.300084	2.9793603608350899e-01
589.992087	2.9795201230041757e-01
612.684091	2.9794062257054743e-01
635.376094	2.9793840604018546e-01
658.068098	2.9792237952633854e-01
680.760101	2.9793108944933039e-01
703.452104	2.9789539017148675e-01
726.144108	2.9785002562325563e-01
748.836111	2.9784194497595823e-01
771.528114	2.9778974262235791e-01
794.220118	2.9779991807535622e-01
816.912121	2.9780246348398864e-01
839.604124	2.9779477905393897e-01
862.296128	2.9774698754917639e-01
884.988131	2.9779567153442316e-01
907.680135	2.9778913786405675e-01
930.372138	2.9779422884793333e-01
953.064141	2.9780851930475821e-01
975.756145	2.9777637438157772e-01
998.448148	2.9776789783944185e-01
1021.140151	2.9781611103932903e-01
1043.832155	2.9781950731503781e-01
1066.524158	2.9770859498395141e-01
1089.216161	2.9768616599564252e-01
1111.908165	2.9764434100328346e-01
1134.600168	2.9765982999451307e-01
1157.292172	2.9768571755345991e-01
1179.984175	2.9766243698173478e-01
1202.676178	2.9769385473808069e-01
1225.368182	2.9769296502501008e-01
1248.060185	2.9769148973551129e-01
1270.752188	2.9769205453620057e-01
1293.444192	2.9768437617525073e-01
1316.136195	2.9765507082900045e-01
1338.828198	2.9748093868132397e-01
1361.520202	2.9749164550645218e-01
1384.212205	2.9740078918844925e-01
1406.904209	2.9736415293009255e-01
1429.596212	2.9739635024050753e-01
1452.288215	2.9740135793536948e-01
1474.980219	2.9741898072205630e-01
1497.672222	2.9731094404878866e-01
1520.364225	2.9726381167652660e-01
1543.056229	2.9726261324087555e-01
1565.748232	2.9727536220976675e-01
1588.440235	2.9721053350538956e-01
1611.132239	2.9708695678991393e-01
1633.824242	2.9708201345236068e-01
1656.516246	2.9706862830710151e-01
1679.208249	2.9697007412842891e-01
1701.900252	2.9693011739566955e-01
1724.592256	2.9672622986846009e-01
1747.284259	2.9670789359076943e-01
1769.976262	2.9669895484425740e-01
1792.668266	2.9663196892422322e-01
1815.360269	2.9654173635738873e-01
1838.052272	2.9649975906032011e-01
1860.744276	2.9641677553639229e-01
1883.436279	2.9638028504523178e-01
1906.128283	2.9633135762861995e-01
1928.820286	2.9632439693914131e-01
1951.512289	2.9630594235398555e-01
1974.204293	2.9622278322291562e-01
1996.896296	2.9621676451578222e-01
2019.588299	2.9622338269461890e-01
2042.280303	2.9616778952701983e-01
2064.972306	2.9614933700867052e-01
2087.664309	2.9612581364555901e-01
2110.356313	2.9605845777818612e-01
2133.048316	2.9597596743736160e-01
2155.740320	2.9595407710445670e-01
2178.432323	2.9598316561442650e-01
2201.124326	2.9595541646134055e-01
2223.816330	2.9592642045275180e-01
2246.508333	2.9595644937656179e-01
2269.200336	2.9595424000562764e-01
2291.892340	2.9597880898528622e-01
2314.584343	2.9600354612280799e-01
2337.276346	2.9598634801059254e-01
2359.968350	2.9596043199983774e-01
2382.660353	2.9596178709570742e-01
2405.352357	2.9594791580648649e-01
2428.044360	2.9594498266999292e-01
2450.736363	2.9595217299346377e-01
2473.428367	2.9594665722551861e-01
2496.120370	2.9587400648316586e-01
2518.812373	2.9588651807375660e-01
2541.504377	2.9576739969521171e-01
2564.196380	2.9572618338925066e-01
2586.888383	2.9562015300361982e-01
2609.580387	2.9557981680694340e-01
2632.272390	2.9555277060668711e-01
2654.964394	2.9551871111558869e-01
2677.656397	2.9526261900925399e-01
2700.348400	2.9517320680365983e-01
2723.040404	2.9515488245502053e-01
2745.732407	2.9513542079009608e-01
2768.424410	2.9513637207655963e-01
2791.116414	2.9513908393033617e-01
2813.808417	2.9508289367650969e-01
2836.500420	2.9507997023975835e-01
2859.192424	2.9486531838019270e-01
2881.884427	2.9485112466378721e-01
2904.576431	2.9483628788941135e-01
2927.268434	2.9476239356964556e-01
2949.960437	2.9475874940382119e-01
2972.652441	2.9473705307997433e-01
2995.344444	2.9473990792222621e-01
3018.036447	2.9468225804021930e-01
3040.728451	2.9463805840206503e-01
3063.420454	2.9463048757769805e-01
3086.112458	2.9459767354202221e-01
3108.804461	2.9452761022760204e-01
3131.496464	2.9445244440790752e-01
3154.188468	2.9436380734489781e-01
3176.880471	2.9429365535988705e-01
3199.572474	2.9418693491378445e-01
3222.264478	2.9411327051085856e-01
3244.956481	2.9412008865195410e-01
3267.648484	2.9407610404292561e-01
3290.340488	2.9404075849102301e-01
3313.032491	2.9400878540140790e-01
3335.724495	2.9393355352367684e-01
3358.416498	2.9385613043576503e-01
3381.108501	2.9382546667584647e-01
3403.800505	2.9375522194401821e-01
3426.492508	2.9371240236228485e-01
3449.184511	2.9367748902475771e-01
3471.876515	2.9364281884536669e-01
3494.568518	2.9360924877901745e-01
3517.260521	2.9359412643035260e-01
3539.952525	2.9347831380878747e-01
3562.644528	2.9347341236077823e-01
3585.336532	2.9344810453972364e-01
3608.028535	2.9342385638374890e-01
3630.720538	2.9324012261092602e-01
3653.412542	2.9317195923768202e-01
3676.104545	2.9317708214799948e-01
3698.796548	2.9317177736384875e-01
3721.488552	2.9316294093957018e-01
3744.180555	2.9322851683217410e-01
3766.872558	2.9321601392106300e-01
3789.564562	2.9316036651780697e-01
3812.256565	2.9297219772982885e-01
3834.948569	2.9295374343771158e-01
3857.640572	2.9293906201296116e-01
3880.332575	2.9290976473088592e-01
3903.024579	2.9284726742884076e-01
3925.716582	2.9265567292118744e-01
3948.408585	2.9261272331497862e-01
3971.100589	2.9226201537054053e-01
3993.792592	2.9203529111836840e-01
4016.484595	2.9193926681900562e-01
4039.176599	2.9188109882471552e-01
4061.868602	2.9185798288819614e-01
4084.560606	2.9178358781687647e-01
4107.252609	2.9177284826931316e-01
4129.944612	2.9170824042318927e-01
4152.636616	2.9168534301219295e-01
4175.328619	2.9154103117020108e-01
4198.020622	2.9153201437908910e-01
4220.712626	2.9151739105407304e-01
4243.404629	2.9108275749689488e-01
4266.096632	2.9106709198215441e-01
4288.788636	2.9100062310517111e-01
4311.480639	2.9087020139632858e-01
4334.172643	2.9086501640522922e-01
4356.864646	2.9066315592337150e-01
4379.556649	2.9057322707324323e-01
4402.248653	2.9039867347007325e-01
4424.940656	2.9035625731249171e-01
4447.632659	2.9023125998102373e-01
4470.324663	2.9020762001118672e-01
4493.016666	2.9017817354241926e-01
4515.708669	2.9018866622826150e-01
4538.400673	2.8995764109215588e-01
4561.092676	2.8985457126569697e-01
4583.784680	2.8977097223984821e-01
4606.476683	2.8970289218737860e-01
4629.168686	2.8966585591542399e-01
4651.860690	2.8963027979896838e-01
4674.552693	2.8947011318157762e-01
4697.244696	2.8940817481298509e-01
4719.936700	2.8931431008742514e-01
4742.628703	2.8925768358226644e-01
4765.320706	2.8924731456301866e-01
4788.012710	2.8921993145632591e-01
4810.704713	2.8910909948847135e-01
4833.396717	2.8899082401104587e-01
4856.088720	2.8892915468263408e-01
4878.780723	2.8862256686532639e-01
4901.472727	2.8861019121281845e-01
4924.164730	2.8857986071914904e-01
4946.856733	2.8854268359448570e-01
4969.548737	2.8851818417377700e-01
4992.240740	2.8843671002503207e-01
5014.932743	2.8835947912073989e-01
5037.624747	2.8823958164770253e-01
5060.316750	2.8818419132717743e-01
5083.008754	2.8802545413071917e-01
5105.700757	2.8800573881894448e-01
5128.392760	2.8781759824771563e-01
5151.084764	2.8773517549403704e-01
5173.776767	2.8758589923781730e-01
5196.468770	2.8749825628317732e-01
5219.160774	2.8747399411739288e-01
5241.852777	2.8744802442686518e-01
5264.544780	2.8731973733369254e-01
5287.236784	2.8727418720108966e-01
5309.928787	2.8721211471848285e-01
5332.620791	2.8706922890656039e-01
5355.312794	2.8696088473061093e-01
5378.004797	2.8673153504851973e-01
5400.696801	2.8663713180031686e-01
5423.388804	2.8633422886649140e-01
5446.080807	2.8617559137583465e-01
5468.772811	2.8603459709881784e-01
5491.464814	2.8585297137293281e-01
5514.156817	2.8575131432656631e-01
5536.848821	2.8575574964340100e-01
5559.540824	2.8574083817282203e-01
5582.232828	2.8569737628473041e-01
5604.924831	2.8515583291873808e-01
5627.616834	2.8516763178278298e-01
5650.308838	2.8509946397890745e-01
5673.000841	2.8504064670678331e-01
5695.692844	2.8496286486261407e-01
5718.384848	2.8494955496219077e-01
5741.076851	2.8490971244840663e-01
5763.768854	2.8485083038236014e-01
5786.460858	2.8483727549533894e-01
5809.152861	2.8475550521107190e-01
5831.844865	2.8475582611940797e-01
5854.536868	2.8470137873773876e-01
5877.228871	2.8462361659421836e-01
5899.920875	2.8451001819383875e-01
5922.612878	2.8436845672181960e-01
5945.304881	2.8362536683664091e-01
5967.996885	2.8351930653736851e-01
5990.688888	2.8341705417493251e-01
6013.380891	2.8334230022816581e-01
6036.072895	2.8329005051586759e-01
6058.764898	2.8320894082748227e-01
6081.456902	2.8317437410177709e-01
6104.148905	2.8312014195551882e-01
6126.840908	2.8303085952862506e-01
6149.532912	2.8287805844030350e-01
6172.224915	2.8285315337924338e-01
6194.916918	2.8272206083831047e-01
6217.608922	2.8266998412974736e-01
6240.300925	2.8256168573407303e-01
6262.992928	2.8222568832735745e-01
6285.684932	2.8220261938365682e-01
6308.376935	2.8210694440739703e-01
6331.068939	2.8209383587320785e-01
6353.760942	2.8188758799421143e-01
6376.452945	2.8157978791754479e-01
6399.144949	2.8142386229873323e-01
6421.836952	2.8139853087209243e-01
6444.528955	2.8131954779188573e-01
6467.220959	2.8127035026395281e-01
6489.912962	2.8095051511876012e-01
6512.604965	2.8079355077626861e-01
6535.296969	2.8067492020831153e-01
6557.988972	2.8042094781247812e-01
6580.680976	2.8037223930394445e-01
6603.372979	2.8027925753937649e-01
6626.064982	2.8025434939736249e-01
6648.756986	2.8004531501348429e-01
6671.448989	2.8003802683126866e-01
6694.140992	2.7968148744036453e-01
6716.832996	2.7963399035968434e-01
6739.524999	2.7957116730026765e-01
6762.217002	2.7952165796247663e-01
6784.909006	2.7949774934615013e-01
6807.601009	2.7940740365752054e-01
6830.293013	2.7925027983823925e-01
6852.985016	2.7924962021058086e-01
6875.677019	2.7923976502511832e-01
6898.369023	2.7912586483799801e-01
6921.061026	2.7860605837326996e-01
6943.753029	2.7861028911815405e-01
6966.445033	2.7848063929250488e-01
6989.137036	2.7848668063152981e-01
7011.829039	2.7814082580601335e-01
7034.521043	2.7732595937078841e-01
7057.213046	2.7730391681477873e-01
7079.905050	2.7712377266277616e-01
7102.597053	2.7711295321699869e-01
7125.289056	2.7711824957876419e-01
7147.981060	2.7704518837799313e-01
7170.673063	2.7699287520823845e-01
7193.365066	2.7698348974092679e-01
7216.057070	2.7682560882734059e-01
7238.749073	2.7670494365069342e-01
7261.441076	2.7665945022524069e-01
7284.133080	2.7647210821716761e-01
7306.825083	2.7614316292422042e-01
7329.517087	2.7599981323279027e-01
7352.209090	2.7590707423737620e-01
7374.901093	2.7577087985784471e-01
7397.593097	2.7560909503368769e-01
7420.285100	2.7557650572856107e-01
7442.977103	2.7551080178946608e-01
7465.669107	2.7548887202526123e-01
7488.361110	2.7539375338367483e-01
7511.053113	2.7534491200741279e-01
7533.745117	2.7520135119646816e-01
7556.437120	2.7500248056773796e-01
7579.129124	2.7490531349932151e-01
7601.821127	2.7483362367011366e-01
7624.513130	2.7482960462433165e-01
7647.205134	2.7479298112149819e-01
7669.897137	2.7467265432748228e-01
7692.589140	2.7462766924635379e-01
7715.281144	2.7448010110712590e-01
7737.973147	2.7367387252847197e-01
7760.665150	2.7364939679492789e-01
7783.357154	2.7355029458976099e-01
7806.049157	2.7336716239072295e-01
7828.741161	2.7335540602093322e-01
7851.433164	2.7316723646975588e-01
7874.125167	2.7311385809256561e-01
7896.817171	2.7303060055801992e-01
7919.509174	2.7286414663531627e-01
7942.201177	2.7274019430687813e-01
7964.893181	2.7258171403737702e-01
7987.585184	2.7253134687035413e-01
8010.277187	2.7248078928020464e-01
8032.969191	2.7244776578704205e-01
8055.661194	2.7238725316225509e-01
8078.353198	2.7210816228795898e-01
8101.045201	2.7192916248624116e-01
8123.737204	2.7155113459106972e-01
8146.429208	2.7153287246977431e-01
8169.121211	2.7140852080257311e-01
8191.813214	2.7112975018950441e-01
8214.505218	2.7111338531616602e-01
8237.197221	2.7105407349947414e-01
8259.889224	2.7086962306037732e-01
8282.581228	2.7060399752640196e-01
8305.273231	2.7042905979972004e-01
8327.965235	2.7038008580177431e-01
8350.657238	2.7024313566133706e-01
8373.349241	2.7018312270178957e-01
8396.041245	2.6994995111890530e-01
8418.733248	2.6938741541391376e-01
8441.425251	2.6927229481314335e-01
8464.117255	2.6916182511401349e-01
8486.809258	2.6915853362941378e-01
8509.501261	2.6890292079313283e-01
8532.193265	2.6886262702631486e-01
8554.885268	2.6833035141401185e-01
8577.577272	2.6817574693667684e-01
8600.269275	2.6786212029552864e-01
8622.961278	2.6774607106725729e-01
8645.653282	2.6686476215304938e-01
8668.345285	2.6683207370799056e-01
8691.037288	2.6650069011412825e-01
8713.729292	2.6633380528870315e-01
8736.421295	2.6628139079623137e-01
8759.113299	2.6599827873255100e-01
8781.805302	2.6542344648867033e-01
8804.497305	2.6534119200077189e-01
8827.189309	2.6514034171133888e-01
8849.881312	2.6485487235337213e-01
8872.573315	2.6474859311361748e-01
8895.265319	2.6436631459455046e-01
8917.957322	2.6417407013159250e-01
8940.649325	2.6383099837958440e-01
8963.341329	2.6371742275740973e-01
8986.033332	2.6367484174787437e-01
9008.725336	2.6362297544347557e-01
9031.417339	2.6357342159480573e-01
9054.109342	2.6312002724959432e-01
9076.801346	2.6302905016281719e-01
9099.493349	2.6279309847473137e-01
9122.185352	2.6267741837833242e-01
9144.877356	2.6243144846856897e-01
9167.569359	2.6239301467434117e-01
9190.261362	2.6221437424364430e-01
9212.953366	2.6219834682446785e-01
9235.645369	2.6215099359098404e-01
9258.337373	2.6193271534256352e-01
9281.029376	2.6190413483555219e-01
9303.721379	2.6150174075681065e-01
9326.413383	2.6143480361454013e-01
9349.105386	2.6138189934041006e-01
9371.797389	2.6057480018783236e-01
9394.489393	2.6044233323873117e-01
9417.181396	2.6037432128328641e-01
9439.873399	2.6029660012489136e-01
9462.565403	2.6026383252362745e-01
9485.257406	2.6007537575843037e-01
9507.949410	2.5948475600878679e-01
9530.641413	2.5909555361104064e-01
9553.333416	2.5879164747509931e-01
9576.025420	2.5851503984123214e-01
9598.717423	2.5804160576477714e-01
9621.409426	2.5798379413994349e-01
9644.101430	2.5796604315186589e-01
9666.793433	2.5780213052760714e-01
9689.485436	2.5730551998630513e-01
9712.177440	2.5723985270213212e-01
9734.869443	2.5710106731527876e-01
9757.561447	2.5631668770351379e-01
9780.253450	2.5632075763342310e-01
9802.945453	2.5625405625696945e-01
9825.637457	2.5623753520019127e-01
9848.329460	2.5621694523830196e-01
9871.021463	2.5596882988760439e-01
9893.713467	2.5588041692218999e-01
9916.405470	2.5560629137647889e-01
9939.097473	2.5534826381666353e-01
9961.789477	2.5521770502067037e-01
9984.481480	2.5497359306227907e-01
10007.173484	2.5414654444726531e-01
10029.865487	2.5390239401618581e-01
10052.557490	2.5354196515000282e-01
10075.249494	2.5346800572385320e-01
10097.941497	2.5344751771496571e-01
10120.633500	2.5341229664663473e-01
10143.325504	2.5322745100486566e-01
10166.017507	2.5316465309971259e-01
10188.709510	2.5293879485376275e-01
10211.401514	2.5286717663784514e-01
10234.093517	2.5275250351545953e-01
10256.785521	2.5271333340875823e-01
10279.477524	2.5266391126646859e-01
10302.169527	2.5258103164471701e-01
10324.861531	2.5252912039731790e-01
10347.553534	2.5244381065917976e-01
10370.245537	2.5223669165888551e-01
10392.937541	2.5213137352000770e-01
10415.629544	2.5204431494785173e-01
10438.321547	2.5195827322199460e-01
10461.013551	2.5192745637958686e-01
10483.705554	2.5190276666719680e-01
10506.397558	2.5183501210140008e-01
10529.089561	2.5170996379845983e-01
10551.781564	2.5163579800341868e-01
10574.473568	2.5157560801910372e-01
10597.165571	2.5153076075739322e-01
10619.857574	2.5134339719528287e-01
10642.549578	2.5128281287528914e-01
10665.241581	2.5123444435191966e-01
10687.933584	2.5113675224815563e-01
10710.625588	2.5107912363119511e-01
10733.317591	2.5099073212491702e-01
10756.009595	2.5093373183812051e-01
10778.701598	2.5086998060587606e-01
10801.393601	2.5077523345197927e-01
10824.085605	2.5061733721482471e-01
10846.777608	2.5054368173395369e-01
10869.469611	2.5049445417004490e-01
10892.161615	2.5047175177422742e-01
10914.853618	2.5011151986846919e-01
10937.545621	2.5006345481417724e-01
10960.237625	2.4998876533098993e-01
10982.929628	2.4983327012429313e-01
11005.621632	2.4971861167970530e-01
11028.313635	2.4964330992497394e-01
11051.005638	2.4950534657037343e-01
11073.697642	2.4926491412879068e-01
11096.389645	2.4922534135716623e-01
11119.081648	2.4906316387785404e-01
11141.773652	2.4902457323659538e-01
11164.465655	2.4895803751054710e-01
11187.157658	2.4887605123098319e-01
11209.849662	2.4881647267996523e-01
11232.541665	2.4875394443829715e-01
11255.233669	2.4873774141789085e-01
11277.925672	2.4869041800293004e-01
11300.617675	2.4867074224211799e-01
11323.309679	2.4857895437894773e-01
11346.001682	2.4836324758004860e-01
11368.693685	2.4830691175582997e-01
11391.385689	2.4811183192719993e-01
11414.077692	2.4803878701123688e-01
11436.769695	2.4796088588745613e-01
11459.461699	2.4781194451238545e-01
11482.153702	2.4769897838686020e-01
11504.845706	2.4767269495799293e-01
11527.537709	2.4763549412941757e-01
11550.229712	2.4750122831982721e-01
11572.921716	2.4734613004975400e-01
11595.613719	2.4721194851375472e-01
11618.305722	2.4704953829358364e-01
11640.997726	2.4695589881147992e-01
11663.689729	2.4686216853642165e-01
11686.381732	2.4681101234844552e-01
11709.073736	2.4673450006585293e-01
11731.765739	2.4661599749299876e-01
11754.457743	2.4657368023690612e-01
11777.149746	2.4653279057314645e-01
11799.841749	2.4647881088142673e-01
11822.533753	2.4641770031259241e-01
11845.225756	2.4632458777310076e-01
11867.917759	2.4620421449573257e-01
11890.609763	2.4612053958692162e-01
11913.301766	2.4575029320119066e-01
11935.993769	2.4568634022785488e-01
11958.685773	2.4564886763483870e-01
11981.377776	2.4560660115339852e-01
12004.069780	2.4539366106028229e-01
12026.761783	2.4522922117019269e-01
12049.453786	2.4520080554929682e-01
12072.145790	2.4511753119393256e-01
12094.837793	2.4508274232634197e-01
12117.529796	2.4503670805935177e-01
12140.221800	2.4491805348639550e-01
12162.913803	2.4485322691418360e-01
12185.605806	2.4476305655078728e-01
12208.297810	2.4467366159630893e-01
12230.989813	2.4463292366059514e-01
12253.681817	2.4462337717652011e-01
12276.373820	2.4454945006677875e-01
12299.065823	2.4449650545325322e-01
12321.757827	2.4433052010785991e-01
12344.449830	2.4416489241220299e-01
12367.141833	2.4410130952511327e-01
12389.833837	2.4382997078070989e-01
12412.525840	2.4373796916076851e-01
12435.217843	2.4365112160718227e-01
12457.909847	2.4353893793255155e-01
12480.601850	2.4346390096382331e-01
12503.293854	2.4338814309345247e-01
12525.985857	2.4314060713842403e-01
12548.677860	2.4304723452548121e-01
12571.369864	2.4299808429607064e-01
12594.061867	2.4295541901434528e-01
12616.753870	2.4293125066058244e-01
12639.445874	2.4280102508290610e-01
12662.137877	2.4269333936288295e-01
12684.829880	2.4260139675315118e-01
12707.521884	2.4254547344996338e-01
12730.213887	2.4244959048262937e-01
12752.905891	2.4231384687952565e-01
12775.597894	2.4223447560631389e-01
12798.289897	2.4214302848704009e-01
12820.981901	2.4190010400723841e-01
12843.673904	2.4175539412010219e-01
12866.365907	2.4129102345814929e-01
12889.057911	2.4122557354297749e-01
12911.749914	2.4103779312992923e-01
12934.441917	2.4088353955830627e-01
12957.133921	2.4081453289875163e-01
12979.825924	2.4067025379486542e-01
13002.517928	2.4053900431317160e-01
13025.209931	2.4043411304231588e-01
13047.901934	2.4037768609229854e-01
13070.593938	2.4031205680402745e-01
13093.285941	2.4013912637745699e-01
13115.977944	2.4005473161119492e-01
13138.669948	2.3997548200752850e-01
13161.361951	2.3989316221589382e-01
13184.053954	2.3973692638928071e-01
13206.745958	2.3961143792605635e-01
13229.437961	2.3948533620152210e-01
13252.129965	2.3928019205149137e-01
13274.821968	2.3922803393222447e-01
13297.513971	2.3916807882669769e-01
13320.205975	2.3907492813669706e-01
13342.897978	2.3882001493603960e-01
13365.589981	2.3872906305848857e-01
13388.281985	2.3866531561706006e-01
13410.973988	2.3853385036912012e-01
13433.665991	2.3805451205293215e-01
13456.357995	2.3787023819807365e-01
13479.049998	2.3770004947802681e-01
13501.742002	2.3764372074594373e-01
13524.434005	2.3745980282683060e-01
13547.126008	2.3738254813472706e-01
13569.818012	2.3728598490923783e-01
13592.510015	2.3694200758811404e-01
13615.202018	2.3684484692451857e-01
13637.894022	2.3669629284608629e-01
13660.586025	2.3659479187864033e-01
13683.278028	2.3623878465169754e-01
13705.970032	2.3615284092713684e-01
13728.662035	2.3592016813722588e-01
13751.354039	2.3564541274194445e-01
13774.046042	2.3524736310017488e-01
13796.738045	2.3515986448227147e-01
13819.430049	2.3512094582629131e-01
13842.122052	2.3463932735303453e-01
13864.814055	2.3419005849394053e-01
13887.506059	2.3411640890239871e-01
13910.198062	2.3401342289586580e-01
13932.890065	2.3379943272862883e-01
13955.582069	2.3370072131471115e-01
13978.274072	2.3362491305812830e-01
14000.966076	2.3351773499013773e-01
14023.658079	2.3347300238940966e-01
14046.350082	2.3316186287463425e-01
14069.042086	2.3310904434984422e-01
14091.734089	2.3304205792450280e-01
14114.426092	2.3292698669956066e-01
14137.118096	2.3274663886210689e-01
14159.810099	2.3251877194412743e-01
14182.502102	2.3235011943805228e-01
14205.194106	2.3189821051884535e-01
14227.886109	2.3166461682404904e-01
14250.578113	2.3162648355037727e-01
14273.270116	2.3158490775692456e-01
14295.962119	2.3129575236110911e-01
14318.654123	2.3123736385462940e-01
14341.346126	2.3060798705165786e-01
14364.038129	2.3053278190158366e-01
14386.730133	2.3035569658356522e-01
14409.422136	2.3024877333588165e-01
14432.114140	2.3013907484746554e-01
14454.806143	2.3008465204349068e-01
14477.498146	2.2984398970698461e-01
14500.190150	2.2965241234285216e-01
14522.882153	2.2954613062656573e-01
14545.574156	2.2932571288158607e-01
14568.266160	2.2910685181807955e-01
14590.958163	2.2897262096574603e-01
14613.650166	2.2881193333613883e-01
14636.342170	2.2871559650257572e-01
14659.034173	2.2854141502083128e-01
14681.726177	2.2826464231727628e-01
14704.418180	2.2816598355431911e-01
14727.110183	2.2812961466127318e-01
14749.802187	2.2798439295414019e-01
14772.494190	2.2790394056878976e-01
14795.186193	2.2780196667764965e-01
14817.878197	2.2770457818203738e-01
14840.570200	2.2748292962976918e-01
14863.262203	2.2743854941692201e-01
14885.954207	2.2728334083232771e-01
14908.646210	2.2718175440222632e-01
14931.338214	2.2699639217324896e-01
14954.030217	2.2692595331057352e-01
14976.722220	2.2681703657087937e-01
14999.414224	2.2654194013841120e-01
15022.106227	2.2648424400436701e-01
15044.798230	2.2618225959903071e-01
15067.490234	2.2597662343651587e-01
15090.182237	2.2586504107778491e-01
15112.874240	2.2583244634131489e-01
15135.566244	2.2556068347092079e-01
15158.258247	2.2514517394075920e-01
15180.950251	2.2503913093898709e-01
15203.642254	2.2484528936421677e-01
15226.334257	2.2477048956407611e-01
15249.026261	2.2473016475915975e-01
15271.718264	2.2465070412710175e-01
15294.410267	2.2448342223923434e-01
15317.102271	2.2411893017384726e-01
15339.794274	2.2404012514546925e-01
15362.486277	2.2396546271277240e-01
15385.178281	2.2386666906433092e-01
15407.870284	2.2370680328954948e-01
15430.562288	2.2354389797738411e-01
15453.254291	2.2331225139391558e-01
15475.946294	2.2303836747168912e-01
15498.638298	2.2283570391494573e-01
15521.330301	2.2277280199463018e-01
15544.022304	2.2268576313084965e-01
15566.714308	2.2250698304120575e-01
15589.406311	2.2237574214897970e-01
15612.098314	2.2231852706420596e-01
15634.790318	2.2223755366544504e-01
15657.482321	2.2199113289998063e-01
15680.174325	2.2194465576337427e-01
15702.866328	2.2178841838660926e-01
15725.558331	2.2168521150738579e-01
15748.250335	2.2157243212163133e-01
15770.942338	2.2124205604154318e-01
15793.634341	2.2089059023669624e-01
15816.326345	2.2080069202067273e-01
15839.018348	2.2069438601404692e-01
15861.710351	2.2062691648558522e-01
15884.402355	2.2048380736338008e-01
15907.094358	2.2032857976306758e-01
15929.786362	2.2029565646485433e-01
15952.478365	2.2010698037138396e-01
15975.170368	2.2004999688331681e-01
15997.862372	2.1972457777718940e-01
16020.554375	2.1940816255787279e-01
16043.246378	2.1927240384060018e-01
16065.938382	2.1913394029512351e-01
16088.630385	2.1903667276459871e-01
16111.322388	2.1885617829561074e-01
16134.014392	2.1824242030263322e-01
16156.706395	2.1798399999433785e-01
16179.398399	2.1782226773291427e-01
16202.090402	2.1778074813363793e-01
16224.782405	2.1773393613705769e-01
16247.474409	2.1764684456471287e-01
16270.166412	2.1708951302372712e-01
16292.858415	2.1692392816039335e-01
16315.550419	2.1688195595188262e-01
16338.242422	2.1646231580152925e-01
16360.934425	2.1615382578056416e-01
16383.626429	2.1605764937400396e-01
16406.318432	2.1600815805558976e-01
16429.010436	2.1590447316239936e-01
16451.702439	2.1583699591117256e-01
16474.394442	2.1568841329138469e-01
16497.086446	2.1538812418152167e-01
16519.778449	2.1517959830034741e-01
16542.470452	2.1474302598732886e-01
16565.162456	2.1437300805599349e-01
16587.854459	2.1421170707108808e-01
16610.546462	2.1397831644667573e-01
16633.238466	2.1371786833360143e-01
16655.930469	2.1351494927367815e-01
16678.622473	2.1321632979114954e-01
16701.314476	2.1297814363597356e-01
16724.006479	2.1289989982481666e-01
16746.698483	2.1244664658978227e-01
16769.390486	2.1222969677886705e-01
16792.082489	2.1203305667997727e-01
16814.774493	2.1181321413719575e-01
16837.466496	2.1173533947879494e-01
16860.158499	2.1165992513304760e-01
16882.850503	2.1147606137468539e-01
16905.542506	2.1114410090133690e-01
16928.234510	2.1074109833647167e-01
16950.926513	2.1061648298803839e-01
16973.618516	2.1043988765371560e-01
16996.310520	2.0971229353428400e-01
17019.002523	2.0943712508090068e-01
17041.694526	2.0915243953547449e-01
17064.386530	2.0885941346008730e-01
17087.078533	2.0878668611647572e-01
17109.770536	2.0822010947576114e-01
17132.462540	2.0810915080076473e-01
17155.154543	2.0778516536130803e-01
17177.846547	2.0733152736562546e-01
17200.538550	2.0719414958908469e-01
17223.230553	2.0713259323608949e-01
17245.922557	2.0705819739264281e-01
17268.614560	2.0670597429966836e-01
17291.306563	2.0664755356807485e-01
17313.998567	2.0640564290399002e-01
17336.690570	2.0593232394982161e-01
17359.382573	2.0576045203137869e-01
17382.074577	2.0543087167855803e-01
17404.766580	2.0468238817084294e-01
17427.458584	2.0446538731102645e-01
17450.150587	2.0409947268701589e-01
17472.842590	2.0386990130779931e-01
17495.534594	2.0359339996136785e-01
17518.226597	2.0350371702715969e-01
17540.918600	2.0344151948368969e-01
17563.610604	2.0270046157445359e-01
17586.302607	2.0238305015058161e-01
17608.994610	2.0235313222417994e-01
17631.686614	2.0212977801597010e-01
17654.378617	2.0200566751968732e-01
17677.070621	2.0178198652283116e-01
17699.762624	2.0150373786177936e-01
17722.454627	2.0146765882227766e-01
17745.146631	2.0115579031953751e-01
17767.838634	2.0083802859581709e-01
17790.530637	2.0067699374557035e-01
17813.222641	2.0060373787684399e-01
17835.914644	2.0004137641053599e-01
17858.606647	1.9990539103925881e-01
17881.298651	1.9937134062712908e-01
17903.990654	1.9928014574351210e-01
17926.682658	1.9846845616642497e-01
17949.374661	1.9813213541674096e-01
17972.066664	1.9805978205626387e-01
17994.758668	1.9790627778929032e-01
18017.450671	1.9759730749129631e-01
18040.142674	1.9747815864523027e-01
18062.834678	1.9720491805586648e-01
18085.526681	1.9713325587805450e-01
18108.218684	1.9706886304376425e-01
18130.910688	1.9675895645044450e-01
18153.602691	1.9661039321651672e-01
18176.294695	1.9653360079315368e-01
18198.986698	1.9560915285769986e-01
18221.678701	1.9517337430915141e-01
18244.370705	1.9471054115439018e-01
18267.062708	1.9451213560672748e-01
18289.754711	1.9401147151640921e-01
18312.446715	1.9371851318866184e-01
18335.138718	1.9317687776458861e-01
18357.830721	1.9296227266429328e-01
18380.522725	1.9228906966748377e-01
18403.214728	1.9169425005689839e-01
18425.906732	1.9136224055452558e-01
18448.598735	1.9093557965648864e-01
18471.290738	1.9022619919128389e-01
18493.982742	1.9014978339555910e-01
18516.674745	1.8953907307250617e-01
18539.366748	1.8901207472364098e-01
18562.058752	1.8881633823971172e-01
18584.750755	1.8868963492564375e-01
18607.442758	1.8849065231551562e-01
18630.134762	1.8753202905007696e-01
18652.826765	1.8748087475415104e-01
18675.518769	1.8734506252056601e-01
18698.210772	1.8727547051593066e-01
18720.902775	1.8713207666492895e-01
18743.594779	1.8705431298909525e-01
18766.286782	1.8689470667259880e-01
18788.978785	1.8646888524085725e-01
18811.670789	1.8630961797678783e-01
18834.362792	1.8604822362085147e-01
18857.054795	1.8568560020798619e-01
18879.746799	1.8541897392678897e-01
18902.438802	1.8533010322232052e-01
18925.130806	1.8521752155465243e-01
18947.822809	1.8513039858115851e-01
18970.514812	1.8500587803092605e-01
18993.206816	1.8472109441619930e-01
19015.898819	1.8439889969303155e-01
19038.590822	1.8423531624168152e-01
19061.282826	1.8415757536020141e-01
19083.974829	1.8403320507001722e-01
19106.666832	1.8337216480624566e-01
19129.358836	1.8292351348332864e-01
19152.050839	1.8257000205005122e-01
19174.742843	1.8225960909994776e-01
19197.434846	1.8181786559523136e-01
19220.126849	1.8132404929139356e-01
19242.818853	1.8117259071307906e-01
19265.510856	1.8110794461606586e-01
19288.202859	1.8095306089646160e-01
19310.894863	1.8080553014890802e-01
19333.586866	1.8059755424492049e-01
19356.278869	1.8035472584948867e-01
19378.970873	1.8021137538225523e-01
19401.662876	1.7993895672501178e-01
19424.354880	1.7910874782938124e-01
19447.046883	1.7879813793605251e-01
19469.738886	1.7843585370107784e-01
19492.430890	1.7787864174485163e-01
19515.122893	1.7770527465666716e-01
19537.814896	1.7753042435665134e-01
19560.506900	1.7727277685595469e-01
19583.198903	1.7523041996165645e-01
19605.890906	1.7334999613028812e-01
19628.582910	1.7245095247575673e-01
19651.274913	1.7213224609815295e-01
19673.966917	1.7191253869890322e-01
19696.658920	1.7184682805948778e-01
19719.350923	1.7169384990713166e-01
19742.042927	1.7150216533714022e-01
19764.734930	1.7142092966400005e-01
19787.426933	1.7117249357089581e-01
19810.118937	1.7106500915394851e-01
19832.810940	1.7099238036961786e-01
19855.502943	1.7035749837214276e-01
19878.194947	1.6991609207194830e-01
19900.886950	1.6872633761968689e-01
19923.578954	1.6844024909789657e-01
19946.270957	1.6825500056176837e-01
19968.962960	1.6751374985940382e-01
19991.654964	1.6727974130999576e-01
20014.346967	1.6716735504370947e-01
20037.038970	1.6701958204444775e-01
20059.730974	1.6688946120202328e-01
20082.422977	1.6659486105182020e-01
20105.114981	1.6647510541865085e-01
20127.806984	1.6628119463860455e-01
20150.498987	1.6561379509142629e-01
20173.190991	1.6546971566413293e-01
20195.882994	1.6536543890214869e-01
20218.574997	1.6495664851638053e-01
20241.267001	1.6419338055064844e-01
20263.959004	1.6402289818122470e-01
20286.651007	1.6352697311242623e-01
20309.343011	1.6328784354983103e-01
20332.035014	1.6310354594056611e-01
20354.727018	1.6245494324233406e-01
20377.419021	1.6239397930205621e-01
20400.111024	1.6135980586335935e-01
20422.803028	1.6124859259096644e-01
20445.495031	1.6117733198439488e-01
20468.187034	1.6050143553045459e-01
20490.879038	1.6030594750328322e-01
20513.571041	1.5991600740938322e-01
20536.263044	1.5961606744977613e-01
20558.955048	1.5953536600090049e-01
20581.647051	1.5888034443952739e-01
20604.339055	1.5874692201115859e-01
20627.031058	1.5840870445364688e-01
20649.723061	1.5730913370095620e-01
20672.415065	1.5651999290874660e-01
20695.107068	1.5635618015448663e-01
20717.799071	1.5619630434279710e-01
20740.491075	1.5589525356599709e-01
20763.183078	1.5436712911435349e-01
20785.875081	1.5426976563268863e-01
20808.567085	1.5396933116065045e-01
20831.259088	1.5386184241596909e-01
20853.951092	1.5356547366562057e-01
20876.643095	1.5295456907222629e-01
20899.335098	1.5255679056060201e-01
20922.027102	1.5211774044464291e-01
20944.719105	1.5171602877915866e-01
20967.411108	1.5145883250027753e-01
20990.103112	1.5088056337087721e-01
21012.795115	1.4967768003502535e-01
21035.487118	1.4948089025422953e-01
21058.179122	1.4933573422473295e-01
21080.871125	1.4854456368105198e-01
21103.563129	1.4836262975864567e-01
21126.255132	1.4821233675036535e-01
21148.947135	1.4790651175378688e-01
21171.639139	1.4764331796804323e-01
21194.331142	1.4753814771805532e-01
21217.023145	1.4703198261898087e-01
21239.715149	1.4651180424150614e-01
21262.407152	1.4633362140112877e-01
21285.099155	1.4578179038839378e-01
21307.791159	1.4568611727857583e-01
21330.483162	1.4521197154326482e-01
21353.175166	1.4467083904261499e-01
21375.867169	1.4460367696992132e-01
21398.559172	1.4441441118294071e-01
21421.251176	1.4427141395558765e-01
21443.943179	1.4414316099570945e-01
21466.635182	1.4396063985238938e-01
21489.327186	1.4362863281278884e-01
21512.019189	1.4297655449948626e-01
21534.711192	1.4239930380814098e-01
21557.403196	1.4227697908843231e-01
21580.095199	1.4196852374909155e-01
21602.787203	1.4173170596727561e-01
21625.479206	1.4118664917660631e-01
21648.171209	1.4102270158042576e-01
21670.863213	1.3981133808248331e-01
21693.555216	1.3970851566413039e-01
21716.247219	1.3962818150160905e-01
21738.939223	1.3912771499341187e-01
21761.631226	1.3769915695483331e-01
21784.323229	1.3659292114409935e-01
21807.015233	1.3569787785488169e-01
21829.707236	1.3548304381482923e-01
21852.399240	1.3529570693425577e-01
21875.091243	1.3492973616316761e-01
21897.783246	1.3475074307253301e-01
21920.475250	1.3441348828281355e-01
21943.167253	1.3423594656111018e-01
21965.859256	1.3392966874937901e-01
21988.551260	1.3386174791290292e-01
22011.243263	1.3375863958245116e-01
22033.935266	1.3351709789430627e-01
22056.627270	1.3338877223111828e-01
22079.319273	1.3272125170680815e-01
22102.011277	1.3252110819757518e-01
22124.703280	1.3239438577462945e-01
22147.395283	1.3197550976563646e-01
22170.087287	1.3179450264472561e-01
22192.779290	1.3145485638877288e-01
22215.471293	1.3130280690433410e-01
22238.163297	1.3104476547838698e-01
22260.855300	1.3094473890868963e-01
22283.547303	1.3006723406721285e-01
22306.239307	1.2961422315925550e-01
22328.931310	1.2923682560553224e-01
22351.623314	1.2861947422380710e-01
22374.315317	1.2815633609397209e-01
22397.007320	1.2782791652908898e-01
22419.699324	1.2775976561964217e-01
22442.391327	1.2740844686233357e-01
22465.083330	1.2693294293780730e-01
22487.775334	1.2679379916958095e-01
22510.467337	1.2650929379509399e-01
22533.159340	1.2631637222491782e-01
22555.851344	1.2620183007416955e-01
22578.543347	1.2579758160329438e-01
22601.235351	1.2563906050753770e-01
22623.927354	1.2493520572893840e-01
22646.619357	1.2470600091060288e-01
22669.311361	1.2460607063249836e-01
22692.003364	1.2391714302199940e-01
22714.695367	1.2364104712346510e-01
22737.387371	1.2304770914295830e-01
22760.079374	1.2294507432980668e-01
22782.771377	1.2278917887786375e-01
22805.463381	1.2246936205815470e-01
22828.155384	1.2234173699554814e-01
22850.847388	1.2216245557442747e-01
22873.539391	1.2137475710911967e-01
22896.231394	1.2125862158375414e-01
22918.923398	1.2112769277013005e-01
22941.615401	1.2104521998833251e-01
22964.307404	1.2067318171526466e-01
22986.999408	1.2019769823651837e-01
23009.691411	1.2007055164796550e-01
23032.383414	1.1996051667868897e-01
23055.075418	1.1987257843072087e-01
23077.767421	1.1976983508501993e-01
23100.459425	1.1935948121556979e-01
23123.151428	1.1917863343677454e-01
23145.843431	1.1798081596355683e-01
23168.535435	1.1693446734864610e-01
23191.227438	1.1679297452344874e-01
23213.919441	1.1616413625629939e-01
23236.611445	1.1582027311571132e-01
23259.303448	1.1550082322383391e-01
23281.995451	1.1517312835372685e-01
23304.687455	1.1451766343402134e-01
23327.379458	1.1429471453052786e-01
23350.071462	1.1386143620697799e-01
23372.763465	1.1370477273452835e-01
23395.455468	1.1334626418667244e-01
23418.147472	1.1292029344637183e-01
23440.839475	1.1235325184999122e-01
23463.531478	1.1216516945767049e-01
23486.223482	1.1174920014943583e-01
23508.915485	1.1165388883529499e-01
23531.607488	1.1144832725834088e-01
23554.299492	1.1036230489419981e-01
23576.991495	1.1009210610443931e-01
23599.683499	1.1002595740789438e-01
23622.375502	1.0979245329778919e-01
23645.067505	1.0964012989265802e-01
23667.759509	1.0944615244214728e-01
23690.451512	1.0919689614673850e-01
23713.143515	1.0888005800331144e-01
23735.835519	1.0878697923341053e-01
23758.527522	1.0860830479212898e-01
23781.219525	1.0809542308222565e-01
23803.911529	1.0792103126714968e-01
23826.603532	1.0699680777576087e-01
23849.295536	1.0689843449246419e-01
23871.987539	1.0673119217914542e-01
23894.679542	1.0642344427427081e-01
23917.371546	1.0619818074937006e-01
23940.063549	1.0559246315414761e-01
23962.755552	1.0542344579910763e-01
23985.447556	1.0421238262117521e-01
24008.139559	1.0380225413457135e-01
24030.831562	1.0317605367804300e-01
24053.523566	1.0298596801011996e-01
24076.215569	1.0260188356503107e-01
24098.907573	1.0237654700683106e-01
24121.599576	1.0217725413844787e-01
24144.291579	1.0190655461008456e-01
24166.983583	1.0115070028207974e-01
24189.675586	1.0063127510142368e-01
24212.367589	9.9269419676857942e-02
24235.059593	9.8551483123951886e-02
24257.751596	9.7746187001831963e-02
24280.443599	9.7589604286716897e-02
24303.135603	9.6988366729778550e-02
24325.827606	9.6683182302748083e-02
24348.519610	9.5990065737948008e-02
24371.211613	9.3833147136101566e-02
24393.903616	9.3723839117227786e-02
24416.595620	9.3225976647321615e-02
24439.287623	9.2502172157660517e-02
24461.979626	9.1498219913369400e-02
24484.671630	9.0984974028597662e-02
24507.363633	9.0515862753242207e-02
24530.055636	9.0292578069161092e-02
24552.747640	8.9941002988163724e-02
24575.439643	8.9847130801209735e-02
24598.131647	8.9511984999888147e-02
24620.823650	8.9375260900405429e-02
24643.515653	8.8948964655555018e-02
24666.207657	8.8618371137912960e-02
24688.899660	8.8132582405644769e-02
24711.591663	8.7939128724882257e-02
24734.283667	8.7376480075025853e-02
24756.975670	8.7284086371790928e-02
24779.667673	8.6872920256705871e-02
24802.359677	8.6305680056753029e-02
24825.051680	8.5777508728799676e-02
24847.743684	8.4412698212050594e-02
24870.435687	8.4201530980329592e-02
24893.127690	8.3209871941770874e-02
24915.819694	8.2731226162966992e-02
24938.511697	8.2509442378159714e-02
24961.203700	8.2116217341391101e-02
24983.895704	8.1479403479769466e-02
25006.587707	8.1270601899386896e-02
25029.279710	8.0785736041184275e-02
25051.971714	8.0639108149302294e-02
25074.663717	8.0500738849636988e-02
25097.355721	7.8687838831951074e-02
25120.047724	7.7828624137451827e-02
25142.739727	7.7574370690437461e-02
25165.431731	7.7495406924241811e-02
25188.123734	7.6754559403077710e-02
25210.815737	7.6252783455780487e-02
25233.507741	7.6050436827966000e-02
25256.199744	7.5811140111864059e-02
25278.891747	7.5530284393429958e-02
25301.583751	7.4841054255144951e-02
25324.275754	7.4696716343385344e-02
25346.967758	7.4258367546607834e-02
25369.659761	7.3208685886581623e-02
25392.351764	7.3065107523610687e-02
25415.043768	7.2806376855678062e-02
25437.735771	7.2590568736201205e-02
25460.427774	7.1518597667687520e-02
25483.119778	7.1370162984179281e-02
25505.811781	7.0700836526714189e-02
25528.503784	7.0402793978658687e-02
25551.195788	7.0089165733807926e-02
25573.887791	6.8832938652391207e-02
25596.579795	6.8413175715956759e-02
25619.271798	6.8227759434599827e-02
25641.963801	6.7680649686512648e-02
25664.655805	6.7560442596375711e-02
25687.347808	6.7392537451030285e-02
25710.039811	6.7264598259129116e-02
25732.731815	6.7095482795014094e-02
25755.423818	6.6634015731418264e-02
25778.115822	6.6408425403073942e-02
25800.807825	6.6249910629979022e-02
25823.499828	6.6061282970605789e-02
25846.191832	6.5732721431710384e-02
25868.883835	6.5468990833733046e-02
25891.575838	6.5308649762281679e-02
25914.267842	6.5070406929051736e-02
25936.959845	6.4939970672888966e-02
25959.651848	6.4523434789567347e-02
25982.343852	6.4408472478931694e-02
26005.035855	6.4296007904717151e-02
26027.727859	6.3668814878950139e-02
26050.419862	6.3514699018270449e-02
26073.111865	6.3317093775365027e-02
26095.803869	6.3082765948146852e-02
26118.495872	6.2725376478573389e-02
26141.187875	6.2084499396670337e-02
26163.879879	6.1842170945920857e-02
26186.571882	6.1730283514576219e-02
26209.263885	6.1459928256374211e-02
26231.955889	6.0985658634885170e-02
26254.647892	6.0651408059207955e-02
26277.339896	6.0473235569750018e-02
26300.031899	6.0390724457685965e-02
26322.723902	6.0193161616273493e-02
26345.415906	6.0088374651893116e-02
26368.107909	5.9354025195239142e-02
26390.799912	5.9169937542019636e-02
26413.491916	5.8932950772427925e-02
26436.183919	5.8529731635532919e-02
26458.875922	5.8163857703591615e-02
26481.567926	5.7892832742323180e-02
26504.259929	5.7794359017768880e-02
26526.951933	5.7437452483111669e-02
26549.643936	5.7159609500705436e-02
26572.335939	5.7019134707160218e-02
26595.027943	5.6930714077846903e-02
26617.719946	5.6769958543066677e-02
26640.411949	5.6538752725293906e-02
26663.103953	5.6326875885703252e-02
26685.795956	5.5318485089423317e-02
26708.487959	5.5153332885332036e-02
26731.179963	5.5016721133919901e-02
26753.871966	5.4666493432305667e-02
26776.563970	5.4245582694399698e-02
26799.255973	5.3436683725603257e-02
26821.947976	5.3175581886130155e-02
26844.639980	5.3040740156850126e-02
26867.331983	5.2741246401349383e-02
26890.023986	5.2280721196827029e-02
26912.715990	5.1944377004025689e-02
26935.407993	5.1391666605276734e-02
26958.099996	5.1004638866739116e-02
26980.792000	5.0712838344913823e-02
27003.484003	5.0462864238995021e-02
27026.176007	4.9963958687897950e-02
27048.868010	4.9613776200179323e-02
27071.560013	4.9430221960300100e-02
27094.252017	4.9288167147256132e-02
27116.944020	4.8828193578296653e-02
27139.636023	4.8561083383271232e-02
27162.328027	4.8445174291582210e-02
27185.020030	4.7764461341665294e-02
27207.712033	4.7294488753509827e-02
27230.404037	4.7095285798861304e-02
27253.096040	4.6541759195081578e-02
27275.788044	4.6285334905144332e-02
27298.480047	4.5723886097561936e-02
27321.172050	4.5560291834463175e-02
27343.864054	4.3471652896854965e-02
27366.556057	4.2756080983549744e-02
27389.248060	4.2645499017607121e-02
27411.940064	4.2179762180363650e-02
27434.632067	4.1839002210805776e-02
27457.324070	4.1248814988849886e-02
27480.016074	4.1158055820318395e-02
27502.708077	4.0657489560674234e-02
27525.400081	3.9946332312218731e-02
27548.092084	3.8926201587150377e-02
27570.784087	3.7966558660436786e-02
27593.476091	3.7500957838415068e-02
27616.168094	3.7222203224639212e-02
27638.860097	3.6689655228444973e-02
27661.552101	3.6472640230042874e-02
27684.244104	3.5482853549513367e-02
27706.936107	3.5305671368653722e-02
27729.628111	3.3690101360359916e-02
27752.320114	3.2978318203394960e-02
27775.012118	3.2722622059107823e-02
27797.704121	3.2602397552609547e-02
27820.396124	3.1965347871674842e-02
27843.088128	3.1857992044131200e-02
27865.780131	3.1716912266097526e-02
27888.472134	3.1571225801434177e-02
27911.164138	3.0878970989964546e-02
27933.856141	3.0356112057496887e-02
27956.548144	3.0215908551376458e-02
27979.240148	2.9491031388393433e-02
28001.932151	2.9353556843374283e-02
28024.624155	2.9111530540933898e-02
28047.316158	2.6878689560604557e-02
28070.008161	2.5348919090632572e-02
28092.700165	2.5191039928186190e-02
28115.392168	2.4190612802877497e-02
28138.084171	2.3915238095020139e-02
28160.776175	2.3816319514172429e-02
28183.468178	2.3039041290684993e-02
28206.160181	2.2072263006849179e-02
28228.852185	2.1988441339251541e-02
28251.544188	2.1505390187928793e-02
28274.236192	2.1380208486020773e-02
28296.928195	2.1019234530398733e-02
28319.620198	2.0852267176393772e-02
28342.312202	2.0063922890457681e-02
28365.004205	1.9872570140921038e-02
28387.696208	1.8973890702923199e-02
28410.388212	1.8653300364336711e-02
28433.080215	1.8486833737139392e-02
28455.772218	1.7967379746901789e-02
28478.464222	1.7717166561128012e-02
28501.156225	1.7422889416282554e-02
28523.848229	1.5911996346933251e-02
28546.540232	1.5686694319839156e-02
28569.232235	1.5306842963569380e-02
28591.924239	1.4445517745420916e-02
28614.616242	1.4072651528117604e-02
28637.308245	1.3471278632151354e-02
28660.000249	1.2864222486946252e-02
28682.692252	1.2171491984968459e-02
28705.384255	1.1988801809214683e-02
28728.076259	1.0604918094703113e-02
28750.768262	9.0501112844163841e-03
28773.460266	8.2788417826661492e-03
28796.152269	6.1933146289874707e-03
28818.844272	5.2096368154231241e-03
28841.536276	4.5608200544529137e-03
28864.228279	4.1980434823341286e-03
28886.920282	4.0791208655249992e-03
28909.612286	3.8504138961458047e-03
28932.304289	3.7418563242543239e-03
28954.996292	3.2093083280147045e-03
28977.688296	2.7646629228570891e-03
29000.380299	2.2647873508200196e-03
29023.072303	1.7283086491467260e-03
29045.764306	1.4871335822613692e-03
29068.456309	1.3253487507226206e-03
29091.148313	1.1626125382493532e-03
29113.840316	5.1309475975808518e-04
