-21757.3316	2.02E-04
-21745.67797	2.72E-04
-21734.02433	3.26E-04
-21722.3707	5.70E-04
-21710.71707	1.01E-03
-21699.06344	1.14E-03
-21687.40981	2.32E-03
-21675.75617	2.56E-03
-21664.10254	2.66E-03
-21652.44891	3.63E-03
-21640.79528	3.72E-03
-21629.14164	4.21E-03
-21617.48801	5.30E-03
-21605.83438	5.53E-03
-21594.18075	5.76E-03
-21582.52711	5.93E-03
-21570.87348	6.04E-03
-21559.21985	6.26E-03
-21547.56622	6.49E-03
-21535.91258	6.98E-03
-21524.25895	7.34E-03
-21512.60532	7.42E-03
-21500.95169	7.48E-03
-21489.29806	7.72E-03
-21477.64442	7.99E-03
-21465.99079	9.15E-03
-21454.33716	1.01E-02
-21442.68353	1.16E-02
-21431.02989	1.18E-02
-21419.37626	1.22E-02
-21407.72263	1.28E-02
-21396.069	1.32E-02
-21384.41536	1.34E-02
-21372.76173	1.43E-02
-21361.1081	1.50E-02
-21349.45447	1.61E-02
-21337.80083	1.70E-02
-21326.1472	1.75E-02
-21314.49357	1.76E-02
-21302.83994	1.80E-02
-21291.18631	1.83E-02
-21279.53267	1.86E-02
-21267.87904	1.91E-02
-21256.22541	1.95E-02
-21244.57178	1.96E-02
-21232.91814	1.97E-02
-21221.26451	1.98E-02
-21209.61088	2.02E-02
-21197.95725	2.02E-02
-21186.30361	2.04E-02
-21174.64998	2.04E-02
-21162.99635	2.13E-02
-21151.34272	2.18E-02
-21139.68908	2.25E-02
-21128.03545	2.26E-02
-21116.38182	2.31E-02
-21104.72819	2.32E-02
-21093.07456	2.37E-02
-21081.42092	2.53E-02
-21069.76729	2.56E-02
-21058.11366	2.58E-02
-21046.46003	2.61E-02
-21034.80639	2.63E-02
-21023.15276	2.65E-02
-21011.49913	2.70E-02
-20999.8455	2.71E-02
-20988.19186	2.73E-02
-20976.53823	2.79E-02
-20964.8846	2.82E-02
-20953.23097	2.85E-02
-20941.57733	2.87E-02
-20929.9237	2.90E-02
-20918.27007	2.93E-02
-20906.61644	3.05E-02
-20894.96281	3.09E-02
-20883.30917	3.18E-02
-20871.65554	3.20E-02
-20860.00191	3.22E-02
-20848.34828	3.25E-02
-20836.69464	3.26E-02
-20825.04101	3.28E-02
-20813.38738	3.31E-02
-20801.73375	3.37E-02
-20790.08011	3.39E-02
-20778.42648	3.40E-02
-20766.77285	3.54E-02
-20755.11922	3.56E-02
-20743.46558	3.57E-02
-20731.81195	3.58E-02
-20720.15832	3.61E-02
-20708.50469	3.70E-02
-20696.85106	3.77E-02
-20685.19742	3.82E-02
-20673.54379	3.85E-02
-20661.89016	3.86E-02
-20650.23653	3.87E-02
-20638.58289	3.88E-02
-20626.92926	3.91E-02
-20615.27563	3.92E-02
-20603.622	3.93E-02
-20591.96836	3.98E-02
-20580.31473	4.03E-02
-20568.6611	4.03E-02
-20557.00747	4.07E-02
-20545.35383	4.17E-02
-20533.7002	4.18E-02
-20522.04657	4.19E-02
-20510.39294	4.21E-02
-20498.73931	4.23E-02
-20487.08567	4.25E-02
-20475.43204	4.26E-02
-20463.77841	4.35E-02
-20452.12478	4.37E-02
-20440.47114	4.37E-02
-20428.81751	4.39E-02
-20417.16388	4.44E-02
-20405.51025	4.44E-02
-20393.85661	4.48E-02
-20382.20298	4.50E-02
-20370.54935	4.52E-02
-20358.89572	4.52E-02
-20347.24208	4.55E-02
-20335.58845	4.59E-02
-20323.93482	4.64E-02
-20312.28119	4.65E-02
-20300.62756	4.67E-02
-20288.97392	4.68E-02
-20277.32029	4.68E-02
-20265.66666	4.71E-02
-20254.01303	4.74E-02
-20242.35939	4.75E-02
-20230.70576	4.77E-02
-20219.05213	4.78E-02
-20207.3985	4.80E-02
-20195.74486	4.83E-02
-20184.09123	4.85E-02
-20172.4376	4.87E-02
-20160.78397	4.89E-02
-20149.13033	4.92E-02
-20137.4767	4.94E-02
-20125.82307	4.98E-02
-20114.16944	4.99E-02
-20102.51581	5.00E-02
-20090.86217	5.04E-02
-20079.20854	5.05E-02
-20067.55491	5.07E-02
-20055.90128	5.13E-02
-20044.24764	5.17E-02
-20032.59401	5.19E-02
-20020.94038	5.20E-02
-20009.28675	5.21E-02
-19997.63311	5.22E-02
-19985.97948	5.31E-02
-19974.32585	5.32E-02
-19962.67222	5.34E-02
-19951.01858	5.45E-02
-19939.36495	5.53E-02
-19927.71132	5.58E-02
-19916.05769	5.58E-02
-19904.40406	5.61E-02
-19892.75042	5.67E-02
-19881.09679	5.72E-02
-19869.44316	5.76E-02
-19857.78953	5.81E-02
-19846.13589	5.82E-02
-19834.48226	5.85E-02
-19822.82863	5.91E-02
-19811.175	5.93E-02
-19799.52136	5.95E-02
-19787.86773	5.98E-02
-19776.2141	6.05E-02
-19764.56047	6.09E-02
-19752.90683	6.10E-02
-19741.2532	6.11E-02
-19729.59957	6.12E-02
-19717.94594	6.14E-02
-19706.29231	6.19E-02
-19694.63867	6.24E-02
-19682.98504	6.25E-02
-19671.33141	6.26E-02
-19659.67778	6.27E-02
-19648.02414	6.35E-02
-19636.37051	6.45E-02
-19624.71688	6.45E-02
-19613.06325	6.50E-02
-19601.40961	6.51E-02
-19589.75598	6.52E-02
-19578.10235	6.53E-02
-19566.44872	6.54E-02
-19554.79508	6.54E-02
-19543.14145	6.60E-02
-19531.48782	6.61E-02
-19519.83419	6.72E-02
-19508.18056	6.79E-02
-19496.52692	6.81E-02
-19484.87329	6.85E-02
-19473.21966	6.90E-02
-19461.56603	6.93E-02
-19449.91239	6.94E-02
-19438.25876	6.96E-02
-19426.60513	7.01E-02
-19414.9515	7.03E-02
-19403.29786	7.04E-02
-19391.64423	7.08E-02
-19379.9906	7.10E-02
-19368.33697	7.15E-02
-19356.68333	7.19E-02
-19345.0297	7.23E-02
-19333.37607	7.23E-02
-19321.72244	7.25E-02
-19310.06881	7.26E-02
-19298.41517	7.44E-02
-19286.76154	7.48E-02
-19275.10791	7.65E-02
-19263.45428	7.70E-02
-19251.80064	7.70E-02
-19240.14701	7.73E-02
-19228.49338	7.78E-02
-19216.83975	7.80E-02
-19205.18611	7.83E-02
-19193.53248	7.88E-02
-19181.87885	7.90E-02
-19170.22522	7.91E-02
-19158.57158	7.92E-02
-19146.91795	7.95E-02
-19135.26432	7.98E-02
-19123.61069	8.03E-02
-19111.95706	8.12E-02
-19100.30342	8.12E-02
-19088.64979	8.16E-02
-19076.99616	8.18E-02
-19065.34253	8.20E-02
-19053.68889	8.23E-02
-19042.03526	8.27E-02
-19030.38163	8.40E-02
-19018.728	8.47E-02
-19007.07436	8.48E-02
-18995.42073	8.49E-02
-18983.7671	8.60E-02
-18972.11347	8.64E-02
-18960.45984	8.67E-02
-18948.8062	8.79E-02
-18937.15257	8.83E-02
-18925.49894	8.86E-02
-18913.84531	8.88E-02
-18902.19167	8.89E-02
-18890.53804	8.89E-02
-18878.88441	8.99E-02
-18867.23078	9.00E-02
-18855.57714	9.01E-02
-18843.92351	9.03E-02
-18832.26988	9.07E-02
-18820.61625	9.09E-02
-18808.96261	9.10E-02
-18797.30898	9.11E-02
-18785.65535	9.14E-02
-18774.00172	9.15E-02
-18762.34809	9.20E-02
-18750.69445	9.26E-02
-18739.04082	9.33E-02
-18727.38719	9.41E-02
-18715.73356	9.43E-02
-18704.07992	9.44E-02
-18692.42629	9.49E-02
-18680.77266	9.50E-02
-18669.11903	9.52E-02
-18657.46539	9.53E-02
-18645.81176	9.54E-02
-18634.15813	9.54E-02
-18622.5045	9.57E-02
-18610.85086	9.61E-02
-18599.19723	9.62E-02
-18587.5436	9.70E-02
-18575.88997	9.73E-02
-18564.23634	9.75E-02
-18552.5827	9.81E-02
-18540.92907	9.94E-02
-18529.27544	1.00E-01
-18517.62181	1.01E-01
-18505.96817	1.01E-01
-18494.31454	1.01E-01
-18482.66091	1.02E-01
-18471.00728	1.02E-01
-18459.35364	1.02E-01
-18447.70001	1.03E-01
-18436.04638	1.03E-01
-18424.39275	1.03E-01
-18412.73911	1.03E-01
-18401.08548	1.03E-01
-18389.43185	1.04E-01
-18377.77822	1.04E-01
-18366.12459	1.04E-01
-18354.47095	1.05E-01
-18342.81732	1.05E-01
-18331.16369	1.05E-01
-18319.51006	1.05E-01
-18307.85642	1.05E-01
-18296.20279	1.06E-01
-18284.54916	1.06E-01
-18272.89553	1.06E-01
-18261.24189	1.06E-01
-18249.58826	1.06E-01
-18237.93463	1.06E-01
-18226.281	1.07E-01
-18214.62736	1.07E-01
-18202.97373	1.07E-01
-18191.3201	1.08E-01
-18179.66647	1.08E-01
-18168.01284	1.09E-01
-18156.3592	1.09E-01
-18144.70557	1.09E-01
-18133.05194	1.11E-01
-18121.39831	1.11E-01
-18109.74467	1.11E-01
-18098.09104	1.11E-01
-18086.43741	1.11E-01
-18074.78378	1.11E-01
-18063.13014	1.12E-01
-18051.47651	1.12E-01
-18039.82288	1.12E-01
-18028.16925	1.12E-01
-18016.51561	1.13E-01
-18004.86198	1.13E-01
-17993.20835	1.14E-01
-17981.55472	1.14E-01
-17969.90109	1.14E-01
-17958.24745	1.14E-01
-17946.59382	1.15E-01
-17934.94019	1.15E-01
-17923.28656	1.15E-01
-17911.63292	1.16E-01
-17899.97929	1.16E-01
-17888.32566	1.17E-01
-17876.67203	1.17E-01
-17865.01839	1.17E-01
-17853.36476	1.17E-01
-17841.71113	1.17E-01
-17830.0575	1.18E-01
-17818.40386	1.18E-01
-17806.75023	1.18E-01
-17795.0966	1.18E-01
-17783.44297	1.18E-01
-17771.78934	1.18E-01
-17760.1357	1.19E-01
-17748.48207	1.19E-01
-17736.82844	1.19E-01
-17725.17481	1.20E-01
-17713.52117	1.20E-01
-17701.86754	1.20E-01
-17690.21391	1.20E-01
-17678.56028	1.20E-01
-17666.90664	1.20E-01
-17655.25301	1.21E-01
-17643.59938	1.21E-01
-17631.94575	1.21E-01
-17620.29211	1.22E-01
-17608.63848	1.23E-01
-17596.98485	1.23E-01
-17585.33122	1.23E-01
-17573.67759	1.23E-01
-17562.02395	1.23E-01
-17550.37032	1.24E-01
-17538.71669	1.24E-01
-17527.06306	1.25E-01
-17515.40942	1.25E-01
-17503.75579	1.25E-01
-17492.10216	1.25E-01
-17480.44853	1.25E-01
-17468.79489	1.26E-01
-17457.14126	1.27E-01
-17445.48763	1.27E-01
-17433.834	1.27E-01
-17422.18036	1.27E-01
-17410.52673	1.28E-01
-17398.8731	1.28E-01
-17387.21947	1.28E-01
-17375.56584	1.29E-01
-17363.9122	1.30E-01
-17352.25857	1.30E-01
-17340.60494	1.30E-01
-17328.95131	1.30E-01
-17317.29767	1.30E-01
-17305.64404	1.30E-01
-17293.99041	1.31E-01
-17282.33678	1.31E-01
-17270.68314	1.31E-01
-17259.02951	1.31E-01
-17247.37588	1.31E-01
-17235.72225	1.31E-01
-17224.06861	1.31E-01
-17212.41498	1.32E-01
-17200.76135	1.32E-01
-17189.10772	1.32E-01
-17177.45409	1.32E-01
-17165.80045	1.32E-01
-17154.14682	1.32E-01
-17142.49319	1.32E-01
-17130.83956	1.33E-01
-17119.18592	1.33E-01
-17107.53229	1.33E-01
-17095.87866	1.33E-01
-17084.22503	1.33E-01
-17072.57139	1.33E-01
-17060.91776	1.34E-01
-17049.26413	1.34E-01
-17037.6105	1.35E-01
-17025.95686	1.35E-01
-17014.30323	1.35E-01
-17002.6496	1.35E-01
-16990.99597	1.36E-01
-16979.34234	1.36E-01
-16967.6887	1.36E-01
-16956.03507	1.36E-01
-16944.38144	1.37E-01
-16932.72781	1.37E-01
-16921.07417	1.37E-01
-16909.42054	1.37E-01
-16897.76691	1.37E-01
-16886.11328	1.37E-01
-16874.45964	1.38E-01
-16862.80601	1.38E-01
-16851.15238	1.38E-01
-16839.49875	1.38E-01
-16827.84511	1.38E-01
-16816.19148	1.39E-01
-16804.53785	1.39E-01
-16792.88422	1.39E-01
-16781.23059	1.39E-01
-16769.57695	1.39E-01
-16757.92332	1.40E-01
-16746.26969	1.40E-01
-16734.61606	1.40E-01
-16722.96242	1.40E-01
-16711.30879	1.40E-01
-16699.65516	1.41E-01
-16688.00153	1.41E-01
-16676.34789	1.41E-01
-16664.69426	1.41E-01
-16653.04063	1.42E-01
-16641.387	1.42E-01
-16629.73336	1.42E-01
-16618.07973	1.42E-01
-16606.4261	1.43E-01
-16594.77247	1.43E-01
-16583.11884	1.43E-01
-16571.4652	1.43E-01
-16559.81157	1.43E-01
-16548.15794	1.43E-01
-16536.50431	1.43E-01
-16524.85067	1.44E-01
-16513.19704	1.44E-01
-16501.54341	1.44E-01
-16489.88978	1.45E-01
-16478.23614	1.45E-01
-16466.58251	1.45E-01
-16454.92888	1.46E-01
-16443.27525	1.46E-01
-16431.62161	1.46E-01
-16419.96798	1.46E-01
-16408.31435	1.47E-01
-16396.66072	1.47E-01
-16385.00709	1.47E-01
-16373.35345	1.48E-01
-16361.69982	1.48E-01
-16350.04619	1.48E-01
-16338.39256	1.48E-01
-16326.73892	1.48E-01
-16315.08529	1.49E-01
-16303.43166	1.49E-01
-16291.77803	1.49E-01
-16280.12439	1.49E-01
-16268.47076	1.50E-01
-16256.81713	1.50E-01
-16245.1635	1.50E-01
-16233.50986	1.51E-01
-16221.85623	1.51E-01
-16210.2026	1.51E-01
-16198.54897	1.52E-01
-16186.89534	1.52E-01
-16175.2417	1.52E-01
-16163.58807	1.52E-01
-16151.93444	1.52E-01
-16140.28081	1.53E-01
-16128.62717	1.53E-01
-16116.97354	1.53E-01
-16105.31991	1.53E-01
-16093.66628	1.54E-01
-16082.01264	1.54E-01
-16070.35901	1.54E-01
-16058.70538	1.54E-01
-16047.05175	1.54E-01
-16035.39811	1.55E-01
-16023.74448	1.55E-01
-16012.09085	1.55E-01
-16000.43722	1.55E-01
-15988.78359	1.56E-01
-15977.12995	1.56E-01
-15965.47632	1.56E-01
-15953.82269	1.57E-01
-15942.16906	1.57E-01
-15930.51542	1.57E-01
-15918.86179	1.57E-01
-15907.20816	1.58E-01
-15895.55453	1.58E-01
-15883.90089	1.58E-01
-15872.24726	1.59E-01
-15860.59363	1.59E-01
-15848.94	1.59E-01
-15837.28637	1.59E-01
-15825.63273	1.60E-01
-15813.9791	1.60E-01
-15802.32547	1.60E-01
-15790.67184	1.61E-01
-15779.0182	1.61E-01
-15767.36457	1.61E-01
-15755.71094	1.61E-01
-15744.05731	1.62E-01
-15732.40367	1.62E-01
-15720.75004	1.62E-01
-15709.09641	1.62E-01
-15697.44278	1.62E-01
-15685.78914	1.62E-01
-15674.13551	1.62E-01
-15662.48188	1.63E-01
-15650.82825	1.63E-01
-15639.17462	1.63E-01
-15627.52098	1.64E-01
-15615.86735	1.64E-01
-15604.21372	1.64E-01
-15592.56009	1.64E-01
-15580.90645	1.64E-01
-15569.25282	1.65E-01
-15557.59919	1.65E-01
-15545.94556	1.65E-01
-15534.29192	1.65E-01
-15522.63829	1.65E-01
-15510.98466	1.65E-01
-15499.33103	1.65E-01
-15487.67739	1.66E-01
-15476.02376	1.66E-01
-15464.37013	1.66E-01
-15452.7165	1.66E-01
-15441.06287	1.67E-01
-15429.40923	1.67E-01
-15417.7556	1.67E-01
-15406.10197	1.67E-01
-15394.44834	1.68E-01
-15382.7947	1.68E-01
-15371.14107	1.69E-01
-15359.48744	1.69E-01
-15347.83381	1.69E-01
-15336.18017	1.69E-01
-15324.52654	1.69E-01
-15312.87291	1.70E-01
-15301.21928	1.70E-01
-15289.56564	1.70E-01
-15277.91201	1.71E-01
-15266.25838	1.71E-01
-15254.60475	1.72E-01
-15242.95112	1.72E-01
-15231.29748	1.72E-01
-15219.64385	1.72E-01
-15207.99022	1.72E-01
-15196.33659	1.73E-01
-15184.68295	1.73E-01
-15173.02932	1.73E-01
-15161.37569	1.73E-01
-15149.72206	1.74E-01
-15138.06842	1.74E-01
-15126.41479	1.74E-01
-15114.76116	1.74E-01
-15103.10753	1.74E-01
-15091.45389	1.74E-01
-15079.80026	1.74E-01
-15068.14663	1.74E-01
-15056.493	1.75E-01
-15044.83937	1.75E-01
-15033.18573	1.75E-01
-15021.5321	1.75E-01
-15009.87847	1.75E-01
-14998.22484	1.76E-01
-14986.5712	1.76E-01
-14974.91757	1.77E-01
-14963.26394	1.77E-01
-14951.61031	1.77E-01
-14939.95667	1.77E-01
-14928.30304	1.78E-01
-14916.64941	1.78E-01
-14904.99578	1.78E-01
-14893.34214	1.78E-01
-14881.68851	1.79E-01
-14870.03488	1.79E-01
-14858.38125	1.80E-01
-14846.72762	1.80E-01
-14835.07398	1.80E-01
-14823.42035	1.80E-01
-14811.76672	1.80E-01
-14800.11309	1.80E-01
-14788.45945	1.81E-01
-14776.80582	1.81E-01
-14765.15219	1.81E-01
-14753.49856	1.81E-01
-14741.84492	1.81E-01
-14730.19129	1.82E-01
-14718.53766	1.82E-01
-14706.88403	1.82E-01
-14695.23039	1.82E-01
-14683.57676	1.82E-01
-14671.92313	1.82E-01
-14660.2695	1.83E-01
-14648.61587	1.83E-01
-14636.96223	1.83E-01
-14625.3086	1.83E-01
-14613.65497	1.83E-01
-14602.00134	1.84E-01
-14590.3477	1.84E-01
-14578.69407	1.84E-01
-14567.04044	1.84E-01
-14555.38681	1.84E-01
-14543.73317	1.84E-01
-14532.07954	1.85E-01
-14520.42591	1.85E-01
-14508.77228	1.85E-01
-14497.11864	1.85E-01
-14485.46501	1.85E-01
-14473.81138	1.86E-01
-14462.15775	1.86E-01
-14450.50412	1.86E-01
-14438.85048	1.86E-01
-14427.19685	1.87E-01
-14415.54322	1.87E-01
-14403.88959	1.87E-01
-14392.23595	1.87E-01
-14380.58232	1.88E-01
-14368.92869	1.88E-01
-14357.27506	1.88E-01
-14345.62142	1.88E-01
-14333.96779	1.88E-01
-14322.31416	1.89E-01
-14310.66053	1.89E-01
-14299.00689	1.89E-01
-14287.35326	1.89E-01
-14275.69963	1.89E-01
-14264.046	1.89E-01
-14252.39237	1.89E-01
-14240.73873	1.90E-01
-14229.0851	1.90E-01
-14217.43147	1.90E-01
-14205.77784	1.90E-01
-14194.1242	1.90E-01
-14182.47057	1.91E-01
-14170.81694	1.91E-01
-14159.16331	1.91E-01
-14147.50967	1.91E-01
-14135.85604	1.92E-01
-14124.20241	1.92E-01
-14112.54878	1.92E-01
-14100.89514	1.92E-01
-14089.24151	1.92E-01
-14077.58788	1.92E-01
-14065.93425	1.92E-01
-14054.28062	1.92E-01
-14042.62698	1.92E-01
-14030.97335	1.93E-01
-14019.31972	1.93E-01
-14007.66609	1.93E-01
-13996.01245	1.93E-01
-13984.35882	1.93E-01
-13972.70519	1.93E-01
-13961.05156	1.93E-01
-13949.39792	1.93E-01
-13937.74429	1.94E-01
-13926.09066	1.94E-01
-13914.43703	1.94E-01
-13902.78339	1.94E-01
-13891.12976	1.94E-01
-13879.47613	1.95E-01
-13867.8225	1.95E-01
-13856.16887	1.95E-01
-13844.51523	1.95E-01
-13832.8616	1.95E-01
-13821.20797	1.95E-01
-13809.55434	1.95E-01
-13797.9007	1.95E-01
-13786.24707	1.95E-01
-13774.59344	1.96E-01
-13762.93981	1.96E-01
-13751.28617	1.96E-01
-13739.63254	1.96E-01
-13727.97891	1.96E-01
-13716.32528	1.96E-01
-13704.67164	1.97E-01
-13693.01801	1.97E-01
-13681.36438	1.97E-01
-13669.71075	1.97E-01
-13658.05712	1.97E-01
-13646.40348	1.97E-01
-13634.74985	1.97E-01
-13623.09622	1.97E-01
-13611.44259	1.98E-01
-13599.78895	1.98E-01
-13588.13532	1.98E-01
-13576.48169	1.98E-01
-13564.82806	1.98E-01
-13553.17442	1.98E-01
-13541.52079	1.98E-01
-13529.86716	1.99E-01
-13518.21353	1.99E-01
-13506.55989	1.99E-01
-13494.90626	1.99E-01
-13483.25263	1.99E-01
-13471.599	2.00E-01
-13459.94537	2.00E-01
-13448.29173	2.00E-01
-13436.6381	2.00E-01
-13424.98447	2.00E-01
-13413.33084	2.01E-01
-13401.6772	2.01E-01
-13390.02357	2.01E-01
-13378.36994	2.01E-01
-13366.71631	2.01E-01
-13355.06267	2.02E-01
-13343.40904	2.02E-01
-13331.75541	2.02E-01
-13320.10178	2.02E-01
-13308.44814	2.02E-01
-13296.79451	2.02E-01
-13285.14088	2.02E-01
-13273.48725	2.03E-01
-13261.83362	2.03E-01
-13250.17998	2.03E-01
-13238.52635	2.03E-01
-13226.87272	2.03E-01
-13215.21909	2.03E-01
-13203.56545	2.04E-01
-13191.91182	2.04E-01
-13180.25819	2.04E-01
-13168.60456	2.04E-01
-13156.95092	2.05E-01
-13145.29729	2.05E-01
-13133.64366	2.05E-01
-13121.99003	2.05E-01
-13110.33639	2.05E-01
-13098.68276	2.05E-01
-13087.02913	2.05E-01
-13075.3755	2.05E-01
-13063.72187	2.05E-01
-13052.06823	2.06E-01
-13040.4146	2.06E-01
-13028.76097	2.06E-01
-13017.10734	2.06E-01
-13005.4537	2.06E-01
-12993.80007	2.06E-01
-12982.14644	2.07E-01
-12970.49281	2.07E-01
-12958.83917	2.07E-01
-12947.18554	2.07E-01
-12935.53191	2.07E-01
-12923.87828	2.07E-01
-12912.22465	2.08E-01
-12900.57101	2.08E-01
-12888.91738	2.08E-01
-12877.26375	2.08E-01
-12865.61012	2.09E-01
-12853.95648	2.09E-01
-12842.30285	2.09E-01
-12830.64922	2.09E-01
-12818.99559	2.09E-01
-12807.34195	2.09E-01
-12795.68832	2.10E-01
-12784.03469	2.10E-01
-12772.38106	2.10E-01
-12760.72742	2.10E-01
-12749.07379	2.10E-01
-12737.42016	2.10E-01
-12725.76653	2.10E-01
-12714.1129	2.11E-01
-12702.45926	2.11E-01
-12690.80563	2.11E-01
-12679.152	2.11E-01
-12667.49837	2.11E-01
-12655.84473	2.11E-01
-12644.1911	2.11E-01
-12632.53747	2.12E-01
-12620.88384	2.12E-01
-12609.2302	2.12E-01
-12597.57657	2.12E-01
-12585.92294	2.12E-01
-12574.26931	2.12E-01
-12562.61567	2.12E-01
-12550.96204	2.12E-01
-12539.30841	2.13E-01
-12527.65478	2.13E-01
-12516.00115	2.13E-01
-12504.34751	2.13E-01
-12492.69388	2.13E-01
-12481.04025	2.13E-01
-12469.38662	2.14E-01
-12457.73298	2.14E-01
-12446.07935	2.14E-01
-12434.42572	2.14E-01
-12422.77209	2.14E-01
-12411.11845	2.14E-01
-12399.46482	2.14E-01
-12387.81119	2.15E-01
-12376.15756	2.15E-01
-12364.50392	2.15E-01
-12352.85029	2.15E-01
-12341.19666	2.15E-01
-12329.54303	2.15E-01
-12317.8894	2.15E-01
-12306.23576	2.15E-01
-12294.58213	2.16E-01
-12282.9285	2.16E-01
-12271.27487	2.16E-01
-12259.62123	2.16E-01
-12247.9676	2.16E-01
-12236.31397	2.16E-01
-12224.66034	2.16E-01
-12213.0067	2.17E-01
-12201.35307	2.17E-01
-12189.69944	2.17E-01
-12178.04581	2.17E-01
-12166.39217	2.17E-01
-12154.73854	2.18E-01
-12143.08491	2.19E-01
-12131.43128	2.19E-01
-12119.77765	2.19E-01
-12108.12401	2.19E-01
-12096.47038	2.19E-01
-12084.81675	2.19E-01
-12073.16312	2.19E-01
-12061.50948	2.20E-01
-12049.85585	2.20E-01
-12038.20222	2.20E-01
-12026.54859	2.20E-01
-12014.89495	2.20E-01
-12003.24132	2.21E-01
-11991.58769	2.21E-01
-11979.93406	2.21E-01
-11968.28042	2.21E-01
-11956.62679	2.22E-01
-11944.97316	2.22E-01
-11933.31953	2.22E-01
-11921.6659	2.23E-01
-11910.01226	2.23E-01
-11898.35863	2.23E-01
-11886.705	2.23E-01
-11875.05137	2.23E-01
-11863.39773	2.23E-01
-11851.7441	2.24E-01
-11840.09047	2.24E-01
-11828.43684	2.24E-01
-11816.7832	2.24E-01
-11805.12957	2.24E-01
-11793.47594	2.24E-01
-11781.82231	2.25E-01
-11770.16867	2.25E-01
-11758.51504	2.25E-01
-11746.86141	2.25E-01
-11735.20778	2.25E-01
-11723.55415	2.25E-01
-11711.90051	2.25E-01
-11700.24688	2.26E-01
-11688.59325	2.26E-01
-11676.93962	2.26E-01
-11665.28598	2.26E-01
-11653.63235	2.26E-01
-11641.97872	2.26E-01
-11630.32509	2.26E-01
-11618.67145	2.27E-01
-11607.01782	2.27E-01
-11595.36419	2.27E-01
-11583.71056	2.28E-01
-11572.05692	2.28E-01
-11560.40329	2.28E-01
-11548.74966	2.28E-01
-11537.09603	2.28E-01
-11525.4424	2.29E-01
-11513.78876	2.29E-01
-11502.13513	2.29E-01
-11490.4815	2.29E-01
-11478.82787	2.30E-01
-11467.17423	2.30E-01
-11455.5206	2.30E-01
-11443.86697	2.30E-01
-11432.21334	2.30E-01
-11420.5597	2.30E-01
-11408.90607	2.30E-01
-11397.25244	2.30E-01
-11385.59881	2.30E-01
-11373.94517	2.31E-01
-11362.29154	2.31E-01
-11350.63791	2.31E-01
-11338.98428	2.31E-01
-11327.33065	2.31E-01
-11315.67701	2.31E-01
-11304.02338	2.31E-01
-11292.36975	2.32E-01
-11280.71612	2.32E-01
-11269.06248	2.32E-01
-11257.40885	2.32E-01
-11245.75522	2.32E-01
-11234.10159	2.33E-01
-11222.44795	2.33E-01
-11210.79432	2.33E-01
-11199.14069	2.33E-01
-11187.48706	2.33E-01
-11175.83342	2.33E-01
-11164.17979	2.33E-01
-11152.52616	2.34E-01
-11140.87253	2.34E-01
-11129.2189	2.34E-01
-11117.56526	2.34E-01
-11105.91163	2.34E-01
-11094.258	2.34E-01
-11082.60437	2.34E-01
-11070.95073	2.35E-01
-11059.2971	2.35E-01
-11047.64347	2.35E-01
-11035.98984	2.35E-01
-11024.3362	2.36E-01
-11012.68257	2.36E-01
-11001.02894	2.36E-01
-10989.37531	2.36E-01
-10977.72167	2.36E-01
-10966.06804	2.36E-01
-10954.41441	2.36E-01
-10942.76078	2.36E-01
-10931.10715	2.37E-01
-10919.45351	2.37E-01
-10907.79988	2.37E-01
-10896.14625	2.37E-01
-10884.49262	2.38E-01
-10872.83898	2.38E-01
-10861.18535	2.38E-01
-10849.53172	2.38E-01
-10837.87809	2.38E-01
-10826.22445	2.38E-01
-10814.57082	2.38E-01
-10802.91719	2.38E-01
-10791.26356	2.38E-01
-10779.60992	2.38E-01
-10767.95629	2.38E-01
-10756.30266	2.39E-01
-10744.64903	2.39E-01
-10732.9954	2.39E-01
-10721.34176	2.39E-01
-10709.68813	2.39E-01
-10698.0345	2.39E-01
-10686.38087	2.39E-01
-10674.72723	2.39E-01
-10663.0736	2.40E-01
-10651.41997	2.40E-01
-10639.76634	2.40E-01
-10628.1127	2.40E-01
-10616.45907	2.40E-01
-10604.80544	2.40E-01
-10593.15181	2.40E-01
-10581.49817	2.41E-01
-10569.84454	2.41E-01
-10558.19091	2.41E-01
-10546.53728	2.41E-01
-10534.88365	2.41E-01
-10523.23001	2.41E-01
-10511.57638	2.41E-01
-10499.92275	2.42E-01
-10488.26912	2.42E-01
-10476.61548	2.42E-01
-10464.96185	2.42E-01
-10453.30822	2.42E-01
-10441.65459	2.43E-01
-10430.00095	2.43E-01
-10418.34732	2.43E-01
-10406.69369	2.43E-01
-10395.04006	2.43E-01
-10383.38642	2.43E-01
-10371.73279	2.43E-01
-10360.07916	2.43E-01
-10348.42553	2.44E-01
-10336.7719	2.44E-01
-10325.11826	2.44E-01
-10313.46463	2.44E-01
-10301.811	2.45E-01
-10290.15737	2.45E-01
-10278.50373	2.45E-01
-10266.8501	2.45E-01
-10255.19647	2.45E-01
-10243.54284	2.45E-01
-10231.8892	2.45E-01
-10220.23557	2.46E-01
-10208.58194	2.46E-01
-10196.92831	2.47E-01
-10185.27467	2.47E-01
-10173.62104	2.47E-01
-10161.96741	2.47E-01
-10150.31378	2.48E-01
-10138.66015	2.48E-01
-10127.00651	2.48E-01
-10115.35288	2.48E-01
-10103.69925	2.48E-01
-10092.04562	2.49E-01
-10080.39198	2.49E-01
-10068.73835	2.49E-01
-10057.08472	2.49E-01
-10045.43109	2.49E-01
-10033.77745	2.49E-01
-10022.12382	2.49E-01
-10010.47019	2.49E-01
-9998.816557	2.49E-01
-9987.162925	2.50E-01
-9975.509292	2.50E-01
-9963.85566	2.50E-01
-9952.202027	2.50E-01
-9940.548395	2.50E-01
-9928.894763	2.50E-01
-9917.24113	2.50E-01
-9905.587498	2.50E-01
-9893.933866	2.50E-01
-9882.280233	2.50E-01
-9870.626601	2.50E-01
-9858.972969	2.51E-01
-9847.319336	2.51E-01
-9835.665704	2.51E-01
-9824.012072	2.51E-01
-9812.358439	2.51E-01
-9800.704807	2.51E-01
-9789.051175	2.51E-01
-9777.397542	2.51E-01
-9765.74391	2.51E-01
-9754.090277	2.51E-01
-9742.436645	2.52E-01
-9730.783013	2.52E-01
-9719.12938	2.52E-01
-9707.475748	2.52E-01
-9695.822116	2.52E-01
-9684.168483	2.53E-01
-9672.514851	2.53E-01
-9660.861219	2.53E-01
-9649.207586	2.53E-01
-9637.553954	2.53E-01
-9625.900322	2.53E-01
-9614.246689	2.53E-01
-9602.593057	2.53E-01
-9590.939425	2.53E-01
-9579.285792	2.54E-01
-9567.63216	2.54E-01
-9555.978528	2.54E-01
-9544.324895	2.54E-01
-9532.671263	2.54E-01
-9521.01763	2.54E-01
-9509.363998	2.54E-01
-9497.710366	2.54E-01
-9486.056733	2.54E-01
-9474.403101	2.54E-01
-9462.749469	2.54E-01
-9451.095836	2.54E-01
-9439.442204	2.54E-01
-9427.788572	2.54E-01
-9416.134939	2.55E-01
-9404.481307	2.55E-01
-9392.827675	2.55E-01
-9381.174042	2.55E-01
-9369.52041	2.55E-01
-9357.866778	2.55E-01
-9346.213145	2.55E-01
-9334.559513	2.55E-01
-9322.905881	2.56E-01
-9311.252248	2.56E-01
-9299.598616	2.56E-01
-9287.944983	2.56E-01
-9276.291351	2.56E-01
-9264.637719	2.56E-01
-9252.984086	2.56E-01
-9241.330454	2.56E-01
-9229.676822	2.56E-01
-9218.023189	2.57E-01
-9206.369557	2.57E-01
-9194.715925	2.57E-01
-9183.062292	2.57E-01
-9171.40866	2.57E-01
-9159.755028	2.57E-01
-9148.101395	2.57E-01
-9136.447763	2.57E-01
-9124.794131	2.58E-01
-9113.140498	2.58E-01
-9101.486866	2.58E-01
-9089.833234	2.58E-01
-9078.179601	2.58E-01
-9066.525969	2.58E-01
-9054.872336	2.58E-01
-9043.218704	2.58E-01
-9031.565072	2.58E-01
-9019.911439	2.58E-01
-9008.257807	2.58E-01
-8996.604175	2.59E-01
-8984.950542	2.59E-01
-8973.29691	2.59E-01
-8961.643278	2.59E-01
-8949.989645	2.59E-01
-8938.336013	2.59E-01
-8926.682381	2.60E-01
-8915.028748	2.60E-01
-8903.375116	2.60E-01
-8891.721484	2.60E-01
-8880.067851	2.60E-01
-8868.414219	2.60E-01
-8856.760586	2.60E-01
-8845.106954	2.60E-01
-8833.453322	2.60E-01
-8821.799689	2.60E-01
-8810.146057	2.60E-01
-8798.492425	2.60E-01
-8786.838792	2.60E-01
-8775.18516	2.61E-01
-8763.531528	2.61E-01
-8751.877895	2.61E-01
-8740.224263	2.61E-01
-8728.570631	2.61E-01
-8716.916998	2.61E-01
-8705.263366	2.61E-01
-8693.609734	2.61E-01
-8681.956101	2.62E-01
-8670.302469	2.62E-01
-8658.648837	2.62E-01
-8646.995204	2.62E-01
-8635.341572	2.62E-01
-8623.687939	2.62E-01
-8612.034307	2.62E-01
-8600.380675	2.62E-01
-8588.727042	2.62E-01
-8577.07341	2.63E-01
-8565.419778	2.63E-01
-8553.766145	2.63E-01
-8542.112513	2.63E-01
-8530.458881	2.63E-01
-8518.805248	2.63E-01
-8507.151616	2.63E-01
-8495.497984	2.63E-01
-8483.844351	2.64E-01
-8472.190719	2.64E-01
-8460.537087	2.64E-01
-8448.883454	2.64E-01
-8437.229822	2.64E-01
-8425.57619	2.64E-01
-8413.922557	2.64E-01
-8402.268925	2.64E-01
-8390.615292	2.64E-01
-8378.96166	2.64E-01
-8367.308028	2.64E-01
-8355.654395	2.64E-01
-8344.000763	2.65E-01
-8332.347131	2.65E-01
-8320.693498	2.65E-01
-8309.039866	2.65E-01
-8297.386234	2.65E-01
-8285.732601	2.65E-01
-8274.078969	2.65E-01
-8262.425337	2.66E-01
-8250.771704	2.66E-01
-8239.118072	2.66E-01
-8227.46444	2.66E-01
-8215.810807	2.66E-01
-8204.157175	2.66E-01
-8192.503543	2.66E-01
-8180.84991	2.66E-01
-8169.196278	2.66E-01
-8157.542645	2.66E-01
-8145.889013	2.66E-01
-8134.235381	2.67E-01
-8122.581748	2.67E-01
-8110.928116	2.67E-01
-8099.274484	2.67E-01
-8087.620851	2.67E-01
-8075.967219	2.67E-01
-8064.313587	2.67E-01
-8052.659954	2.67E-01
-8041.006322	2.67E-01
-8029.35269	2.68E-01
-8017.699057	2.68E-01
-8006.045425	2.68E-01
-7994.391793	2.68E-01
-7982.73816	2.68E-01
-7971.084528	2.68E-01
-7959.430895	2.68E-01
-7947.777263	2.68E-01
-7936.123631	2.68E-01
-7924.469998	2.68E-01
-7912.816366	2.68E-01
-7901.162734	2.69E-01
-7889.509101	2.69E-01
-7877.855469	2.69E-01
-7866.201837	2.69E-01
-7854.548204	2.69E-01
-7842.894572	2.69E-01
-7831.24094	2.69E-01
-7819.587307	2.69E-01
-7807.933675	2.69E-01
-7796.280043	2.69E-01
-7784.62641	2.69E-01
-7772.972778	2.69E-01
-7761.319146	2.69E-01
-7749.665513	2.69E-01
-7738.011881	2.69E-01
-7726.358248	2.70E-01
-7714.704616	2.70E-01
-7703.050984	2.70E-01
-7691.397351	2.70E-01
-7679.743719	2.70E-01
-7668.090087	2.70E-01
-7656.436454	2.70E-01
-7644.782822	2.70E-01
-7633.12919	2.70E-01
-7621.475557	2.71E-01
-7609.821925	2.71E-01
-7598.168293	2.71E-01
-7586.51466	2.71E-01
-7574.861028	2.71E-01
-7563.207396	2.71E-01
-7551.553763	2.71E-01
-7539.900131	2.71E-01
-7528.246499	2.71E-01
-7516.592866	2.71E-01
-7504.939234	2.71E-01
-7493.285601	2.71E-01
-7481.631969	2.71E-01
-7469.978337	2.71E-01
-7458.324704	2.71E-01
-7446.671072	2.71E-01
-7435.01744	2.72E-01
-7423.363807	2.72E-01
-7411.710175	2.72E-01
-7400.056543	2.72E-01
-7388.40291	2.72E-01
-7376.749278	2.72E-01
-7365.095646	2.72E-01
-7353.442013	2.72E-01
-7341.788381	2.72E-01
-7330.134749	2.72E-01
-7318.481116	2.72E-01
-7306.827484	2.72E-01
-7295.173852	2.72E-01
-7283.520219	2.72E-01
-7271.866587	2.73E-01
-7260.212954	2.73E-01
-7248.559322	2.73E-01
-7236.90569	2.73E-01
-7225.252057	2.73E-01
-7213.598425	2.73E-01
-7201.944793	2.73E-01
-7190.29116	2.73E-01
-7178.637528	2.73E-01
-7166.983896	2.73E-01
-7155.330263	2.73E-01
-7143.676631	2.73E-01
-7132.022999	2.73E-01
-7120.369366	2.73E-01
-7108.715734	2.73E-01
-7097.062102	2.73E-01
-7085.408469	2.74E-01
-7073.754837	2.74E-01
-7062.101204	2.74E-01
-7050.447572	2.74E-01
-7038.79394	2.74E-01
-7027.140307	2.74E-01
-7015.486675	2.74E-01
-7003.833043	2.74E-01
-6992.17941	2.74E-01
-6980.525778	2.75E-01
-6968.872146	2.75E-01
-6957.218513	2.75E-01
-6945.564881	2.75E-01
-6933.911249	2.75E-01
-6922.257616	2.75E-01
-6910.603984	2.75E-01
-6898.950352	2.75E-01
-6887.296719	2.75E-01
-6875.643087	2.75E-01
-6863.989455	2.75E-01
-6852.335822	2.75E-01
-6840.68219	2.75E-01
-6829.028557	2.76E-01
-6817.374925	2.76E-01
-6805.721293	2.76E-01
-6794.06766	2.76E-01
-6782.414028	2.76E-01
-6770.760396	2.76E-01
-6759.106763	2.76E-01
-6747.453131	2.76E-01
-6735.799499	2.76E-01
-6724.145866	2.76E-01
-6712.492234	2.76E-01
-6700.838602	2.76E-01
-6689.184969	2.76E-01
-6677.531337	2.76E-01
-6665.877705	2.77E-01
-6654.224072	2.77E-01
-6642.57044	2.77E-01
-6630.916808	2.77E-01
-6619.263175	2.77E-01
-6607.609543	2.77E-01
-6595.95591	2.77E-01
-6584.302278	2.77E-01
-6572.648646	2.77E-01
-6560.995013	2.77E-01
-6549.341381	2.77E-01
-6537.687749	2.77E-01
-6526.034116	2.77E-01
-6514.380484	2.78E-01
-6502.726852	2.78E-01
-6491.073219	2.78E-01
-6479.419587	2.78E-01
-6467.765955	2.78E-01
-6456.112322	2.78E-01
-6444.45869	2.78E-01
-6432.805058	2.78E-01
-6421.151425	2.78E-01
-6409.497793	2.78E-01
-6397.844161	2.78E-01
-6386.190528	2.78E-01
-6374.536896	2.78E-01
-6362.883263	2.78E-01
-6351.229631	2.78E-01
-6339.575999	2.78E-01
-6327.922366	2.78E-01
-6316.268734	2.79E-01
-6304.615102	2.79E-01
-6292.961469	2.79E-01
-6281.307837	2.79E-01
-6269.654205	2.79E-01
-6258.000572	2.79E-01
-6246.34694	2.79E-01
-6234.693308	2.79E-01
-6223.039675	2.79E-01
-6211.386043	2.79E-01
-6199.732411	2.79E-01
-6188.078778	2.79E-01
-6176.425146	2.79E-01
-6164.771513	2.79E-01
-6153.117881	2.79E-01
-6141.464249	2.80E-01
-6129.810616	2.80E-01
-6118.156984	2.80E-01
-6106.503352	2.80E-01
-6094.849719	2.80E-01
-6083.196087	2.80E-01
-6071.542455	2.80E-01
-6059.888822	2.80E-01
-6048.23519	2.80E-01
-6036.581558	2.80E-01
-6024.927925	2.80E-01
-6013.274293	2.80E-01
-6001.620661	2.80E-01
-5989.967028	2.80E-01
-5978.313396	2.80E-01
-5966.659764	2.80E-01
-5955.006131	2.80E-01
-5943.352499	2.80E-01
-5931.698866	2.80E-01
-5920.045234	2.81E-01
-5908.391602	2.81E-01
-5896.737969	2.81E-01
-5885.084337	2.81E-01
-5873.430705	2.81E-01
-5861.777072	2.81E-01
-5850.12344	2.81E-01
-5838.469808	2.81E-01
-5826.816175	2.81E-01
-5815.162543	2.81E-01
-5803.508911	2.81E-01
-5791.855278	2.81E-01
-5780.201646	2.81E-01
-5768.548014	2.81E-01
-5756.894381	2.81E-01
-5745.240749	2.82E-01
-5733.587117	2.82E-01
-5721.933484	2.82E-01
-5710.279852	2.82E-01
-5698.626219	2.82E-01
-5686.972587	2.82E-01
-5675.318955	2.82E-01
-5663.665322	2.82E-01
-5652.01169	2.82E-01
-5640.358058	2.82E-01
-5628.704425	2.82E-01
-5617.050793	2.82E-01
-5605.397161	2.82E-01
-5593.743528	2.82E-01
-5582.089896	2.82E-01
-5570.436264	2.82E-01
-5558.782631	2.83E-01
-5547.128999	2.83E-01
-5535.475367	2.83E-01
-5523.821734	2.83E-01
-5512.168102	2.83E-01
-5500.51447	2.83E-01
-5488.860837	2.83E-01
-5477.207205	2.83E-01
-5465.553572	2.83E-01
-5453.89994	2.83E-01
-5442.246308	2.83E-01
-5430.592675	2.83E-01
-5418.939043	2.83E-01
-5407.285411	2.83E-01
-5395.631778	2.83E-01
-5383.978146	2.83E-01
-5372.324514	2.83E-01
-5360.670881	2.83E-01
-5349.017249	2.83E-01
-5337.363617	2.84E-01
-5325.709984	2.84E-01
-5314.056352	2.84E-01
-5302.40272	2.84E-01
-5290.749087	2.84E-01
-5279.095455	2.84E-01
-5267.441822	2.84E-01
-5255.78819	2.84E-01
-5244.134558	2.84E-01
-5232.480925	2.84E-01
-5220.827293	2.84E-01
-5209.173661	2.84E-01
-5197.520028	2.84E-01
-5185.866396	2.84E-01
-5174.212764	2.84E-01
-5162.559131	2.84E-01
-5150.905499	2.84E-01
-5139.251867	2.84E-01
-5127.598234	2.84E-01
-5115.944602	2.85E-01
-5104.29097	2.85E-01
-5092.637337	2.85E-01
-5080.983705	2.85E-01
-5069.330073	2.85E-01
-5057.67644	2.85E-01
-5046.022808	2.85E-01
-5034.369175	2.85E-01
-5022.715543	2.85E-01
-5011.061911	2.85E-01
-4999.408278	2.85E-01
-4987.754646	2.85E-01
-4976.101014	2.85E-01
-4964.447381	2.85E-01
-4952.793749	2.85E-01
-4941.140117	2.85E-01
-4929.486484	2.85E-01
-4917.832852	2.85E-01
-4906.17922	2.85E-01
-4894.525587	2.85E-01
-4882.871955	2.86E-01
-4871.218323	2.86E-01
-4859.56469	2.86E-01
-4847.911058	2.86E-01
-4836.257426	2.86E-01
-4824.603793	2.86E-01
-4812.950161	2.86E-01
-4801.296528	2.86E-01
-4789.642896	2.86E-01
-4777.989264	2.86E-01
-4766.335631	2.86E-01
-4754.681999	2.86E-01
-4743.028367	2.86E-01
-4731.374734	2.86E-01
-4719.721102	2.86E-01
-4708.06747	2.86E-01
-4696.413837	2.86E-01
-4684.760205	2.86E-01
-4673.106573	2.86E-01
-4661.45294	2.86E-01
-4649.799308	2.86E-01
-4638.145676	2.87E-01
-4626.492043	2.87E-01
-4614.838411	2.87E-01
-4603.184779	2.87E-01
-4591.531146	2.87E-01
-4579.877514	2.87E-01
-4568.223881	2.87E-01
-4556.570249	2.87E-01
-4544.916617	2.87E-01
-4533.262984	2.87E-01
-4521.609352	2.87E-01
-4509.95572	2.87E-01
-4498.302087	2.87E-01
-4486.648455	2.87E-01
-4474.994823	2.87E-01
-4463.34119	2.87E-01
-4451.687558	2.87E-01
-4440.033926	2.88E-01
-4428.380293	2.88E-01
-4416.726661	2.88E-01
-4405.073029	2.88E-01
-4393.419396	2.88E-01
-4381.765764	2.88E-01
-4370.112131	2.88E-01
-4358.458499	2.88E-01
-4346.804867	2.88E-01
-4335.151234	2.88E-01
-4323.497602	2.88E-01
-4311.84397	2.88E-01
-4300.190337	2.88E-01
-4288.536705	2.88E-01
-4276.883073	2.88E-01
-4265.22944	2.88E-01
-4253.575808	2.88E-01
-4241.922176	2.88E-01
-4230.268543	2.88E-01
-4218.614911	2.88E-01
-4206.961279	2.88E-01
-4195.307646	2.88E-01
-4183.654014	2.88E-01
-4172.000382	2.88E-01
-4160.346749	2.88E-01
-4148.693117	2.88E-01
-4137.039484	2.88E-01
-4125.385852	2.88E-01
-4113.73222	2.88E-01
-4102.078587	2.88E-01
-4090.424955	2.88E-01
-4078.771323	2.89E-01
-4067.11769	2.89E-01
-4055.464058	2.89E-01
-4043.810426	2.89E-01
-4032.156793	2.89E-01
-4020.503161	2.89E-01
-4008.849529	2.89E-01
-3997.195896	2.89E-01
-3985.542264	2.89E-01
-3973.888632	2.89E-01
-3962.234999	2.89E-01
-3950.581367	2.89E-01
-3938.927735	2.89E-01
-3927.274102	2.89E-01
-3915.62047	2.89E-01
-3903.966837	2.89E-01
-3892.313205	2.89E-01
-3880.659573	2.89E-01
-3869.00594	2.89E-01
-3857.352308	2.89E-01
-3845.698676	2.89E-01
-3834.045043	2.89E-01
-3822.391411	2.89E-01
-3810.737779	2.89E-01
-3799.084146	2.89E-01
-3787.430514	2.89E-01
-3775.776882	2.89E-01
-3764.123249	2.89E-01
-3752.469617	2.90E-01
-3740.815985	2.90E-01
-3729.162352	2.90E-01
-3717.50872	2.90E-01
-3705.855088	2.90E-01
-3694.201455	2.90E-01
-3682.547823	2.90E-01
-3670.89419	2.90E-01
-3659.240558	2.90E-01
-3647.586926	2.90E-01
-3635.933293	2.90E-01
-3624.279661	2.90E-01
-3612.626029	2.90E-01
-3600.972396	2.90E-01
-3589.318764	2.90E-01
-3577.665132	2.90E-01
-3566.011499	2.90E-01
-3554.357867	2.90E-01
-3542.704235	2.90E-01
-3531.050602	2.90E-01
-3519.39697	2.90E-01
-3507.743338	2.91E-01
-3496.089705	2.91E-01
-3484.436073	2.91E-01
-3472.78244	2.91E-01
-3461.128808	2.91E-01
-3449.475176	2.91E-01
-3437.821543	2.91E-01
-3426.167911	2.91E-01
-3414.514279	2.91E-01
-3402.860646	2.91E-01
-3391.207014	2.91E-01
-3379.553382	2.91E-01
-3367.899749	2.91E-01
-3356.246117	2.91E-01
-3344.592485	2.91E-01
-3332.938852	2.91E-01
-3321.28522	2.91E-01
-3309.631588	2.91E-01
-3297.977955	2.91E-01
-3286.324323	2.91E-01
-3274.670691	2.91E-01
-3263.017058	2.91E-01
-3251.363426	2.91E-01
-3239.709793	2.91E-01
-3228.056161	2.91E-01
-3216.402529	2.91E-01
-3204.748896	2.91E-01
-3193.095264	2.91E-01
-3181.441632	2.91E-01
-3169.787999	2.91E-01
-3158.134367	2.91E-01
-3146.480735	2.91E-01
-3134.827102	2.91E-01
-3123.17347	2.91E-01
-3111.519838	2.91E-01
-3099.866205	2.92E-01
-3088.212573	2.92E-01
-3076.558941	2.92E-01
-3064.905308	2.92E-01
-3053.251676	2.92E-01
-3041.598044	2.92E-01
-3029.944411	2.92E-01
-3018.290779	2.92E-01
-3006.637146	2.92E-01
-2994.983514	2.92E-01
-2983.329882	2.92E-01
-2971.676249	2.92E-01
-2960.022617	2.92E-01
-2948.368985	2.92E-01
-2936.715352	2.92E-01
-2925.06172	2.92E-01
-2913.408088	2.92E-01
-2901.754455	2.92E-01
-2890.100823	2.92E-01
-2878.447191	2.92E-01
-2866.793558	2.92E-01
-2855.139926	2.92E-01
-2843.486294	2.92E-01
-2831.832661	2.92E-01
-2820.179029	2.92E-01
-2808.525397	2.92E-01
-2796.871764	2.92E-01
-2785.218132	2.93E-01
-2773.564499	2.93E-01
-2761.910867	2.93E-01
-2750.257235	2.93E-01
-2738.603602	2.93E-01
-2726.94997	2.93E-01
-2715.296338	2.93E-01
-2703.642705	2.93E-01
-2691.989073	2.93E-01
-2680.335441	2.93E-01
-2668.681808	2.93E-01
-2657.028176	2.93E-01
-2645.374544	2.93E-01
-2633.720911	2.93E-01
-2622.067279	2.93E-01
-2610.413647	2.93E-01
-2598.760014	2.93E-01
-2587.106382	2.93E-01
-2575.452749	2.93E-01
-2563.799117	2.93E-01
-2552.145485	2.93E-01
-2540.491852	2.93E-01
-2528.83822	2.93E-01
-2517.184588	2.93E-01
-2505.530955	2.93E-01
-2493.877323	2.93E-01
-2482.223691	2.93E-01
-2470.570058	2.93E-01
-2458.916426	2.93E-01
-2447.262794	2.93E-01
-2435.609161	2.93E-01
-2423.955529	2.93E-01
-2412.301897	2.93E-01
-2400.648264	2.93E-01
-2388.994632	2.93E-01
-2377.341	2.93E-01
-2365.687367	2.93E-01
-2354.033735	2.93E-01
-2342.380102	2.93E-01
-2330.72647	2.93E-01
-2319.072838	2.93E-01
-2307.419205	2.93E-01
-2295.765573	2.93E-01
-2284.111941	2.93E-01
-2272.458308	2.94E-01
-2260.804676	2.94E-01
-2249.151044	2.94E-01
-2237.497411	2.94E-01
-2225.843779	2.94E-01
-2214.190147	2.94E-01
-2202.536514	2.94E-01
-2190.882882	2.94E-01
-2179.22925	2.94E-01
-2167.575617	2.94E-01
-2155.921985	2.94E-01
-2144.268353	2.94E-01
-2132.61472	2.94E-01
-2120.961088	2.94E-01
-2109.307455	2.94E-01
-2097.653823	2.94E-01
-2086.000191	2.94E-01
-2074.346558	2.94E-01
-2062.692926	2.94E-01
-2051.039294	2.94E-01
-2039.385661	2.94E-01
-2027.732029	2.94E-01
-2016.078397	2.94E-01
-2004.424764	2.94E-01
-1992.771132	2.94E-01
-1981.1175	2.94E-01
-1969.463867	2.94E-01
-1957.810235	2.94E-01
-1946.156603	2.94E-01
-1934.50297	2.94E-01
-1922.849338	2.95E-01
-1911.195706	2.95E-01
-1899.542073	2.95E-01
-1887.888441	2.95E-01
-1876.234808	2.95E-01
-1864.581176	2.95E-01
-1852.927544	2.95E-01
-1841.273911	2.95E-01
-1829.620279	2.95E-01
-1817.966647	2.95E-01
-1806.313014	2.95E-01
-1794.659382	2.95E-01
-1783.00575	2.95E-01
-1771.352117	2.95E-01
-1759.698485	2.95E-01
-1748.044853	2.95E-01
-1736.39122	2.95E-01
-1724.737588	2.95E-01
-1713.083956	2.95E-01
-1701.430323	2.95E-01
-1689.776691	2.95E-01
-1678.123058	2.95E-01
-1666.469426	2.95E-01
-1654.815794	2.95E-01
-1643.162161	2.95E-01
-1631.508529	2.95E-01
-1619.854897	2.95E-01
-1608.201264	2.95E-01
-1596.547632	2.95E-01
-1584.894	2.95E-01
-1573.240367	2.95E-01
-1561.586735	2.95E-01
-1549.933103	2.95E-01
-1538.27947	2.95E-01
-1526.625838	2.95E-01
-1514.972206	2.95E-01
-1503.318573	2.95E-01
-1491.664941	2.95E-01
-1480.011309	2.95E-01
-1468.357676	2.95E-01
-1456.704044	2.95E-01
-1445.050411	2.95E-01
-1433.396779	2.95E-01
-1421.743147	2.95E-01
-1410.089514	2.95E-01
-1398.435882	2.95E-01
-1386.78225	2.95E-01
-1375.128617	2.95E-01
-1363.474985	2.95E-01
-1351.821353	2.95E-01
-1340.16772	2.95E-01
-1328.514088	2.95E-01
-1316.860456	2.95E-01
-1305.206823	2.95E-01
-1293.553191	2.95E-01
-1281.899559	2.95E-01
-1270.245926	2.95E-01
-1258.592294	2.95E-01
-1246.938662	2.95E-01
-1235.285029	2.95E-01
-1223.631397	2.95E-01
-1211.977764	2.95E-01
-1200.324132	2.95E-01
-1188.6705	2.95E-01
-1177.016867	2.95E-01
-1165.363235	2.95E-01
-1153.709603	2.95E-01
-1142.05597	2.95E-01
-1130.402338	2.95E-01
-1118.748706	2.95E-01
-1107.095073	2.95E-01
-1095.441441	2.95E-01
-1083.787809	2.95E-01
-1072.134176	2.95E-01
-1060.480544	2.95E-01
-1048.826912	2.95E-01
-1037.173279	2.95E-01
-1025.519647	2.95E-01
-1013.866015	2.95E-01
-1002.212382	2.95E-01
-990.55875	2.95E-01
-978.905117	2.95E-01
-967.251485	2.95E-01
-955.597853	2.95E-01
-943.94422	2.95E-01
-932.290588	2.95E-01
-920.636956	2.95E-01
-908.983323	2.95E-01
-897.329691	2.95E-01
-885.676059	2.95E-01
-874.022426	2.95E-01
-862.368794	2.95E-01
-850.715162	2.95E-01
-839.061529	2.95E-01
-827.407897	2.95E-01
-815.754265	2.95E-01
-804.100632	2.95E-01
-792.447	2.95E-01
-780.793367	2.95E-01
-769.139735	2.95E-01
-757.486103	2.95E-01
-745.83247	2.95E-01
-734.178838	2.95E-01
-722.525206	2.95E-01
-710.871573	2.95E-01
-699.217941	2.95E-01
-687.564309	2.95E-01
-675.910676	2.95E-01
-664.257044	2.95E-01
-652.603412	2.95E-01
-640.949779	2.95E-01
-629.296147	2.95E-01
-617.642515	2.95E-01
-605.988882	2.95E-01
-594.33525	2.95E-01
-582.681618	2.95E-01
-571.027985	2.95E-01
-559.374353	2.95E-01
-547.72072	2.95E-01
-536.067088	2.95E-01
-524.413456	2.95E-01
-512.759823	2.95E-01
-501.106191	2.95E-01
-489.452559	2.95E-01
-477.798926	2.95E-01
-466.145294	2.95E-01
-454.491662	2.95E-01
-442.838029	2.95E-01
-431.184397	2.95E-01
-419.530765	2.95E-01
-407.877132	2.95E-01
-396.2235	2.95E-01
-384.569868	2.95E-01
-372.916235	2.95E-01
-361.262603	2.95E-01
-349.608971	2.95E-01
-337.955338	2.95E-01
-326.301706	2.95E-01
-314.648073	2.95E-01
-302.994441	2.95E-01
-291.340809	2.95E-01
-279.687176	2.95E-01
-268.033544	2.95E-01
-256.379912	2.95E-01
-244.726279	2.95E-01
-233.072647	2.95E-01
-221.419015	2.95E-01
-209.765382	2.95E-01
-198.11175	2.95E-01
-186.458118	2.95E-01
-174.804485	2.96E-01
-163.150853	2.96E-01
-151.497221	2.96E-01
-139.843588	2.96E-01
-128.189956	2.96E-01
-116.536324	2.96E-01
-104.882691	2.96E-01
-93.229059	2.96E-01
-81.575426	2.96E-01
-69.921794	2.96E-01
-58.268162	2.95E-01
-46.614529	2.95E-01
-34.960897	2.95E-01
-23.307265	2.95E-01
-11.653632	2.95E-01
0	2.96E-01
11.653632	2.95E-01
23.307265	2.95E-01
34.960897	2.95E-01
46.614529	2.95E-01
58.268162	2.95E-01
69.921794	2.95E-01
81.575426	2.95E-01
93.229059	2.95E-01
104.882691	2.95E-01
116.536324	2.95E-01
128.189956	2.95E-01
139.843588	2.95E-01
151.497221	2.95E-01
163.150853	2.95E-01
174.804485	2.95E-01
186.458118	2.95E-01
198.11175	2.95E-01
209.765382	2.95E-01
221.419015	2.95E-01
233.072647	2.95E-01
244.726279	2.95E-01
256.379912	2.95E-01
268.033544	2.95E-01
279.687176	2.95E-01
291.340809	2.95E-01
302.994441	2.95E-01
314.648073	2.95E-01
326.301706	2.95E-01
337.955338	2.95E-01
349.608971	2.95E-01
361.262603	2.95E-01
372.916235	2.95E-01
384.569868	2.95E-01
396.2235	2.95E-01
407.877132	2.95E-01
419.530765	2.95E-01
431.184397	2.95E-01
442.838029	2.95E-01
454.491662	2.95E-01
466.145294	2.95E-01
477.798926	2.95E-01
489.452559	2.95E-01
501.106191	2.95E-01
512.759823	2.95E-01
524.413456	2.95E-01
536.067088	2.95E-01
547.72072	2.95E-01
559.374353	2.95E-01
571.027985	2.95E-01
582.681618	2.95E-01
594.33525	2.95E-01
605.988882	2.95E-01
617.642515	2.95E-01
629.296147	2.95E-01
640.949779	2.95E-01
652.603412	2.95E-01
664.257044	2.95E-01
675.910676	2.95E-01
687.564309	2.95E-01
699.217941	2.95E-01
710.871573	2.95E-01
722.525206	2.95E-01
734.178838	2.95E-01
745.83247	2.95E-01
757.486103	2.95E-01
769.139735	2.95E-01
780.793367	2.95E-01
792.447	2.95E-01
804.100632	2.95E-01
815.754265	2.95E-01
827.407897	2.95E-01
839.061529	2.95E-01
850.715162	2.95E-01
862.368794	2.95E-01
874.022426	2.95E-01
885.676059	2.95E-01
897.329691	2.95E-01
908.983323	2.95E-01
920.636956	2.95E-01
932.290588	2.95E-01
943.94422	2.95E-01
955.597853	2.95E-01
967.251485	2.95E-01
978.905117	2.95E-01
990.55875	2.95E-01
1002.212382	2.95E-01
1013.866015	2.95E-01
1025.519647	2.95E-01
1037.173279	2.95E-01
1048.826912	2.95E-01
1060.480544	2.95E-01
1072.134176	2.95E-01
1083.787809	2.95E-01
1095.441441	2.95E-01
1107.095073	2.95E-01
1118.748706	2.95E-01
1130.402338	2.95E-01
1142.05597	2.95E-01
1153.709603	2.95E-01
1165.363235	2.95E-01
1177.016867	2.95E-01
1188.6705	2.95E-01
1200.324132	2.94E-01
1211.977764	2.94E-01
1223.631397	2.94E-01
1235.285029	2.94E-01
1246.938662	2.94E-01
1258.592294	2.94E-01
1270.245926	2.94E-01
1281.899559	2.94E-01
1293.553191	2.94E-01
1305.206823	2.94E-01
1316.860456	2.94E-01
1328.514088	2.94E-01
1340.16772	2.94E-01
1351.821353	2.94E-01
1363.474985	2.94E-01
1375.128617	2.94E-01
1386.78225	2.94E-01
1398.435882	2.94E-01
1410.089514	2.94E-01
1421.743147	2.94E-01
1433.396779	2.94E-01
1445.050411	2.94E-01
1456.704044	2.94E-01
1468.357676	2.94E-01
1480.011309	2.94E-01
1491.664941	2.94E-01
1503.318573	2.94E-01
1514.972206	2.94E-01
1526.625838	2.93E-01
1538.27947	2.93E-01
1549.933103	2.93E-01
1561.586735	2.93E-01
1573.240367	2.93E-01
1584.894	2.93E-01
1596.547632	2.93E-01
1608.201264	2.93E-01
1619.854897	2.93E-01
1631.508529	2.93E-01
1643.162161	2.93E-01
1654.815794	2.93E-01
1666.469426	2.93E-01
1678.123058	2.93E-01
1689.776691	2.93E-01
1701.430323	2.93E-01
1713.083956	2.93E-01
1724.737588	2.93E-01
1736.39122	2.93E-01
1748.044853	2.93E-01
1759.698485	2.93E-01
1771.352117	2.93E-01
1783.00575	2.93E-01
1794.659382	2.93E-01
1806.313014	2.93E-01
1817.966647	2.93E-01
1829.620279	2.93E-01
1841.273911	2.93E-01
1852.927544	2.93E-01
1864.581176	2.93E-01
1876.234808	2.93E-01
1887.888441	2.93E-01
1899.542073	2.93E-01
1911.195706	2.92E-01
1922.849338	2.92E-01
1934.50297	2.92E-01
1946.156603	2.92E-01
1957.810235	2.92E-01
1969.463867	2.92E-01
1981.1175	2.92E-01
1992.771132	2.92E-01
2004.424764	2.92E-01
2016.078397	2.92E-01
2027.732029	2.92E-01
2039.385661	2.92E-01
2051.039294	2.92E-01
2062.692926	2.92E-01
2074.346558	2.92E-01
2086.000191	2.92E-01
2097.653823	2.92E-01
2109.307455	2.92E-01
2120.961088	2.92E-01
2132.61472	2.92E-01
2144.268353	2.92E-01
2155.921985	2.92E-01
2167.575617	2.92E-01
2179.22925	2.92E-01
2190.882882	2.91E-01
2202.536514	2.91E-01
2214.190147	2.91E-01
2225.843779	2.91E-01
2237.497411	2.91E-01
2249.151044	2.91E-01
2260.804676	2.91E-01
2272.458308	2.91E-01
2284.111941	2.91E-01
2295.765573	2.91E-01
2307.419205	2.91E-01
2319.072838	2.91E-01
2330.72647	2.91E-01
2342.380102	2.91E-01
2354.033735	2.91E-01
2365.687367	2.91E-01
2377.341	2.91E-01
2388.994632	2.91E-01
2400.648264	2.91E-01
2412.301897	2.91E-01
2423.955529	2.91E-01
2435.609161	2.91E-01
2447.262794	2.91E-01
2458.916426	2.91E-01
2470.570058	2.91E-01
2482.223691	2.91E-01
2493.877323	2.91E-01
2505.530955	2.91E-01
2517.184588	2.91E-01
2528.83822	2.91E-01
2540.491852	2.91E-01
2552.145485	2.91E-01
2563.799117	2.91E-01
2575.452749	2.91E-01
2587.106382	2.91E-01
2598.760014	2.91E-01
2610.413647	2.91E-01
2622.067279	2.90E-01
2633.720911	2.90E-01
2645.374544	2.90E-01
2657.028176	2.90E-01
2668.681808	2.90E-01
2680.335441	2.90E-01
2691.989073	2.90E-01
2703.642705	2.90E-01
2715.296338	2.90E-01
2726.94997	2.90E-01
2738.603602	2.90E-01
2750.257235	2.90E-01
2761.910867	2.90E-01
2773.564499	2.90E-01
2785.218132	2.89E-01
2796.871764	2.89E-01
2808.525397	2.89E-01
2820.179029	2.89E-01
2831.832661	2.89E-01
2843.486294	2.89E-01
2855.139926	2.89E-01
2866.793558	2.89E-01
2878.447191	2.89E-01
2890.100823	2.89E-01
2901.754455	2.89E-01
2913.408088	2.89E-01
2925.06172	2.89E-01
2936.715352	2.89E-01
2948.368985	2.89E-01
2960.022617	2.89E-01
2971.676249	2.89E-01
2983.329882	2.89E-01
2994.983514	2.89E-01
3006.637146	2.89E-01
3018.290779	2.89E-01
3029.944411	2.89E-01
3041.598044	2.89E-01
3053.251676	2.89E-01
3064.905308	2.88E-01
3076.558941	2.88E-01
3088.212573	2.88E-01
3099.866205	2.88E-01
3111.519838	2.88E-01
3123.17347	2.88E-01
3134.827102	2.88E-01
3146.480735	2.88E-01
3158.134367	2.88E-01
3169.787999	2.88E-01
3181.441632	2.88E-01
3193.095264	2.88E-01
3204.748896	2.88E-01
3216.402529	2.88E-01
3228.056161	2.88E-01
3239.709793	2.88E-01
3251.363426	2.88E-01
3263.017058	2.88E-01
3274.670691	2.88E-01
3286.324323	2.88E-01
3297.977955	2.88E-01
3309.631588	2.88E-01
3321.28522	2.88E-01
3332.938852	2.88E-01
3344.592485	2.87E-01
3356.246117	2.87E-01
3367.899749	2.87E-01
3379.553382	2.87E-01
3391.207014	2.87E-01
3402.860646	2.87E-01
3414.514279	2.87E-01
3426.167911	2.87E-01
3437.821543	2.87E-01
3449.475176	2.87E-01
3461.128808	2.87E-01
3472.78244	2.87E-01
3484.436073	2.87E-01
3496.089705	2.87E-01
3507.743338	2.87E-01
3519.39697	2.87E-01
3531.050602	2.87E-01
3542.704235	2.87E-01
3554.357867	2.87E-01
3566.011499	2.86E-01
3577.665132	2.86E-01
3589.318764	2.86E-01
3600.972396	2.86E-01
3612.626029	2.86E-01
3624.279661	2.86E-01
3635.933293	2.86E-01
3647.586926	2.86E-01
3659.240558	2.86E-01
3670.89419	2.86E-01
3682.547823	2.86E-01
3694.201455	2.86E-01
3705.855088	2.86E-01
3717.50872	2.86E-01
3729.162352	2.86E-01
3740.815985	2.86E-01
3752.469617	2.86E-01
3764.123249	2.86E-01
3775.776882	2.86E-01
3787.430514	2.86E-01
3799.084146	2.86E-01
3810.737779	2.86E-01
3822.391411	2.86E-01
3834.045043	2.86E-01
3845.698676	2.86E-01
3857.352308	2.86E-01
3869.00594	2.86E-01
3880.659573	2.86E-01
3892.313205	2.85E-01
3903.966837	2.85E-01
3915.62047	2.85E-01
3927.274102	2.85E-01
3938.927735	2.85E-01
3950.581367	2.85E-01
3962.234999	2.85E-01
3973.888632	2.85E-01
3985.542264	2.85E-01
3997.195896	2.85E-01
4008.849529	2.85E-01
4020.503161	2.85E-01
4032.156793	2.85E-01
4043.810426	2.85E-01
4055.464058	2.85E-01
4067.11769	2.85E-01
4078.771323	2.85E-01
4090.424955	2.85E-01
4102.078587	2.84E-01
4113.73222	2.84E-01
4125.385852	2.84E-01
4137.039484	2.84E-01
4148.693117	2.84E-01
4160.346749	2.84E-01
4172.000382	2.84E-01
4183.654014	2.84E-01
4195.307646	2.84E-01
4206.961279	2.84E-01
4218.614911	2.84E-01
4230.268543	2.84E-01
4241.922176	2.84E-01
4253.575808	2.83E-01
4265.22944	2.83E-01
4276.883073	2.83E-01
4288.536705	2.83E-01
4300.190337	2.83E-01
4311.84397	2.83E-01
4323.497602	2.83E-01
4335.151234	2.83E-01
4346.804867	2.83E-01
4358.458499	2.83E-01
4370.112131	2.83E-01
4381.765764	2.83E-01
4393.419396	2.83E-01
4405.073029	2.83E-01
4416.726661	2.83E-01
4428.380293	2.82E-01
4440.033926	2.82E-01
4451.687558	2.82E-01
4463.34119	2.82E-01
4474.994823	2.82E-01
4486.648455	2.82E-01
4498.302087	2.82E-01
4509.95572	2.82E-01
4521.609352	2.82E-01
4533.262984	2.82E-01
4544.916617	2.82E-01
4556.570249	2.82E-01
4568.223881	2.82E-01
4579.877514	2.81E-01
4591.531146	2.81E-01
4603.184779	2.81E-01
4614.838411	2.81E-01
4626.492043	2.81E-01
4638.145676	2.81E-01
4649.799308	2.81E-01
4661.45294	2.81E-01
4673.106573	2.81E-01
4684.760205	2.81E-01
4696.413837	2.80E-01
4708.06747	2.80E-01
4719.721102	2.80E-01
4731.374734	2.80E-01
4743.028367	2.80E-01
4754.681999	2.80E-01
4766.335631	2.80E-01
4777.989264	2.80E-01
4789.642896	2.80E-01
4801.296528	2.80E-01
4812.950161	2.80E-01
4824.603793	2.80E-01
4836.257426	2.80E-01
4847.911058	2.80E-01
4859.56469	2.80E-01
4871.218323	2.80E-01
4882.871955	2.79E-01
4894.525587	2.79E-01
4906.17922	2.79E-01
4917.832852	2.79E-01
4929.486484	2.79E-01
4941.140117	2.79E-01
4952.793749	2.79E-01
4964.447381	2.79E-01
4976.101014	2.78E-01
4987.754646	2.78E-01
4999.408278	2.78E-01
5011.061911	2.78E-01
5022.715543	2.78E-01
5034.369175	2.78E-01
5046.022808	2.78E-01
5057.67644	2.78E-01
5069.330073	2.78E-01
5080.983705	2.78E-01
5092.637337	2.78E-01
5104.29097	2.78E-01
5115.944602	2.78E-01
5127.598234	2.77E-01
5139.251867	2.77E-01
5150.905499	2.77E-01
5162.559131	2.77E-01
5174.212764	2.77E-01
5185.866396	2.77E-01
5197.520028	2.77E-01
5209.173661	2.77E-01
5220.827293	2.77E-01
5232.480925	2.77E-01
5244.134558	2.77E-01
5255.78819	2.77E-01
5267.441822	2.77E-01
5279.095455	2.77E-01
5290.749087	2.77E-01
5302.40272	2.77E-01
5314.056352	2.77E-01
5325.709984	2.77E-01
5337.363617	2.77E-01
5349.017249	2.77E-01
5360.670881	2.77E-01
5372.324514	2.76E-01
5383.978146	2.76E-01
5395.631778	2.76E-01
5407.285411	2.76E-01
5418.939043	2.76E-01
5430.592675	2.76E-01
5442.246308	2.76E-01
5453.89994	2.76E-01
5465.553572	2.76E-01
5477.207205	2.76E-01
5488.860837	2.76E-01
5500.51447	2.76E-01
5512.168102	2.76E-01
5523.821734	2.75E-01
5535.475367	2.75E-01
5547.128999	2.75E-01
5558.782631	2.75E-01
5570.436264	2.75E-01
5582.089896	2.75E-01
5593.743528	2.75E-01
5605.397161	2.75E-01
5617.050793	2.75E-01
5628.704425	2.75E-01
5640.358058	2.75E-01
5652.01169	2.75E-01
5663.665322	2.75E-01
5675.318955	2.75E-01
5686.972587	2.74E-01
5698.626219	2.74E-01
5710.279852	2.74E-01
5721.933484	2.74E-01
5733.587117	2.74E-01
5745.240749	2.74E-01
5756.894381	2.74E-01
5768.548014	2.74E-01
5780.201646	2.74E-01
5791.855278	2.74E-01
5803.508911	2.74E-01
5815.162543	2.74E-01
5826.816175	2.73E-01
5838.469808	2.73E-01
5850.12344	2.73E-01
5861.777072	2.73E-01
5873.430705	2.73E-01
5885.084337	2.73E-01
5896.737969	2.73E-01
5908.391602	2.73E-01
5920.045234	2.73E-01
5931.698866	2.73E-01
5943.352499	2.72E-01
5955.006131	2.72E-01
5966.659764	2.72E-01
5978.313396	2.72E-01
5989.967028	2.72E-01
6001.620661	2.72E-01
6013.274293	2.72E-01
6024.927925	2.72E-01
6036.581558	2.72E-01
6048.23519	2.72E-01
6059.888822	2.71E-01
6071.542455	2.71E-01
6083.196087	2.71E-01
6094.849719	2.71E-01
6106.503352	2.71E-01
6118.156984	2.71E-01
6129.810616	2.71E-01
6141.464249	2.71E-01
6153.117881	2.71E-01
6164.771513	2.70E-01
6176.425146	2.70E-01
6188.078778	2.70E-01
6199.732411	2.70E-01
6211.386043	2.70E-01
6223.039675	2.70E-01
6234.693308	2.70E-01
6246.34694	2.70E-01
6258.000572	2.70E-01
6269.654205	2.70E-01
6281.307837	2.69E-01
6292.961469	2.69E-01
6304.615102	2.69E-01
6316.268734	2.69E-01
6327.922366	2.69E-01
6339.575999	2.69E-01
6351.229631	2.68E-01
6362.883263	2.68E-01
6374.536896	2.68E-01
6386.190528	2.68E-01
6397.844161	2.68E-01
6409.497793	2.68E-01
6421.151425	2.68E-01
6432.805058	2.68E-01
6444.45869	2.68E-01
6456.112322	2.68E-01
6467.765955	2.68E-01
6479.419587	2.67E-01
6491.073219	2.67E-01
6502.726852	2.67E-01
6514.380484	2.67E-01
6526.034116	2.67E-01
6537.687749	2.67E-01
6549.341381	2.67E-01
6560.995013	2.67E-01
6572.648646	2.67E-01
6584.302278	2.67E-01
6595.95591	2.67E-01
6607.609543	2.66E-01
6619.263175	2.66E-01
6630.916808	2.66E-01
6642.57044	2.66E-01
6654.224072	2.66E-01
6665.877705	2.66E-01
6677.531337	2.66E-01
6689.184969	2.66E-01
6700.838602	2.66E-01
6712.492234	2.66E-01
6724.145866	2.66E-01
6735.799499	2.66E-01
6747.453131	2.65E-01
6759.106763	2.65E-01
6770.760396	2.65E-01
6782.414028	2.65E-01
6794.06766	2.65E-01
6805.721293	2.65E-01
6817.374925	2.65E-01
6829.028557	2.65E-01
6840.68219	2.65E-01
6852.335822	2.65E-01
6863.989455	2.65E-01
6875.643087	2.64E-01
6887.296719	2.64E-01
6898.950352	2.64E-01
6910.603984	2.64E-01
6922.257616	2.64E-01
6933.911249	2.64E-01
6945.564881	2.64E-01
6957.218513	2.64E-01
6968.872146	2.64E-01
6980.525778	2.64E-01
6992.17941	2.63E-01
7003.833043	2.63E-01
7015.486675	2.63E-01
7027.140307	2.63E-01
7038.79394	2.63E-01
7050.447572	2.63E-01
7062.101204	2.63E-01
7073.754837	2.63E-01
7085.408469	2.63E-01
7097.062102	2.63E-01
7108.715734	2.63E-01
7120.369366	2.63E-01
7132.022999	2.63E-01
7143.676631	2.63E-01
7155.330263	2.63E-01
7166.983896	2.63E-01
7178.637528	2.63E-01
7190.29116	2.63E-01
7201.944793	2.63E-01
7213.598425	2.62E-01
7225.252057	2.62E-01
7236.90569	2.62E-01
7248.559322	2.62E-01
7260.212954	2.62E-01
7271.866587	2.62E-01
7283.520219	2.62E-01
7295.173852	2.61E-01
7306.827484	2.61E-01
7318.481116	2.61E-01
7330.134749	2.61E-01
7341.788381	2.61E-01
7353.442013	2.61E-01
7365.095646	2.61E-01
7376.749278	2.61E-01
7388.40291	2.61E-01
7400.056543	2.61E-01
7411.710175	2.60E-01
7423.363807	2.60E-01
7435.01744	2.60E-01
7446.671072	2.60E-01
7458.324704	2.60E-01
7469.978337	2.60E-01
7481.631969	2.60E-01
7493.285601	2.60E-01
7504.939234	2.60E-01
7516.592866	2.60E-01
7528.246499	2.60E-01
7539.900131	2.60E-01
7551.553763	2.59E-01
7563.207396	2.59E-01
7574.861028	2.59E-01
7586.51466	2.59E-01
7598.168293	2.59E-01
7609.821925	2.59E-01
7621.475557	2.59E-01
7633.12919	2.59E-01
7644.782822	2.59E-01
7656.436454	2.59E-01
7668.090087	2.58E-01
7679.743719	2.58E-01
7691.397351	2.58E-01
7703.050984	2.58E-01
7714.704616	2.58E-01
7726.358248	2.58E-01
7738.011881	2.58E-01
7749.665513	2.58E-01
7761.319146	2.58E-01
7772.972778	2.58E-01
7784.62641	2.58E-01
7796.280043	2.58E-01
7807.933675	2.58E-01
7819.587307	2.57E-01
7831.24094	2.57E-01
7842.894572	2.57E-01
7854.548204	2.57E-01
7866.201837	2.57E-01
7877.855469	2.57E-01
7889.509101	2.57E-01
7901.162734	2.57E-01
7912.816366	2.57E-01
7924.469998	2.57E-01
7936.123631	2.57E-01
7947.777263	2.57E-01
7959.430895	2.57E-01
7971.084528	2.57E-01
7982.73816	2.57E-01
7994.391793	2.57E-01
8006.045425	2.57E-01
8017.699057	2.56E-01
8029.35269	2.56E-01
8041.006322	2.56E-01
8052.659954	2.56E-01
8064.313587	2.56E-01
8075.967219	2.56E-01
8087.620851	2.56E-01
8099.274484	2.56E-01
8110.928116	2.56E-01
8122.581748	2.56E-01
8134.235381	2.56E-01
8145.889013	2.56E-01
8157.542645	2.56E-01
8169.196278	2.56E-01
8180.84991	2.56E-01
8192.503543	2.56E-01
8204.157175	2.56E-01
8215.810807	2.56E-01
8227.46444	2.56E-01
8239.118072	2.56E-01
8250.771704	2.56E-01
8262.425337	2.55E-01
8274.078969	2.55E-01
8285.732601	2.55E-01
8297.386234	2.55E-01
8309.039866	2.55E-01
8320.693498	2.55E-01
8332.347131	2.55E-01
8344.000763	2.55E-01
8355.654395	2.55E-01
8367.308028	2.55E-01
8378.96166	2.55E-01
8390.615292	2.55E-01
8402.268925	2.55E-01
8413.922557	2.55E-01
8425.57619	2.55E-01
8437.229822	2.54E-01
8448.883454	2.54E-01
8460.537087	2.54E-01
8472.190719	2.54E-01
8483.844351	2.54E-01
8495.497984	2.54E-01
8507.151616	2.54E-01
8518.805248	2.54E-01
8530.458881	2.54E-01
8542.112513	2.54E-01
8553.766145	2.54E-01
8565.419778	2.54E-01
8577.07341	2.54E-01
8588.727042	2.54E-01
8600.380675	2.54E-01
8612.034307	2.54E-01
8623.687939	2.53E-01
8635.341572	2.53E-01
8646.995204	2.53E-01
8658.648837	2.53E-01
8670.302469	2.53E-01
8681.956101	2.53E-01
8693.609734	2.53E-01
8705.263366	2.53E-01
8716.916998	2.53E-01
8728.570631	2.53E-01
8740.224263	2.53E-01
8751.877895	2.53E-01
8763.531528	2.53E-01
8775.18516	2.53E-01
8786.838792	2.53E-01
8798.492425	2.52E-01
8810.146057	2.52E-01
8821.799689	2.52E-01
8833.453322	2.52E-01
8845.106954	2.52E-01
8856.760586	2.52E-01
8868.414219	2.52E-01
8880.067851	2.52E-01
8891.721484	2.52E-01
8903.375116	2.52E-01
8915.028748	2.52E-01
8926.682381	2.52E-01
8938.336013	2.52E-01
8949.989645	2.51E-01
8961.643278	2.51E-01
8973.29691	2.51E-01
8984.950542	2.51E-01
8996.604175	2.51E-01
9008.257807	2.51E-01
9019.911439	2.51E-01
9031.565072	2.51E-01
9043.218704	2.51E-01
9054.872336	2.51E-01
9066.525969	2.51E-01
9078.179601	2.50E-01
9089.833234	2.50E-01
9101.486866	2.50E-01
9113.140498	2.50E-01
9124.794131	2.50E-01
9136.447763	2.50E-01
9148.101395	2.50E-01
9159.755028	2.50E-01
9171.40866	2.50E-01
9183.062292	2.50E-01
9194.715925	2.50E-01
9206.369557	2.50E-01
9218.023189	2.50E-01
9229.676822	2.50E-01
9241.330454	2.50E-01
9252.984086	2.49E-01
9264.637719	2.49E-01
9276.291351	2.49E-01
9287.944983	2.49E-01
9299.598616	2.49E-01
9311.252248	2.49E-01
9322.905881	2.49E-01
9334.559513	2.49E-01
9346.213145	2.49E-01
9357.866778	2.49E-01
9369.52041	2.49E-01
9381.174042	2.49E-01
9392.827675	2.49E-01
9404.481307	2.48E-01
9416.134939	2.48E-01
9427.788572	2.48E-01
9439.442204	2.48E-01
9451.095836	2.48E-01
9462.749469	2.48E-01
9474.403101	2.48E-01
9486.056733	2.48E-01
9497.710366	2.48E-01
9509.363998	2.48E-01
9521.01763	2.48E-01
9532.671263	2.47E-01
9544.324895	2.47E-01
9555.978528	2.47E-01
9567.63216	2.47E-01
9579.285792	2.47E-01
9590.939425	2.47E-01
9602.593057	2.47E-01
9614.246689	2.47E-01
9625.900322	2.47E-01
9637.553954	2.47E-01
9649.207586	2.47E-01
9660.861219	2.47E-01
9672.514851	2.47E-01
9684.168483	2.46E-01
9695.822116	2.46E-01
9707.475748	2.46E-01
9719.12938	2.46E-01
9730.783013	2.46E-01
9742.436645	2.46E-01
9754.090277	2.46E-01
9765.74391	2.46E-01
9777.397542	2.46E-01
9789.051175	2.46E-01
9800.704807	2.46E-01
9812.358439	2.46E-01
9824.012072	2.46E-01
9835.665704	2.46E-01
9847.319336	2.46E-01
9858.972969	2.45E-01
9870.626601	2.45E-01
9882.280233	2.45E-01
9893.933866	2.45E-01
9905.587498	2.45E-01
9917.24113	2.45E-01
9928.894763	2.45E-01
9940.548395	2.45E-01
9952.202027	2.45E-01
9963.85566	2.45E-01
9975.509292	2.45E-01
9987.162925	2.45E-01
9998.816557	2.45E-01
10010.47019	2.44E-01
10022.12382	2.44E-01
10033.77745	2.44E-01
10045.43109	2.44E-01
10057.08472	2.44E-01
10068.73835	2.44E-01
10080.39198	2.44E-01
10092.04562	2.44E-01
10103.69925	2.44E-01
10115.35288	2.44E-01
10127.00651	2.44E-01
10138.66015	2.44E-01
10150.31378	2.44E-01
10161.96741	2.44E-01
10173.62104	2.43E-01
10185.27467	2.43E-01
10196.92831	2.43E-01
10208.58194	2.43E-01
10220.23557	2.43E-01
10231.8892	2.43E-01
10243.54284	2.43E-01
10255.19647	2.43E-01
10266.8501	2.43E-01
10278.50373	2.43E-01
10290.15737	2.43E-01
10301.811	2.42E-01
10313.46463	2.42E-01
10325.11826	2.42E-01
10336.7719	2.42E-01
10348.42553	2.42E-01
10360.07916	2.42E-01
10371.73279	2.42E-01
10383.38642	2.42E-01
10395.04006	2.42E-01
10406.69369	2.42E-01
10418.34732	2.42E-01
10430.00095	2.41E-01
10441.65459	2.41E-01
10453.30822	2.41E-01
10464.96185	2.41E-01
10476.61548	2.41E-01
10488.26912	2.41E-01
10499.92275	2.41E-01
10511.57638	2.41E-01
10523.23001	2.41E-01
10534.88365	2.41E-01
10546.53728	2.41E-01
10558.19091	2.40E-01
10569.84454	2.40E-01
10581.49817	2.40E-01
10593.15181	2.40E-01
10604.80544	2.40E-01
10616.45907	2.40E-01
10628.1127	2.40E-01
10639.76634	2.40E-01
10651.41997	2.40E-01
10663.0736	2.40E-01
10674.72723	2.39E-01
10686.38087	2.39E-01
10698.0345	2.39E-01
10709.68813	2.39E-01
10721.34176	2.39E-01
10732.9954	2.39E-01
10744.64903	2.39E-01
10756.30266	2.39E-01
10767.95629	2.39E-01
10779.60992	2.39E-01
10791.26356	2.39E-01
10802.91719	2.39E-01
10814.57082	2.38E-01
10826.22445	2.38E-01
10837.87809	2.38E-01
10849.53172	2.38E-01
10861.18535	2.38E-01
10872.83898	2.38E-01
10884.49262	2.38E-01
10896.14625	2.38E-01
10907.79988	2.38E-01
10919.45351	2.38E-01
10931.10715	2.37E-01
10942.76078	2.37E-01
10954.41441	2.37E-01
10966.06804	2.37E-01
10977.72167	2.37E-01
10989.37531	2.37E-01
11001.02894	2.37E-01
11012.68257	2.37E-01
11024.3362	2.37E-01
11035.98984	2.36E-01
11047.64347	2.36E-01
11059.2971	2.36E-01
11070.95073	2.36E-01
11082.60437	2.36E-01
11094.258	2.36E-01
11105.91163	2.36E-01
11117.56526	2.36E-01
11129.2189	2.36E-01
11140.87253	2.36E-01
11152.52616	2.36E-01
11164.17979	2.35E-01
11175.83342	2.35E-01
11187.48706	2.35E-01
11199.14069	2.35E-01
11210.79432	2.35E-01
11222.44795	2.35E-01
11234.10159	2.35E-01
11245.75522	2.35E-01
11257.40885	2.35E-01
11269.06248	2.34E-01
11280.71612	2.34E-01
11292.36975	2.34E-01
11304.02338	2.34E-01
11315.67701	2.34E-01
11327.33065	2.34E-01
11338.98428	2.34E-01
11350.63791	2.34E-01
11362.29154	2.34E-01
11373.94517	2.34E-01
11385.59881	2.34E-01
11397.25244	2.33E-01
11408.90607	2.33E-01
11420.5597	2.33E-01
11432.21334	2.33E-01
11443.86697	2.33E-01
11455.5206	2.33E-01
11467.17423	2.33E-01
11478.82787	2.33E-01
11490.4815	2.33E-01
11502.13513	2.33E-01
11513.78876	2.33E-01
11525.4424	2.33E-01
11537.09603	2.33E-01
11548.74966	2.33E-01
11560.40329	2.32E-01
11572.05692	2.32E-01
11583.71056	2.32E-01
11595.36419	2.32E-01
11607.01782	2.32E-01
11618.67145	2.32E-01
11630.32509	2.32E-01
11641.97872	2.32E-01
11653.63235	2.32E-01
11665.28598	2.32E-01
11676.93962	2.31E-01
11688.59325	2.31E-01
11700.24688	2.31E-01
11711.90051	2.31E-01
11723.55415	2.31E-01
11735.20778	2.30E-01
11746.86141	2.30E-01
11758.51504	2.30E-01
11770.16867	2.30E-01
11781.82231	2.30E-01
11793.47594	2.30E-01
11805.12957	2.30E-01
11816.7832	2.30E-01
11828.43684	2.30E-01
11840.09047	2.30E-01
11851.7441	2.29E-01
11863.39773	2.29E-01
11875.05137	2.29E-01
11886.705	2.29E-01
11898.35863	2.29E-01
11910.01226	2.29E-01
11921.6659	2.29E-01
11933.31953	2.29E-01
11944.97316	2.28E-01
11956.62679	2.28E-01
11968.28042	2.28E-01
11979.93406	2.28E-01
11991.58769	2.28E-01
12003.24132	2.28E-01
12014.89495	2.28E-01
12026.54859	2.28E-01
12038.20222	2.28E-01
12049.85585	2.28E-01
12061.50948	2.28E-01
12073.16312	2.28E-01
12084.81675	2.27E-01
12096.47038	2.27E-01
12108.12401	2.27E-01
12119.77765	2.27E-01
12131.43128	2.27E-01
12143.08491	2.27E-01
12154.73854	2.27E-01
12166.39217	2.26E-01
12178.04581	2.26E-01
12189.69944	2.26E-01
12201.35307	2.26E-01
12213.0067	2.26E-01
12224.66034	2.26E-01
12236.31397	2.26E-01
12247.9676	2.26E-01
12259.62123	2.25E-01
12271.27487	2.25E-01
12282.9285	2.25E-01
12294.58213	2.25E-01
12306.23576	2.25E-01
12317.8894	2.25E-01
12329.54303	2.25E-01
12341.19666	2.25E-01
12352.85029	2.25E-01
12364.50392	2.25E-01
12376.15756	2.25E-01
12387.81119	2.24E-01
12399.46482	2.24E-01
12411.11845	2.24E-01
12422.77209	2.24E-01
12434.42572	2.24E-01
12446.07935	2.24E-01
12457.73298	2.24E-01
12469.38662	2.24E-01
12481.04025	2.23E-01
12492.69388	2.23E-01
12504.34751	2.23E-01
12516.00115	2.23E-01
12527.65478	2.23E-01
12539.30841	2.23E-01
12550.96204	2.23E-01
12562.61567	2.22E-01
12574.26931	2.22E-01
12585.92294	2.22E-01
12597.57657	2.22E-01
12609.2302	2.22E-01
12620.88384	2.22E-01
12632.53747	2.22E-01
12644.1911	2.22E-01
12655.84473	2.22E-01
12667.49837	2.22E-01
12679.152	2.21E-01
12690.80563	2.21E-01
12702.45926	2.21E-01
12714.1129	2.21E-01
12725.76653	2.21E-01
12737.42016	2.21E-01
12749.07379	2.21E-01
12760.72742	2.21E-01
12772.38106	2.21E-01
12784.03469	2.21E-01
12795.68832	2.20E-01
12807.34195	2.20E-01
12818.99559	2.20E-01
12830.64922	2.20E-01
12842.30285	2.20E-01
12853.95648	2.20E-01
12865.61012	2.20E-01
12877.26375	2.20E-01
12888.91738	2.20E-01
12900.57101	2.20E-01
12912.22465	2.19E-01
12923.87828	2.19E-01
12935.53191	2.19E-01
12947.18554	2.19E-01
12958.83917	2.19E-01
12970.49281	2.19E-01
12982.14644	2.19E-01
12993.80007	2.18E-01
13005.4537	2.18E-01
13017.10734	2.18E-01
13028.76097	2.18E-01
13040.4146	2.18E-01
13052.06823	2.18E-01
13063.72187	2.18E-01
13075.3755	2.18E-01
13087.02913	2.18E-01
13098.68276	2.18E-01
13110.33639	2.18E-01
13121.99003	2.17E-01
13133.64366	2.17E-01
13145.29729	2.17E-01
13156.95092	2.17E-01
13168.60456	2.17E-01
13180.25819	2.17E-01
13191.91182	2.17E-01
13203.56545	2.16E-01
13215.21909	2.16E-01
13226.87272	2.16E-01
13238.52635	2.16E-01
13250.17998	2.16E-01
13261.83362	2.16E-01
13273.48725	2.16E-01
13285.14088	2.16E-01
13296.79451	2.16E-01
13308.44814	2.16E-01
13320.10178	2.15E-01
13331.75541	2.15E-01
13343.40904	2.15E-01
13355.06267	2.15E-01
13366.71631	2.15E-01
13378.36994	2.15E-01
13390.02357	2.15E-01
13401.6772	2.15E-01
13413.33084	2.14E-01
13424.98447	2.14E-01
13436.6381	2.14E-01
13448.29173	2.14E-01
13459.94537	2.14E-01
13471.599	2.14E-01
13483.25263	2.14E-01
13494.90626	2.14E-01
13506.55989	2.14E-01
13518.21353	2.13E-01
13529.86716	2.13E-01
13541.52079	2.13E-01
13553.17442	2.13E-01
13564.82806	2.13E-01
13576.48169	2.13E-01
13588.13532	2.13E-01
13599.78895	2.12E-01
13611.44259	2.12E-01
13623.09622	2.12E-01
13634.74985	2.12E-01
13646.40348	2.12E-01
13658.05712	2.12E-01
13669.71075	2.12E-01
13681.36438	2.12E-01
13693.01801	2.12E-01
13704.67164	2.12E-01
13716.32528	2.11E-01
13727.97891	2.11E-01
13739.63254	2.11E-01
13751.28617	2.11E-01
13762.93981	2.11E-01
13774.59344	2.11E-01
13786.24707	2.11E-01
13797.9007	2.11E-01
13809.55434	2.11E-01
13821.20797	2.10E-01
13832.8616	2.10E-01
13844.51523	2.10E-01
13856.16887	2.10E-01
13867.8225	2.10E-01
13879.47613	2.10E-01
13891.12976	2.10E-01
13902.78339	2.10E-01
13914.43703	2.10E-01
13926.09066	2.10E-01
13937.74429	2.09E-01
13949.39792	2.09E-01
13961.05156	2.09E-01
13972.70519	2.09E-01
13984.35882	2.09E-01
13996.01245	2.09E-01
14007.66609	2.09E-01
14019.31972	2.09E-01
14030.97335	2.09E-01
14042.62698	2.08E-01
14054.28062	2.08E-01
14065.93425	2.08E-01
14077.58788	2.08E-01
14089.24151	2.08E-01
14100.89514	2.08E-01
14112.54878	2.08E-01
14124.20241	2.08E-01
14135.85604	2.08E-01
14147.50967	2.07E-01
14159.16331	2.07E-01
14170.81694	2.07E-01
14182.47057	2.07E-01
14194.1242	2.07E-01
14205.77784	2.07E-01
14217.43147	2.06E-01
14229.0851	2.06E-01
14240.73873	2.06E-01
14252.39237	2.06E-01
14264.046	2.06E-01
14275.69963	2.06E-01
14287.35326	2.05E-01
14299.00689	2.05E-01
14310.66053	2.05E-01
14322.31416	2.05E-01
14333.96779	2.04E-01
14345.62142	2.04E-01
14357.27506	2.04E-01
14368.92869	2.04E-01
14380.58232	2.04E-01
14392.23595	2.03E-01
14403.88959	2.03E-01
14415.54322	2.03E-01
14427.19685	2.03E-01
14438.85048	2.02E-01
14450.50412	2.02E-01
14462.15775	2.02E-01
14473.81138	2.02E-01
14485.46501	2.02E-01
14497.11864	2.01E-01
14508.77228	2.01E-01
14520.42591	2.01E-01
14532.07954	2.01E-01
14543.73317	2.01E-01
14555.38681	2.01E-01
14567.04044	2.00E-01
14578.69407	2.00E-01
14590.3477	2.00E-01
14602.00134	2.00E-01
14613.65497	2.00E-01
14625.3086	2.00E-01
14636.96223	2.00E-01
14648.61587	2.00E-01
14660.2695	2.00E-01
14671.92313	2.00E-01
14683.57676	2.00E-01
14695.23039	1.99E-01
14706.88403	1.99E-01
14718.53766	1.99E-01
14730.19129	1.99E-01
14741.84492	1.99E-01
14753.49856	1.99E-01
14765.15219	1.99E-01
14776.80582	1.98E-01
14788.45945	1.98E-01
14800.11309	1.98E-01
14811.76672	1.98E-01
14823.42035	1.98E-01
14835.07398	1.97E-01
14846.72762	1.97E-01
14858.38125	1.97E-01
14870.03488	1.97E-01
14881.68851	1.97E-01
14893.34214	1.97E-01
14904.99578	1.97E-01
14916.64941	1.97E-01
14928.30304	1.97E-01
14939.95667	1.96E-01
14951.61031	1.96E-01
14963.26394	1.96E-01
14974.91757	1.96E-01
14986.5712	1.96E-01
14998.22484	1.96E-01
15009.87847	1.96E-01
15021.5321	1.95E-01
15033.18573	1.95E-01
15044.83937	1.95E-01
15056.493	1.95E-01
15068.14663	1.95E-01
15079.80026	1.95E-01
15091.45389	1.95E-01
15103.10753	1.95E-01
15114.76116	1.94E-01
15126.41479	1.94E-01
15138.06842	1.94E-01
15149.72206	1.94E-01
15161.37569	1.94E-01
15173.02932	1.94E-01
15184.68295	1.94E-01
15196.33659	1.94E-01
15207.99022	1.94E-01
15219.64385	1.93E-01
15231.29748	1.93E-01
15242.95112	1.93E-01
15254.60475	1.93E-01
15266.25838	1.93E-01
15277.91201	1.93E-01
15289.56564	1.93E-01
15301.21928	1.92E-01
15312.87291	1.92E-01
15324.52654	1.92E-01
15336.18017	1.92E-01
15347.83381	1.92E-01
15359.48744	1.92E-01
15371.14107	1.92E-01
15382.7947	1.91E-01
15394.44834	1.91E-01
15406.10197	1.91E-01
15417.7556	1.91E-01
15429.40923	1.91E-01
15441.06287	1.91E-01
15452.7165	1.91E-01
15464.37013	1.90E-01
15476.02376	1.90E-01
15487.67739	1.90E-01
15499.33103	1.90E-01
15510.98466	1.90E-01
15522.63829	1.90E-01
15534.29192	1.90E-01
15545.94556	1.90E-01
15557.59919	1.89E-01
15569.25282	1.89E-01
15580.90645	1.89E-01
15592.56009	1.89E-01
15604.21372	1.89E-01
15615.86735	1.89E-01
15627.52098	1.89E-01
15639.17462	1.88E-01
15650.82825	1.88E-01
15662.48188	1.88E-01
15674.13551	1.88E-01
15685.78914	1.88E-01
15697.44278	1.88E-01
15709.09641	1.87E-01
15720.75004	1.87E-01
15732.40367	1.86E-01
15744.05731	1.86E-01
15755.71094	1.86E-01
15767.36457	1.86E-01
15779.0182	1.86E-01
15790.67184	1.86E-01
15802.32547	1.85E-01
15813.9791	1.85E-01
15825.63273	1.85E-01
15837.28637	1.85E-01
15848.94	1.85E-01
15860.59363	1.84E-01
15872.24726	1.84E-01
15883.90089	1.84E-01
15895.55453	1.84E-01
15907.20816	1.84E-01
15918.86179	1.84E-01
15930.51542	1.84E-01
15942.16906	1.84E-01
15953.82269	1.83E-01
15965.47632	1.83E-01
15977.12995	1.83E-01
15988.78359	1.83E-01
16000.43722	1.83E-01
16012.09085	1.83E-01
16023.74448	1.83E-01
16035.39811	1.83E-01
16047.05175	1.83E-01
16058.70538	1.83E-01
16070.35901	1.82E-01
16082.01264	1.82E-01
16093.66628	1.82E-01
16105.31991	1.82E-01
16116.97354	1.82E-01
16128.62717	1.82E-01
16140.28081	1.82E-01
16151.93444	1.82E-01
16163.58807	1.82E-01
16175.2417	1.82E-01
16186.89534	1.81E-01
16198.54897	1.81E-01
16210.2026	1.81E-01
16221.85623	1.81E-01
16233.50986	1.81E-01
16245.1635	1.81E-01
16256.81713	1.81E-01
16268.47076	1.81E-01
16280.12439	1.81E-01
16291.77803	1.80E-01
16303.43166	1.80E-01
16315.08529	1.80E-01
16326.73892	1.80E-01
16338.39256	1.80E-01
16350.04619	1.80E-01
16361.69982	1.80E-01
16373.35345	1.80E-01
16385.00709	1.80E-01
16396.66072	1.80E-01
16408.31435	1.79E-01
16419.96798	1.79E-01
16431.62161	1.79E-01
16443.27525	1.79E-01
16454.92888	1.79E-01
16466.58251	1.79E-01
16478.23614	1.79E-01
16489.88978	1.79E-01
16501.54341	1.79E-01
16513.19704	1.78E-01
16524.85067	1.78E-01
16536.50431	1.78E-01
16548.15794	1.78E-01
16559.81157	1.78E-01
16571.4652	1.78E-01
16583.11884	1.78E-01
16594.77247	1.78E-01
16606.4261	1.78E-01
16618.07973	1.77E-01
16629.73336	1.77E-01
16641.387	1.77E-01
16653.04063	1.77E-01
16664.69426	1.77E-01
16676.34789	1.77E-01
16688.00153	1.77E-01
16699.65516	1.77E-01
16711.30879	1.77E-01
16722.96242	1.76E-01
16734.61606	1.76E-01
16746.26969	1.76E-01
16757.92332	1.76E-01
16769.57695	1.76E-01
16781.23059	1.76E-01
16792.88422	1.76E-01
16804.53785	1.76E-01
16816.19148	1.76E-01
16827.84511	1.76E-01
16839.49875	1.75E-01
16851.15238	1.75E-01
16862.80601	1.75E-01
16874.45964	1.75E-01
16886.11328	1.75E-01
16897.76691	1.75E-01
16909.42054	1.75E-01
16921.07417	1.75E-01
16932.72781	1.75E-01
16944.38144	1.74E-01
16956.03507	1.74E-01
16967.6887	1.74E-01
16979.34234	1.74E-01
16990.99597	1.74E-01
17002.6496	1.74E-01
17014.30323	1.74E-01
17025.95686	1.74E-01
17037.6105	1.74E-01
17049.26413	1.73E-01
17060.91776	1.73E-01
17072.57139	1.73E-01
17084.22503	1.73E-01
17095.87866	1.73E-01
17107.53229	1.73E-01
17119.18592	1.72E-01
17130.83956	1.72E-01
17142.49319	1.72E-01
17154.14682	1.72E-01
17165.80045	1.72E-01
17177.45409	1.72E-01
17189.10772	1.72E-01
17200.76135	1.72E-01
17212.41498	1.72E-01
17224.06861	1.71E-01
17235.72225	1.71E-01
17247.37588	1.71E-01
17259.02951	1.71E-01
17270.68314	1.71E-01
17282.33678	1.71E-01
17293.99041	1.71E-01
17305.64404	1.71E-01
17317.29767	1.71E-01
17328.95131	1.71E-01
17340.60494	1.70E-01
17352.25857	1.70E-01
17363.9122	1.70E-01
17375.56584	1.70E-01
17387.21947	1.70E-01
17398.8731	1.70E-01
17410.52673	1.70E-01
17422.18036	1.70E-01
17433.834	1.70E-01
17445.48763	1.70E-01
17457.14126	1.69E-01
17468.79489	1.69E-01
17480.44853	1.69E-01
17492.10216	1.69E-01
17503.75579	1.69E-01
17515.40942	1.69E-01
17527.06306	1.69E-01
17538.71669	1.69E-01
17550.37032	1.69E-01
17562.02395	1.68E-01
17573.67759	1.68E-01
17585.33122	1.68E-01
17596.98485	1.68E-01
17608.63848	1.68E-01
17620.29211	1.68E-01
17631.94575	1.68E-01
17643.59938	1.68E-01
17655.25301	1.68E-01
17666.90664	1.68E-01
17678.56028	1.67E-01
17690.21391	1.67E-01
17701.86754	1.67E-01
17713.52117	1.67E-01
17725.17481	1.67E-01
17736.82844	1.67E-01
17748.48207	1.67E-01
17760.1357	1.67E-01
17771.78934	1.67E-01
17783.44297	1.67E-01
17795.0966	1.66E-01
17806.75023	1.66E-01
17818.40386	1.66E-01
17830.0575	1.66E-01
17841.71113	1.66E-01
17853.36476	1.66E-01
17865.01839	1.66E-01
17876.67203	1.66E-01
17888.32566	1.66E-01
17899.97929	1.65E-01
17911.63292	1.65E-01
17923.28656	1.65E-01
17934.94019	1.65E-01
17946.59382	1.65E-01
17958.24745	1.65E-01
17969.90109	1.65E-01
17981.55472	1.65E-01
17993.20835	1.65E-01
18004.86198	1.64E-01
18016.51561	1.64E-01
18028.16925	1.64E-01
18039.82288	1.64E-01
18051.47651	1.64E-01
18063.13014	1.64E-01
18074.78378	1.64E-01
18086.43741	1.64E-01
18098.09104	1.64E-01
18109.74467	1.64E-01
18121.39831	1.64E-01
18133.05194	1.63E-01
18144.70557	1.63E-01
18156.3592	1.63E-01
18168.01284	1.63E-01
18179.66647	1.63E-01
18191.3201	1.63E-01
18202.97373	1.63E-01
18214.62736	1.63E-01
18226.281	1.63E-01
18237.93463	1.63E-01
18249.58826	1.62E-01
18261.24189	1.62E-01
18272.89553	1.62E-01
18284.54916	1.62E-01
18296.20279	1.62E-01
18307.85642	1.62E-01
18319.51006	1.62E-01
18331.16369	1.62E-01
18342.81732	1.62E-01
18354.47095	1.62E-01
18366.12459	1.61E-01
18377.77822	1.61E-01
18389.43185	1.61E-01
18401.08548	1.61E-01
18412.73911	1.61E-01
18424.39275	1.61E-01
18436.04638	1.61E-01
18447.70001	1.61E-01
18459.35364	1.61E-01
18471.00728	1.61E-01
18482.66091	1.60E-01
18494.31454	1.60E-01
18505.96817	1.60E-01
18517.62181	1.60E-01
18529.27544	1.60E-01
18540.92907	1.60E-01
18552.5827	1.60E-01
18564.23634	1.60E-01
18575.88997	1.60E-01
18587.5436	1.59E-01
18599.19723	1.59E-01
18610.85086	1.59E-01
18622.5045	1.59E-01
18634.15813	1.59E-01
18645.81176	1.59E-01
18657.46539	1.59E-01
18669.11903	1.59E-01
18680.77266	1.59E-01
18692.42629	1.59E-01
18704.07992	1.58E-01
18715.73356	1.58E-01
18727.38719	1.58E-01
18739.04082	1.58E-01
18750.69445	1.58E-01
18762.34809	1.58E-01
18774.00172	1.58E-01
18785.65535	1.58E-01
18797.30898	1.58E-01
18808.96261	1.57E-01
18820.61625	1.57E-01
18832.26988	1.57E-01
18843.92351	1.57E-01
18855.57714	1.57E-01
18867.23078	1.57E-01
18878.88441	1.57E-01
18890.53804	1.57E-01
18902.19167	1.57E-01
18913.84531	1.56E-01
18925.49894	1.56E-01
18937.15257	1.56E-01
18948.8062	1.56E-01
18960.45984	1.56E-01
18972.11347	1.56E-01
18983.7671	1.56E-01
18995.42073	1.56E-01
19007.07436	1.56E-01
19018.728	1.56E-01
19030.38163	1.55E-01
19042.03526	1.55E-01
19053.68889	1.55E-01
19065.34253	1.55E-01
19076.99616	1.55E-01
19088.64979	1.55E-01
19100.30342	1.55E-01
19111.95706	1.55E-01
19123.61069	1.54E-01
19135.26432	1.54E-01
19146.91795	1.54E-01
19158.57158	1.54E-01
19170.22522	1.54E-01
19181.87885	1.54E-01
19193.53248	1.54E-01
19205.18611	1.54E-01
19216.83975	1.53E-01
19228.49338	1.53E-01
19240.14701	1.53E-01
19251.80064	1.53E-01
19263.45428	1.53E-01
19275.10791	1.53E-01
19286.76154	1.53E-01
19298.41517	1.53E-01
19310.06881	1.53E-01
19321.72244	1.52E-01
19333.37607	1.52E-01
19345.0297	1.52E-01
19356.68333	1.52E-01
19368.33697	1.52E-01
19379.9906	1.52E-01
19391.64423	1.52E-01
19403.29786	1.52E-01
19414.9515	1.52E-01
19426.60513	1.52E-01
19438.25876	1.51E-01
19449.91239	1.51E-01
19461.56603	1.51E-01
19473.21966	1.51E-01
19484.87329	1.51E-01
19496.52692	1.51E-01
19508.18056	1.51E-01
19519.83419	1.51E-01
19531.48782	1.50E-01
19543.14145	1.50E-01
19554.79508	1.50E-01
19566.44872	1.50E-01
19578.10235	1.50E-01
19589.75598	1.50E-01
19601.40961	1.50E-01
19613.06325	1.50E-01
19624.71688	1.50E-01
19636.37051	1.49E-01
19648.02414	1.49E-01
19659.67778	1.49E-01
19671.33141	1.49E-01
19682.98504	1.49E-01
19694.63867	1.49E-01
19706.29231	1.49E-01
19717.94594	1.49E-01
19729.59957	1.48E-01
19741.2532	1.48E-01
19752.90683	1.48E-01
19764.56047	1.48E-01
19776.2141	1.48E-01
19787.86773	1.48E-01
19799.52136	1.47E-01
19811.175	1.47E-01
19822.82863	1.47E-01
19834.48226	1.47E-01
19846.13589	1.47E-01
19857.78953	1.47E-01
19869.44316	1.47E-01
19881.09679	1.47E-01
19892.75042	1.46E-01
19904.40406	1.46E-01
19916.05769	1.46E-01
19927.71132	1.46E-01
19939.36495	1.46E-01
19951.01858	1.46E-01
19962.67222	1.46E-01
19974.32585	1.46E-01
19985.97948	1.45E-01
19997.63311	1.45E-01
20009.28675	1.45E-01
20020.94038	1.45E-01
20032.59401	1.45E-01
20044.24764	1.45E-01
20055.90128	1.45E-01
20067.55491	1.45E-01
20079.20854	1.44E-01
20090.86217	1.44E-01
20102.51581	1.44E-01
20114.16944	1.44E-01
20125.82307	1.44E-01
20137.4767	1.44E-01
20149.13033	1.44E-01
20160.78397	1.43E-01
20172.4376	1.43E-01
20184.09123	1.43E-01
20195.74486	1.43E-01
20207.3985	1.43E-01
20219.05213	1.43E-01
20230.70576	1.43E-01
20242.35939	1.43E-01
20254.01303	1.43E-01
20265.66666	1.43E-01
20277.32029	1.42E-01
20288.97392	1.42E-01
20300.62756	1.42E-01
20312.28119	1.42E-01
20323.93482	1.42E-01
20335.58845	1.42E-01
20347.24208	1.42E-01
20358.89572	1.42E-01
20370.54935	1.42E-01
20382.20298	1.41E-01
20393.85661	1.41E-01
20405.51025	1.41E-01
20417.16388	1.41E-01
20428.81751	1.41E-01
20440.47114	1.41E-01
20452.12478	1.41E-01
20463.77841	1.41E-01
20475.43204	1.40E-01
20487.08567	1.40E-01
20498.73931	1.40E-01
20510.39294	1.40E-01
20522.04657	1.40E-01
20533.7002	1.40E-01
20545.35383	1.40E-01
20557.00747	1.40E-01
20568.6611	1.40E-01
20580.31473	1.39E-01
20591.96836	1.39E-01
20603.622	1.39E-01
20615.27563	1.39E-01
20626.92926	1.39E-01
20638.58289	1.39E-01
20650.23653	1.39E-01
20661.89016	1.39E-01
20673.54379	1.39E-01
20685.19742	1.38E-01
20696.85106	1.38E-01
20708.50469	1.38E-01
20720.15832	1.38E-01
20731.81195	1.38E-01
20743.46558	1.38E-01
20755.11922	1.38E-01
20766.77285	1.38E-01
20778.42648	1.38E-01
20790.08011	1.37E-01
20801.73375	1.37E-01
20813.38738	1.37E-01
20825.04101	1.37E-01
20836.69464	1.37E-01
20848.34828	1.37E-01
20860.00191	1.37E-01
20871.65554	1.37E-01
20883.30917	1.36E-01
20894.96281	1.36E-01
20906.61644	1.36E-01
20918.27007	1.36E-01
20929.9237	1.36E-01
20941.57733	1.36E-01
20953.23097	1.36E-01
20964.8846	1.36E-01
20976.53823	1.35E-01
20988.19186	1.35E-01
20999.8455	1.35E-01
21011.49913	1.35E-01
21023.15276	1.35E-01
21034.80639	1.35E-01
21046.46003	1.35E-01
21058.11366	1.35E-01
21069.76729	1.35E-01
21081.42092	1.34E-01
21093.07456	1.34E-01
21104.72819	1.34E-01
21116.38182	1.34E-01
21128.03545	1.34E-01
21139.68908	1.34E-01
21151.34272	1.34E-01
21162.99635	1.34E-01
21174.64998	1.34E-01
21186.30361	1.33E-01
21197.95725	1.33E-01
21209.61088	1.33E-01
21221.26451	1.33E-01
21232.91814	1.33E-01
21244.57178	1.33E-01
21256.22541	1.33E-01
21267.87904	1.32E-01
21279.53267	1.32E-01
21291.18631	1.32E-01
21302.83994	1.32E-01
21314.49357	1.32E-01
21326.1472	1.32E-01
21337.80083	1.32E-01
21349.45447	1.32E-01
21361.1081	1.31E-01
21372.76173	1.31E-01
21384.41536	1.31E-01
21396.069	1.31E-01
21407.72263	1.31E-01
21419.37626	1.31E-01
21431.02989	1.31E-01
21442.68353	1.31E-01
21454.33716	1.31E-01
21465.99079	1.30E-01
21477.64442	1.30E-01
21489.29806	1.30E-01
21500.95169	1.30E-01
21512.60532	1.30E-01
21524.25895	1.30E-01
21535.91258	1.30E-01
21547.56622	1.29E-01
21559.21985	1.29E-01
21570.87348	1.29E-01
21582.52711	1.29E-01
21594.18075	1.29E-01
21605.83438	1.29E-01
21617.48801	1.29E-01
21629.14164	1.29E-01
21640.79528	1.29E-01
21652.44891	1.28E-01
21664.10254	1.28E-01
21675.75617	1.28E-01
21687.40981	1.28E-01
21699.06344	1.28E-01
21710.71707	1.28E-01
21722.3707	1.28E-01
21734.02433	1.28E-01
21745.67797	1.28E-01
21757.3316	1.27E-01
21768.98523	1.27E-01
21780.63886	1.27E-01
21792.2925	1.27E-01
21803.94613	1.27E-01
21815.59976	1.27E-01
21827.25339	1.27E-01
21838.90703	1.27E-01
21850.56066	1.27E-01
21862.21429	1.26E-01
21873.86792	1.26E-01
21885.52156	1.26E-01
21897.17519	1.26E-01
21908.82882	1.26E-01
21920.48245	1.26E-01
21932.13608	1.26E-01
21943.78972	1.26E-01
21955.44335	1.26E-01
21967.09698	1.25E-01
21978.75061	1.25E-01
21990.40425	1.25E-01
22002.05788	1.25E-01
22013.71151	1.25E-01
22025.36514	1.25E-01
22037.01878	1.25E-01
22048.67241	1.25E-01
22060.32604	1.24E-01
22071.97967	1.24E-01
22083.6333	1.24E-01
22095.28694	1.24E-01
22106.94057	1.24E-01
22118.5942	1.24E-01
22130.24783	1.24E-01
22141.90147	1.24E-01
22153.5551	1.23E-01
22165.20873	1.23E-01
22176.86236	1.23E-01
22188.516	1.23E-01
22200.16963	1.23E-01
22211.82326	1.23E-01
22223.47689	1.23E-01
22235.13053	1.23E-01
22246.78416	1.23E-01
22258.43779	1.22E-01
22270.09142	1.22E-01
22281.74505	1.22E-01
22293.39869	1.22E-01
22305.05232	1.22E-01
22316.70595	1.22E-01
22328.35958	1.22E-01
22340.01322	1.22E-01
22351.66685	1.21E-01
22363.32048	1.21E-01
22374.97411	1.21E-01
22386.62775	1.21E-01
22398.28138	1.21E-01
22409.93501	1.21E-01
22421.58864	1.21E-01
22433.24228	1.21E-01
22444.89591	1.21E-01
22456.54954	1.20E-01
22468.20317	1.20E-01
22479.8568	1.20E-01
22491.51044	1.20E-01
22503.16407	1.20E-01
22514.8177	1.20E-01
22526.47133	1.20E-01
22538.12497	1.20E-01
22549.7786	1.19E-01
22561.43223	1.19E-01
22573.08586	1.19E-01
22584.7395	1.19E-01
22596.39313	1.19E-01
22608.04676	1.19E-01
22619.70039	1.19E-01
22631.35403	1.19E-01
22643.00766	1.18E-01
22654.66129	1.18E-01
22666.31492	1.18E-01
22677.96855	1.18E-01
22689.62219	1.18E-01
22701.27582	1.18E-01
22712.92945	1.18E-01
22724.58308	1.18E-01
22736.23672	1.17E-01
22747.89035	1.17E-01
22759.54398	1.17E-01
22771.19761	1.17E-01
22782.85125	1.17E-01
22794.50488	1.17E-01
22806.15851	1.17E-01
22817.81214	1.17E-01
22829.46578	1.16E-01
22841.11941	1.16E-01
22852.77304	1.16E-01
22864.42667	1.16E-01
22876.0803	1.16E-01
22887.73394	1.16E-01
22899.38757	1.16E-01
22911.0412	1.16E-01
22922.69483	1.16E-01
22934.34847	1.15E-01
22946.0021	1.15E-01
22957.65573	1.15E-01
22969.30936	1.15E-01
22980.963	1.15E-01
22992.61663	1.15E-01
23004.27026	1.15E-01
23015.92389	1.15E-01
23027.57753	1.14E-01
23039.23116	1.14E-01
23050.88479	1.14E-01
23062.53842	1.14E-01
23074.19205	1.14E-01
23085.84569	1.14E-01
23097.49932	1.14E-01
23109.15295	1.14E-01
23120.80658	1.13E-01
23132.46022	1.13E-01
23144.11385	1.13E-01
23155.76748	1.13E-01
23167.42111	1.13E-01
23179.07475	1.13E-01
23190.72838	1.13E-01
23202.38201	1.13E-01
23214.03564	1.12E-01
23225.68928	1.12E-01
23237.34291	1.12E-01
23248.99654	1.12E-01
23260.65017	1.12E-01
23272.3038	1.12E-01
23283.95744	1.12E-01
23295.61107	1.12E-01
23307.2647	1.12E-01
23318.91833	1.11E-01
23330.57197	1.11E-01
23342.2256	1.11E-01
23353.87923	1.11E-01
23365.53286	1.11E-01
23377.1865	1.11E-01
23388.84013	1.11E-01
23400.49376	1.10E-01
23412.14739	1.10E-01
23423.80103	1.10E-01
23435.45466	1.10E-01
23447.10829	1.10E-01
23458.76192	1.10E-01
23470.41555	1.10E-01
23482.06919	1.09E-01
23493.72282	1.09E-01
23505.37645	1.09E-01
23517.03008	1.09E-01
23528.68372	1.09E-01
23540.33735	1.09E-01
23551.99098	1.09E-01
23563.64461	1.09E-01
23575.29825	1.08E-01
23586.95188	1.08E-01
23598.60551	1.08E-01
23610.25914	1.08E-01
23621.91278	1.08E-01
23633.56641	1.08E-01
23645.22004	1.08E-01
23656.87367	1.07E-01
23668.5273	1.07E-01
23680.18094	1.07E-01
23691.83457	1.07E-01
23703.4882	1.07E-01
23715.14183	1.07E-01
23726.79547	1.07E-01
23738.4491	1.07E-01
23750.10273	1.06E-01
23761.75636	1.06E-01
23773.41	1.06E-01
23785.06363	1.06E-01
23796.71726	1.06E-01
23808.37089	1.06E-01
23820.02453	1.06E-01
23831.67816	1.06E-01
23843.33179	1.05E-01
23854.98542	1.05E-01
23866.63905	1.05E-01
23878.29269	1.05E-01
23889.94632	1.05E-01
23901.59995	1.05E-01
23913.25358	1.05E-01
23924.90722	1.05E-01
23936.56085	1.04E-01
23948.21448	1.04E-01
23959.86811	1.04E-01
23971.52175	1.04E-01
23983.17538	1.04E-01
23994.82901	1.04E-01
24006.48264	1.03E-01
24018.13628	1.03E-01
24029.78991	1.03E-01
24041.44354	1.03E-01
24053.09717	1.03E-01
24064.7508	1.03E-01
24076.40444	1.03E-01
24088.05807	1.02E-01
24099.7117	1.02E-01
24111.36533	1.02E-01
24123.01897	1.02E-01
24134.6726	1.02E-01
24146.32623	1.02E-01
24157.97986	1.02E-01
24169.6335	1.01E-01
24181.28713	1.01E-01
24192.94076	1.01E-01
24204.59439	1.01E-01
24216.24803	1.01E-01
24227.90166	1.01E-01
24239.55529	1.01E-01
24251.20892	1.00E-01
24262.86255	1.00E-01
24274.51619	1.00E-01
24286.16982	1.00E-01
24297.82345	9.99E-02
24309.47708	9.97E-02
24321.13072	9.96E-02
24332.78435	9.94E-02
24344.43798	9.93E-02
24356.09161	9.92E-02
24367.74525	9.90E-02
24379.39888	9.89E-02
24391.05251	9.88E-02
24402.70614	9.87E-02
24414.35978	9.85E-02
24426.01341	9.84E-02
24437.66704	9.83E-02
24449.32067	9.81E-02
24460.9743	9.80E-02
24472.62794	9.79E-02
24484.28157	9.78E-02
24495.9352	9.76E-02
24507.58883	9.74E-02
24519.24247	9.73E-02
24530.8961	9.72E-02
24542.54973	9.70E-02
24554.20336	9.68E-02
24565.857	9.67E-02
24577.51063	9.65E-02
24589.16426	9.64E-02
24600.81789	9.63E-02
24612.47153	9.62E-02
24624.12516	9.60E-02
24635.77879	9.59E-02
24647.43242	9.58E-02
24659.08605	9.56E-02
24670.73969	9.55E-02
24682.39332	9.54E-02
24694.04695	9.52E-02
24705.70058	9.51E-02
24717.35422	9.50E-02
24729.00785	9.48E-02
24740.66148	9.45E-02
24752.31511	9.44E-02
24763.96875	9.43E-02
24775.62238	9.41E-02
24787.27601	9.39E-02
24798.92964	9.38E-02
24810.58328	9.37E-02
24822.23691	9.36E-02
24833.89054	9.34E-02
24845.54417	9.32E-02
24857.1978	9.30E-02
24868.85144	9.29E-02
24880.50507	9.28E-02
24892.1587	9.26E-02
24903.81233	9.24E-02
24915.46597	9.22E-02
24927.1196	9.21E-02
24938.77323	9.20E-02
24950.42686	9.18E-02
24962.0805	9.17E-02
24973.73413	9.15E-02
24985.38776	9.14E-02
24997.04139	9.13E-02
25008.69502	9.11E-02
25020.34866	9.10E-02
25032.00229	9.09E-02
25043.65592	9.08E-02
25055.30955	9.06E-02
25066.96319	9.05E-02
25078.61682	9.04E-02
25090.27045	9.02E-02
25101.92408	9.01E-02
25113.57772	8.99E-02
25125.23135	8.96E-02
25136.88498	8.94E-02
25148.53861	8.92E-02
25160.19225	8.90E-02
25171.84588	8.89E-02
25183.49951	8.87E-02
25195.15314	8.86E-02
25206.80677	8.85E-02
25218.46041	8.83E-02
25230.11404	8.81E-02
25241.76767	8.80E-02
25253.4213	8.79E-02
25265.07494	8.77E-02
25276.72857	8.75E-02
25288.3822	8.73E-02
25300.03583	8.71E-02
25311.68947	8.69E-02
25323.3431	8.68E-02
25334.99673	8.66E-02
25346.65036	8.65E-02
25358.304	8.63E-02
25369.95763	8.62E-02
25381.61126	8.60E-02
25393.26489	8.59E-02
25404.91852	8.57E-02
25416.57216	8.55E-02
25428.22579	8.54E-02
25439.87942	8.53E-02
25451.53305	8.51E-02
25463.18669	8.49E-02
25474.84032	8.48E-02
25486.49395	8.46E-02
25498.14758	8.44E-02
25509.80122	8.43E-02
25521.45485	8.41E-02
25533.10848	8.40E-02
25544.76211	8.38E-02
25556.41575	8.37E-02
25568.06938	8.36E-02
25579.72301	8.34E-02
25591.37664	8.33E-02
25603.03027	8.31E-02
25614.68391	8.30E-02
25626.33754	8.29E-02
25637.99117	8.28E-02
25649.6448	8.26E-02
25661.29844	8.25E-02
25672.95207	8.24E-02
25684.6057	8.23E-02
25696.25933	8.21E-02
25707.91297	8.19E-02
25719.5666	8.18E-02
25731.22023	8.16E-02
25742.87386	8.15E-02
25754.5275	8.13E-02
25766.18113	8.12E-02
25777.83476	8.10E-02
25789.48839	8.09E-02
25801.14202	8.08E-02
25812.79566	8.07E-02
25824.44929	8.05E-02
25836.10292	8.04E-02
25847.75655	8.02E-02
25859.41019	8.01E-02
25871.06382	7.99E-02
25882.71745	7.98E-02
25894.37108	7.96E-02
25906.02472	7.95E-02
25917.67835	7.93E-02
25929.33198	7.92E-02
25940.98561	7.90E-02
25952.63925	7.89E-02
25964.29288	7.87E-02
25975.94651	7.86E-02
25987.60014	7.85E-02
25999.25377	7.83E-02
26010.90741	7.82E-02
26022.56104	7.80E-02
26034.21467	7.79E-02
26045.8683	7.77E-02
26057.52194	7.76E-02
26069.17557	7.75E-02
26080.8292	7.74E-02
26092.48283	7.72E-02
26104.13647	7.71E-02
26115.7901	7.69E-02
26127.44373	7.68E-02
26139.09736	7.66E-02
26150.751	7.65E-02
26162.40463	7.63E-02
26174.05826	7.61E-02
26185.71189	7.59E-02
26197.36552	7.58E-02
26209.01916	7.56E-02
26220.67279	7.54E-02
26232.32642	7.53E-02
26243.98005	7.52E-02
26255.63369	7.51E-02
26267.28732	7.49E-02
26278.94095	7.48E-02
26290.59458	7.45E-02
26302.24822	7.44E-02
26313.90185	7.42E-02
26325.55548	7.41E-02
26337.20911	7.39E-02
26348.86275	7.38E-02
26360.51638	7.37E-02
26372.17001	7.35E-02
26383.82364	7.34E-02
26395.47727	7.32E-02
26407.13091	7.31E-02
26418.78454	7.29E-02
26430.43817	7.28E-02
26442.0918	7.26E-02
26453.74544	7.25E-02
26465.39907	7.24E-02
26477.0527	7.22E-02
26488.70633	7.21E-02
26500.35997	7.19E-02
26512.0136	7.18E-02
26523.66723	7.17E-02
26535.32086	7.15E-02
26546.9745	7.14E-02
26558.62813	7.13E-02
26570.28176	7.11E-02
26581.93539	7.10E-02
26593.58902	7.09E-02
26605.24266	7.06E-02
26616.89629	7.05E-02
26628.54992	7.04E-02
26640.20355	7.02E-02
26651.85719	7.01E-02
26663.51082	6.99E-02
26675.16445	6.97E-02
26686.81808	6.96E-02
26698.47172	6.94E-02
26710.12535	6.93E-02
26721.77898	6.92E-02
26733.43261	6.90E-02
26745.08625	6.89E-02
26756.73988	6.87E-02
26768.39351	6.86E-02
26780.04714	6.84E-02
26791.70077	6.83E-02
26803.35441	6.81E-02
26815.00804	6.80E-02
26826.66167	6.79E-02
26838.3153	6.77E-02
26849.96894	6.76E-02
26861.62257	6.74E-02
26873.2762	6.72E-02
26884.92983	6.71E-02
26896.58347	6.69E-02
26908.2371	6.68E-02
26919.89073	6.66E-02
26931.54436	6.65E-02
26943.198	6.63E-02
26954.85163	6.62E-02
26966.50526	6.60E-02
26978.15889	6.58E-02
26989.81252	6.56E-02
27001.46616	6.55E-02
27013.11979	6.54E-02
27024.77342	6.52E-02
27036.42705	6.50E-02
27048.08069	6.49E-02
27059.73432	6.47E-02
27071.38795	6.46E-02
27083.04158	6.45E-02
27094.69522	6.43E-02
27106.34885	6.41E-02
27118.00248	6.39E-02
27129.65611	6.38E-02
27141.30975	6.35E-02
27152.96338	6.34E-02
27164.61701	6.32E-02
27176.27064	6.31E-02
27187.92427	6.29E-02
27199.57791	6.27E-02
27211.23154	6.25E-02
27222.88517	6.23E-02
27234.5388	6.22E-02
27246.19244	6.21E-02
27257.84607	6.19E-02
27269.4997	6.18E-02
27281.15333	6.16E-02
27292.80697	6.14E-02
27304.4606	6.13E-02
27316.11423	6.11E-02
27327.76786	6.10E-02
27339.4215	6.06E-02
27351.07513	6.04E-02
27362.72876	6.03E-02
27374.38239	6.02E-02
27386.03602	6.00E-02
27397.68966	5.98E-02
27409.34329	5.96E-02
27420.99692	5.94E-02
27432.65055	5.93E-02
27444.30419	5.91E-02
27455.95782	5.90E-02
27467.61145	5.87E-02
27479.26508	5.86E-02
27490.91872	5.84E-02
27502.57235	5.83E-02
27514.22598	5.81E-02
27525.87961	5.79E-02
27537.53325	5.77E-02
27549.18688	5.76E-02
27560.84051	5.74E-02
27572.49414	5.73E-02
27584.14777	5.71E-02
27595.80141	5.69E-02
27607.45504	5.67E-02
27619.10867	5.66E-02
27630.7623	5.64E-02
27642.41594	5.63E-02
27654.06957	5.61E-02
27665.7232	5.60E-02
27677.37683	5.58E-02
27689.03047	5.56E-02
27700.6841	5.55E-02
27712.33773	5.53E-02
27723.99136	5.51E-02
27735.645	5.50E-02
27747.29863	5.48E-02
27758.95226	5.47E-02
27770.60589	5.44E-02
27782.25952	5.43E-02
27793.91316	5.41E-02
27805.56679	5.39E-02
27817.22042	5.37E-02
27828.87405	5.35E-02
27840.52769	5.34E-02
27852.18132	5.32E-02
27863.83495	5.30E-02
27875.48858	5.29E-02
27887.14222	5.27E-02
27898.79585	5.26E-02
27910.44948	5.24E-02
27922.10311	5.23E-02
27933.75675	5.20E-02
27945.41038	5.19E-02
27957.06401	5.17E-02
27968.71764	5.16E-02
27980.37127	5.13E-02
27992.02491	5.12E-02
28003.67854	5.10E-02
28015.33217	5.08E-02
28026.9858	5.07E-02
28038.63944	5.05E-02
28050.29307	5.03E-02
28061.9467	5.01E-02
28073.60033	4.99E-02
28085.25397	4.97E-02
28096.9076	4.96E-02
28108.56123	4.94E-02
28120.21486	4.92E-02
28131.86849	4.91E-02
28143.52213	4.88E-02
28155.17576	4.87E-02
28166.82939	4.85E-02
28178.48302	4.83E-02
28190.13666	4.81E-02
28201.79029	4.79E-02
28213.44392	4.77E-02
28225.09755	4.76E-02
28236.75119	4.74E-02
28248.40482	4.72E-02
28260.05845	4.70E-02
28271.71208	4.68E-02
28283.36572	4.67E-02
28295.01935	4.65E-02
28306.67298	4.63E-02
28318.32661	4.62E-02
28329.98024	4.60E-02
28341.63388	4.59E-02
28353.28751	4.57E-02
28364.94114	4.55E-02
28376.59477	4.53E-02
28388.24841	4.52E-02
28399.90204	4.50E-02
28411.55567	4.48E-02
28423.2093	4.46E-02
28434.86294	4.45E-02
28446.51657	4.43E-02
28458.1702	4.41E-02
28469.82383	4.39E-02
28481.47747	4.37E-02
28493.1311	4.35E-02
28504.78473	4.34E-02
28516.43836	4.32E-02
28528.09199	4.30E-02
28539.74563	4.28E-02
28551.39926	4.27E-02
28563.05289	4.25E-02
28574.70652	4.23E-02
28586.36016	4.22E-02
28598.01379	4.20E-02
28609.66742	4.18E-02
28621.32105	4.16E-02
28632.97469	4.14E-02
28644.62832	4.12E-02
28656.28195	4.10E-02
28667.93558	4.08E-02
28679.58922	4.07E-02
28691.24285	4.05E-02
28702.89648	4.03E-02
28714.55011	4.01E-02
28726.20374	3.99E-02
28737.85738	3.97E-02
28749.51101	3.95E-02
28761.16464	3.94E-02
28772.81827	3.92E-02
28784.47191	3.90E-02
28796.12554	3.88E-02
28807.77917	3.86E-02
28819.4328	3.84E-02
28831.08644	3.82E-02
28842.74007	3.80E-02
28854.3937	3.78E-02
28866.04733	3.76E-02
28877.70097	3.74E-02
28889.3546	3.72E-02
28901.00823	3.70E-02
28912.66186	3.69E-02
28924.31549	3.67E-02
28935.96913	3.65E-02
28947.62276	3.63E-02
28959.27639	3.61E-02
28970.93002	3.59E-02
28982.58366	3.57E-02
28994.23729	3.55E-02
29005.89092	3.53E-02
29017.54455	3.52E-02
29029.19819	3.50E-02
29040.85182	3.48E-02
29052.50545	3.46E-02
29064.15908	3.44E-02
29075.81272	3.42E-02
29087.46635	3.40E-02
29099.11998	3.38E-02
29110.77361	3.36E-02
29122.42724	3.34E-02
29134.08088	3.32E-02
29145.73451	3.30E-02
29157.38814	3.28E-02
29169.04177	3.26E-02
29180.69541	3.24E-02
29192.34904	3.22E-02
29204.00267	3.20E-02
29215.6563	3.18E-02
29227.30994	3.16E-02
29238.96357	3.14E-02
29250.6172	3.12E-02
29262.27083	3.10E-02
29273.92447	3.08E-02
29285.5781	3.06E-02
29297.23173	3.04E-02
29308.88536	3.02E-02
29320.53899	3.00E-02
29332.19263	2.98E-02
29343.84626	2.96E-02
29355.49989	2.93E-02
29367.15352	2.91E-02
29378.80716	2.89E-02
29390.46079	2.87E-02
29402.11442	2.85E-02
29413.76805	2.83E-02
29425.42169	2.81E-02
29437.07532	2.78E-02
29448.72895	2.76E-02
29460.38258	2.74E-02
29472.03622	2.72E-02
29483.68985	2.70E-02
29495.34348	2.69E-02
29506.99711	2.67E-02
29518.65074	2.64E-02
29530.30438	2.62E-02
29541.95801	2.60E-02
29553.61164	2.58E-02
29565.26527	2.56E-02
29576.91891	2.54E-02
29588.57254	2.51E-02
29600.22617	2.47E-02
29611.8798	2.45E-02
29623.53344	2.43E-02
29635.18707	2.40E-02
29646.8407	2.38E-02
29658.49433	2.35E-02
29670.14797	2.33E-02
29681.8016	2.30E-02
29693.45523	2.27E-02
29705.10886	2.25E-02
29716.76249	2.22E-02
29728.41613	2.20E-02
29740.06976	2.17E-02
29751.72339	2.15E-02
29763.37702	2.14E-02
29775.03066	2.12E-02
29786.68429	2.09E-02
29798.33792	2.07E-02
29809.99155	2.04E-02
29821.64519	2.01E-02
29833.29882	1.99E-02
29844.95245	1.97E-02
29856.60608	1.95E-02
29868.25972	1.93E-02
29879.91335	1.90E-02
29891.56698	1.87E-02
29903.22061	1.84E-02
29914.87424	1.80E-02
29926.52788	1.77E-02
29938.18151	1.73E-02
29949.83514	1.71E-02
29961.48877	1.67E-02
29973.14241	1.64E-02
29984.79604	1.61E-02
29996.44967	1.59E-02
30008.1033	1.57E-02
30019.75694	1.54E-02
30031.41057	1.52E-02
30043.0642	1.50E-02
30054.71783	1.48E-02
30066.37147	1.46E-02
30078.0251	1.44E-02
30089.67873	1.42E-02
30101.33236	1.39E-02
30112.98599	1.37E-02
30124.63963	1.34E-02
30136.29326	1.32E-02
30147.94689	1.29E-02
30159.60052	1.26E-02
30171.25416	1.23E-02
30182.90779	1.19E-02
30194.56142	1.16E-02
30206.21505	1.14E-02
30217.86869	1.11E-02
30229.52232	1.09E-02
30241.17595	1.05E-02
30252.82958	1.03E-02
30264.48322	1.00E-02
30276.13685	9.67E-03
30287.79048	9.47E-03
30299.44411	9.28E-03
30311.09774	8.80E-03
30322.75138	8.51E-03
30334.40501	8.30E-03
30346.05864	8.10E-03
30357.71227	7.56E-03
30369.36591	7.00E-03
30381.01954	6.77E-03
30392.67317	6.38E-03
30404.3268	5.75E-03
30415.98044	5.46E-03
30427.63407	5.01E-03
30439.2877	4.80E-03
30450.94133	4.29E-03
30462.59497	3.88E-03
30474.2486	3.62E-03
30485.90223	3.41E-03
30497.55586	2.76E-03
30509.20949	2.51E-03
30520.86313	2.06E-03
30532.51676	1.86E-03
30544.17039	1.64E-03
30555.82402	1.08E-03
30567.47766	4.33E-04
30579.13129	2.01E-04