-39462.09398	2.50E-08
-39444.18922	1.19E-05
-39426.28445	2.16E-04
-39408.37969	3.65E-04
-39390.47493	7.22E-04
-39372.57017	1.05E-03
-39354.66541	1.18E-03
-39336.76065	1.31E-03
-39318.85589	1.41E-03
-39300.95113	1.59E-03
-39283.04636	1.74E-03
-39265.1416	1.93E-03
-39247.23684	2.05E-03
-39229.33208	2.35E-03
-39211.42732	2.44E-03
-39193.52256	2.57E-03
-39175.6178	2.99E-03
-39157.71303	3.11E-03
-39139.80827	3.30E-03
-39121.90351	3.53E-03
-39103.99875	3.64E-03
-39086.09399	3.74E-03
-39068.18923	3.92E-03
-39050.28447	4.19E-03
-39032.37971	4.30E-03
-39014.47494	4.43E-03
-38996.57018	4.54E-03
-38978.66542	4.74E-03
-38960.76066	5.06E-03
-38942.8559	5.18E-03
-38924.95114	5.33E-03
-38907.04638	5.64E-03
-38889.14161	5.78E-03
-38871.23685	5.91E-03
-38853.33209	6.29E-03
-38835.42733	6.47E-03
-38817.52257	6.73E-03
-38799.61781	6.89E-03
-38781.71305	7.06E-03
-38763.80829	7.21E-03
-38745.90352	7.35E-03
-38727.99876	7.51E-03
-38710.094	7.62E-03
-38692.18924	7.76E-03
-38674.28448	7.89E-03
-38656.37972	8.07E-03
-38638.47496	8.35E-03
-38620.57019	8.49E-03
-38602.66543	8.90E-03
-38584.76067	9.00E-03
-38566.85591	9.13E-03
-38548.95115	9.26E-03
-38531.04639	9.38E-03
-38513.14163	9.70E-03
-38495.23687	9.81E-03
-38477.3321	9.93E-03
-38459.42734	1.01E-02
-38441.52258	1.04E-02
-38423.61782	1.05E-02
-38405.71306	1.06E-02
-38387.8083	1.09E-02
-38369.90354	1.11E-02
-38351.99877	1.13E-02
-38334.09401	1.14E-02
-38316.18925	1.17E-02
-38298.28449	1.19E-02
-38280.37973	1.20E-02
-38262.47497	1.21E-02
-38244.57021	1.22E-02
-38226.66545	1.26E-02
-38208.76068	1.28E-02
-38190.85592	1.29E-02
-38172.95116	1.31E-02
-38155.0464	1.33E-02
-38137.14164	1.35E-02
-38119.23688	1.36E-02
-38101.33212	1.37E-02
-38083.42735	1.38E-02
-38065.52259	1.39E-02
-38047.61783	1.41E-02
-38029.71307	1.42E-02
-38011.80831	1.43E-02
-37993.90355	1.45E-02
-37975.99879	1.49E-02
-37958.09403	1.50E-02
-37940.18926	1.52E-02
-37922.2845	1.53E-02
-37904.37974	1.55E-02
-37886.47498	1.56E-02
-37868.57022	1.57E-02
-37850.66546	1.59E-02
-37832.7607	1.60E-02
-37814.85593	1.63E-02
-37796.95117	1.64E-02
-37779.04641	1.65E-02
-37761.14165	1.67E-02
-37743.23689	1.68E-02
-37725.33213	1.69E-02
-37707.42737	1.72E-02
-37689.52261	1.73E-02
-37671.61784	1.76E-02
-37653.71308	1.78E-02
-37635.80832	1.79E-02
-37617.90356	1.82E-02
-37599.9988	1.83E-02
-37582.09404	1.84E-02
-37564.18928	1.86E-02
-37546.28451	1.88E-02
-37528.37975	1.89E-02
-37510.47499	1.90E-02
-37492.57023	1.92E-02
-37474.66547	1.93E-02
-37456.76071	1.95E-02
-37438.85595	1.96E-02
-37420.95119	1.98E-02
-37403.04642	2.00E-02
-37385.14166	2.02E-02
-37367.2369	2.03E-02
-37349.33214	2.04E-02
-37331.42738	2.06E-02
-37313.52262	2.09E-02
-37295.61786	2.11E-02
-37277.71309	2.12E-02
-37259.80833	2.13E-02
-37241.90357	2.15E-02
-37223.99881	2.16E-02
-37206.09405	2.19E-02
-37188.18929	2.21E-02
-37170.28453	2.22E-02
-37152.37977	2.24E-02
-37134.475	2.25E-02
-37116.57024	2.26E-02
-37098.66548	2.28E-02
-37080.76072	2.29E-02
-37062.85596	2.32E-02
-37044.9512	2.33E-02
-37027.04644	2.35E-02
-37009.14167	2.36E-02
-36991.23691	2.39E-02
-36973.33215	2.40E-02
-36955.42739	2.41E-02
-36937.52263	2.43E-02
-36919.61787	2.46E-02
-36901.71311	2.48E-02
-36883.80835	2.49E-02
-36865.90358	2.51E-02
-36847.99882	2.52E-02
-36830.09406	2.53E-02
-36812.1893	2.53E-02
-36794.28454	2.55E-02
-36776.37978	2.56E-02
-36758.47502	2.57E-02
-36740.57025	2.58E-02
-36722.66549	2.59E-02
-36704.76073	2.60E-02
-36686.85597	2.61E-02
-36668.95121	2.62E-02
-36651.04645	2.64E-02
-36633.14169	2.65E-02
-36615.23693	2.66E-02
-36597.33216	2.67E-02
-36579.4274	2.69E-02
-36561.52264	2.70E-02
-36543.61788	2.71E-02
-36525.71312	2.72E-02
-36507.80836	2.74E-02
-36489.9036	2.76E-02
-36471.99883	2.77E-02
-36454.09407	2.79E-02
-36436.18931	2.80E-02
-36418.28455	2.81E-02
-36400.37979	2.83E-02
-36382.47503	2.85E-02
-36364.57027	2.86E-02
-36346.66551	2.88E-02
-36328.76074	2.89E-02
-36310.85598	2.90E-02
-36292.95122	2.92E-02
-36275.04646	2.93E-02
-36257.1417	2.94E-02
-36239.23694	2.95E-02
-36221.33218	2.97E-02
-36203.42741	2.98E-02
-36185.52265	3.00E-02
-36167.61789	3.01E-02
-36149.71313	3.02E-02
-36131.80837	3.04E-02
-36113.90361	3.05E-02
-36095.99885	3.06E-02
-36078.09409	3.07E-02
-36060.18932	3.08E-02
-36042.28456	3.09E-02
-36024.3798	3.11E-02
-36006.47504	3.12E-02
-35988.57028	3.15E-02
-35970.66552	3.16E-02
-35952.76076	3.17E-02
-35934.85599	3.18E-02
-35916.95123	3.20E-02
-35899.04647	3.21E-02
-35881.14171	3.22E-02
-35863.23695	3.24E-02
-35845.33219	3.25E-02
-35827.42743	3.26E-02
-35809.52267	3.28E-02
-35791.6179	3.31E-02
-35773.71314	3.32E-02
-35755.80838	3.34E-02
-35737.90362	3.35E-02
-35719.99886	3.36E-02
-35702.0941	3.37E-02
-35684.18934	3.38E-02
-35666.28457	3.39E-02
-35648.37981	3.40E-02
-35630.47505	3.42E-02
-35612.57029	3.44E-02
-35594.66553	3.45E-02
-35576.76077	3.46E-02
-35558.85601	3.48E-02
-35540.95125	3.49E-02
-35523.04648	3.52E-02
-35505.14172	3.53E-02
-35487.23696	3.54E-02
-35469.3322	3.55E-02
-35451.42744	3.57E-02
-35433.52268	3.59E-02
-35415.61792	3.60E-02
-35397.71315	3.61E-02
-35379.80839	3.63E-02
-35361.90363	3.64E-02
-35343.99887	3.65E-02
-35326.09411	3.66E-02
-35308.18935	3.68E-02
-35290.28459	3.69E-02
-35272.37983	3.71E-02
-35254.47506	3.72E-02
-35236.5703	3.73E-02
-35218.66554	3.74E-02
-35200.76078	3.75E-02
-35182.85602	3.77E-02
-35164.95126	3.78E-02
-35147.0465	3.80E-02
-35129.14173	3.82E-02
-35111.23697	3.83E-02
-35093.33221	3.85E-02
-35075.42745	3.86E-02
-35057.52269	3.87E-02
-35039.61793	3.88E-02
-35021.71317	3.89E-02
-35003.80841	3.91E-02
-34985.90364	3.92E-02
-34967.99888	3.92E-02
-34950.09412	3.94E-02
-34932.18936	3.95E-02
-34914.2846	3.96E-02
-34896.37984	3.97E-02
-34878.47508	3.98E-02
-34860.57031	4.00E-02
-34842.66555	4.01E-02
-34824.76079	4.02E-02
-34806.85603	4.04E-02
-34788.95127	4.05E-02
-34771.04651	4.06E-02
-34753.14175	4.07E-02
-34735.23699	4.08E-02
-34717.33222	4.10E-02
-34699.42746	4.11E-02
-34681.5227	4.13E-02
-34663.61794	4.14E-02
-34645.71318	4.15E-02
-34627.80842	4.17E-02
-34609.90366	4.18E-02
-34591.99889	4.19E-02
-34574.09413	4.20E-02
-34556.18937	4.22E-02
-34538.28461	4.23E-02
-34520.37985	4.25E-02
-34502.47509	4.26E-02
-34484.57033	4.27E-02
-34466.66557	4.28E-02
-34448.7608	4.30E-02
-34430.85604	4.30E-02
-34412.95128	4.32E-02
-34395.04652	4.32E-02
-34377.14176	4.34E-02
-34359.237	4.35E-02
-34341.33224	4.36E-02
-34323.42747	4.37E-02
-34305.52271	4.38E-02
-34287.61795	4.40E-02
-34269.71319	4.41E-02
-34251.80843	4.42E-02
-34233.90367	4.43E-02
-34215.99891	4.45E-02
-34198.09415	4.46E-02
-34180.18938	4.47E-02
-34162.28462	4.48E-02
-34144.37986	4.49E-02
-34126.4751	4.50E-02
-34108.57034	4.51E-02
-34090.66558	4.52E-02
-34072.76082	4.55E-02
-34054.85605	4.56E-02
-34036.95129	4.57E-02
-34019.04653	4.58E-02
-34001.14177	4.59E-02
-33983.23701	4.60E-02
-33965.33225	4.62E-02
-33947.42749	4.64E-02
-33929.52273	4.65E-02
-33911.61796	4.66E-02
-33893.7132	4.67E-02
-33875.80844	4.68E-02
-33857.90368	4.70E-02
-33839.99892	4.71E-02
-33822.09416	4.72E-02
-33804.1894	4.73E-02
-33786.28463	4.74E-02
-33768.37987	4.75E-02
-33750.47511	4.76E-02
-33732.57035	4.77E-02
-33714.66559	4.79E-02
-33696.76083	4.80E-02
-33678.85607	4.82E-02
-33660.95131	4.84E-02
-33643.04654	4.84E-02
-33625.14178	4.86E-02
-33607.23702	4.87E-02
-33589.33226	4.88E-02
-33571.4275	4.89E-02
-33553.52274	4.91E-02
-33535.61798	4.92E-02
-33517.71321	4.93E-02
-33499.80845	4.95E-02
-33481.90369	4.96E-02
-33463.99893	4.97E-02
-33446.09417	4.99E-02
-33428.18941	5.00E-02
-33410.28465	5.01E-02
-33392.37989	5.02E-02
-33374.47512	5.03E-02
-33356.57036	5.05E-02
-33338.6656	5.06E-02
-33320.76084	5.07E-02
-33302.85608	5.08E-02
-33284.95132	5.09E-02
-33267.04656	5.10E-02
-33249.14179	5.11E-02
-33231.23703	5.12E-02
-33213.33227	5.13E-02
-33195.42751	5.14E-02
-33177.52275	5.15E-02
-33159.61799	5.17E-02
-33141.71323	5.18E-02
-33123.80847	5.20E-02
-33105.9037	5.22E-02
-33087.99894	5.23E-02
-33070.09418	5.23E-02
-33052.18942	5.25E-02
-33034.28466	5.26E-02
-33016.3799	5.27E-02
-32998.47514	5.29E-02
-32980.57037	5.30E-02
-32962.66561	5.31E-02
-32944.76085	5.32E-02
-32926.85609	5.33E-02
-32908.95133	5.34E-02
-32891.04657	5.35E-02
-32873.14181	5.36E-02
-32855.23705	5.37E-02
-32837.33228	5.38E-02
-32819.42752	5.39E-02
-32801.52276	5.41E-02
-32783.618	5.42E-02
-32765.71324	5.43E-02
-32747.80848	5.44E-02
-32729.90372	5.45E-02
-32711.99895	5.46E-02
-32694.09419	5.47E-02
-32676.18943	5.48E-02
-32658.28467	5.49E-02
-32640.37991	5.50E-02
-32622.47515	5.51E-02
-32604.57039	5.53E-02
-32586.66563	5.54E-02
-32568.76086	5.55E-02
-32550.8561	5.57E-02
-32532.95134	5.58E-02
-32515.04658	5.59E-02
-32497.14182	5.60E-02
-32479.23706	5.61E-02
-32461.3323	5.62E-02
-32443.42753	5.63E-02
-32425.52277	5.64E-02
-32407.61801	5.66E-02
-32389.71325	5.67E-02
-32371.80849	5.69E-02
-32353.90373	5.70E-02
-32335.99897	5.72E-02
-32318.09421	5.73E-02
-32300.18944	5.74E-02
-32282.28468	5.76E-02
-32264.37992	5.78E-02
-32246.47516	5.79E-02
-32228.5704	5.83E-02
-32210.66564	5.84E-02
-32192.76088	5.85E-02
-32174.85611	5.86E-02
-32156.95135	5.87E-02
-32139.04659	5.88E-02
-32121.14183	5.89E-02
-32103.23707	5.90E-02
-32085.33231	5.91E-02
-32067.42755	5.92E-02
-32049.52279	5.95E-02
-32031.61802	5.97E-02
-32013.71326	5.97E-02
-31995.8085	5.99E-02
-31977.90374	6.00E-02
-31959.99898	6.02E-02
-31942.09422	6.03E-02
-31924.18946	6.04E-02
-31906.28469	6.05E-02
-31888.37993	6.06E-02
-31870.47517	6.07E-02
-31852.57041	6.08E-02
-31834.66565	6.09E-02
-31816.76089	6.11E-02
-31798.85613	6.12E-02
-31780.95137	6.14E-02
-31763.0466	6.15E-02
-31745.14184	6.18E-02
-31727.23708	6.19E-02
-31709.33232	6.21E-02
-31691.42756	6.22E-02
-31673.5228	6.22E-02
-31655.61804	6.26E-02
-31637.71327	6.28E-02
-31619.80851	6.28E-02
-31601.90375	6.29E-02
-31583.99899	6.31E-02
-31566.09423	6.32E-02
-31548.18947	6.33E-02
-31530.28471	6.35E-02
-31512.37995	6.38E-02
-31494.47518	6.39E-02
-31476.57042	6.40E-02
-31458.66566	6.42E-02
-31440.7609	6.44E-02
-31422.85614	6.45E-02
-31404.95138	6.47E-02
-31387.04662	6.48E-02
-31369.14185	6.49E-02
-31351.23709	6.50E-02
-31333.33233	6.52E-02
-31315.42757	6.54E-02
-31297.52281	6.55E-02
-31279.61805	6.56E-02
-31261.71329	6.56E-02
-31243.80853	6.58E-02
-31225.90376	6.59E-02
-31207.999	6.61E-02
-31190.09424	6.62E-02
-31172.18948	6.64E-02
-31154.28472	6.65E-02
-31136.37996	6.67E-02
-31118.4752	6.67E-02
-31100.57043	6.69E-02
-31082.66567	6.70E-02
-31064.76091	6.72E-02
-31046.85615	6.72E-02
-31028.95139	6.74E-02
-31011.04663	6.75E-02
-30993.14187	6.76E-02
-30975.23711	6.77E-02
-30957.33234	6.78E-02
-30939.42758	6.80E-02
-30921.52282	6.81E-02
-30903.61806	6.82E-02
-30885.7133	6.83E-02
-30867.80854	6.85E-02
-30849.90378	6.86E-02
-30831.99901	6.88E-02
-30814.09425	6.89E-02
-30796.18949	6.90E-02
-30778.28473	6.92E-02
-30760.37997	6.93E-02
-30742.47521	6.94E-02
-30724.57045	6.97E-02
-30706.66569	6.98E-02
-30688.76092	6.99E-02
-30670.85616	7.00E-02
-30652.9514	7.01E-02
-30635.04664	7.02E-02
-30617.14188	7.03E-02
-30599.23712	7.04E-02
-30581.33236	7.05E-02
-30563.4276	7.06E-02
-30545.52283	7.07E-02
-30527.61807	7.09E-02
-30509.71331	7.09E-02
-30491.80855	7.11E-02
-30473.90379	7.12E-02
-30455.99903	7.13E-02
-30438.09427	7.13E-02
-30420.1895	7.15E-02
-30402.28474	7.18E-02
-30384.37998	7.20E-02
-30366.47522	7.21E-02
-30348.57046	7.22E-02
-30330.6657	7.23E-02
-30312.76094	7.24E-02
-30294.85618	7.27E-02
-30276.95141	7.28E-02
-30259.04665	7.29E-02
-30241.14189	7.30E-02
-30223.23713	7.32E-02
-30205.33237	7.32E-02
-30187.42761	7.33E-02
-30169.52285	7.36E-02
-30151.61808	7.37E-02
-30133.71332	7.37E-02
-30115.80856	7.38E-02
-30097.9038	7.40E-02
-30079.99904	7.41E-02
-30062.09428	7.43E-02
-30044.18952	7.43E-02
-30026.28476	7.44E-02
-30008.37999	7.45E-02
-29990.47523	7.47E-02
-29972.57047	7.48E-02
-29954.66571	7.50E-02
-29936.76095	7.51E-02
-29918.85619	7.52E-02
-29900.95143	7.53E-02
-29883.04666	7.54E-02
-29865.1419	7.56E-02
-29847.23714	7.57E-02
-29829.33238	7.58E-02
-29811.42762	7.60E-02
-29793.52286	7.61E-02
-29775.6181	7.62E-02
-29757.71334	7.63E-02
-29739.80857	7.64E-02
-29721.90381	7.66E-02
-29703.99905	7.68E-02
-29686.09429	7.69E-02
-29668.18953	7.71E-02
-29650.28477	7.73E-02
-29632.38001	7.73E-02
-29614.47524	7.75E-02
-29596.57048	7.75E-02
-29578.66572	7.77E-02
-29560.76096	7.78E-02
-29542.8562	7.79E-02
-29524.95144	7.80E-02
-29507.04668	7.81E-02
-29489.14192	7.82E-02
-29471.23715	7.83E-02
-29453.33239	7.85E-02
-29435.42763	7.86E-02
-29417.52287	7.87E-02
-29399.61811	7.89E-02
-29381.71335	7.90E-02
-29363.80859	7.91E-02
-29345.90382	7.92E-02
-29327.99906	7.93E-02
-29310.0943	7.94E-02
-29292.18954	7.95E-02
-29274.28478	7.96E-02
-29256.38002	7.98E-02
-29238.47526	7.99E-02
-29220.5705	8.00E-02
-29202.66573	8.02E-02
-29184.76097	8.03E-02
-29166.85621	8.05E-02
-29148.95145	8.06E-02
-29131.04669	8.06E-02
-29113.14193	8.08E-02
-29095.23717	8.09E-02
-29077.3324	8.10E-02
-29059.42764	8.10E-02
-29041.52288	8.11E-02
-29023.61812	8.12E-02
-29005.71336	8.14E-02
-28987.8086	8.15E-02
-28969.90384	8.17E-02
-28951.99908	8.18E-02
-28934.09431	8.19E-02
-28916.18955	8.20E-02
-28898.28479	8.20E-02
-28880.38003	8.21E-02
-28862.47527	8.22E-02
-28844.57051	8.23E-02
-28826.66575	8.25E-02
-28808.76098	8.26E-02
-28790.85622	8.28E-02
-28772.95146	8.29E-02
-28755.0467	8.30E-02
-28737.14194	8.31E-02
-28719.23718	8.32E-02
-28701.33242	8.33E-02
-28683.42766	8.34E-02
-28665.52289	8.35E-02
-28647.61813	8.36E-02
-28629.71337	8.37E-02
-28611.80861	8.37E-02
-28593.90385	8.38E-02
-28575.99909	8.39E-02
-28558.09433	8.40E-02
-28540.18956	8.42E-02
-28522.2848	8.43E-02
-28504.38004	8.44E-02
-28486.47528	8.45E-02
-28468.57052	8.47E-02
-28450.66576	8.48E-02
-28432.761	8.51E-02
-28414.85624	8.51E-02
-28396.95147	8.53E-02
-28379.04671	8.54E-02
-28361.14195	8.55E-02
-28343.23719	8.56E-02
-28325.33243	8.57E-02
-28307.42767	8.58E-02
-28289.52291	8.60E-02
-28271.61814	8.61E-02
-28253.71338	8.62E-02
-28235.80862	8.63E-02
-28217.90386	8.64E-02
-28199.9991	8.65E-02
-28182.09434	8.66E-02
-28164.18958	8.67E-02
-28146.28482	8.68E-02
-28128.38005	8.69E-02
-28110.47529	8.70E-02
-28092.57053	8.71E-02
-28074.66577	8.72E-02
-28056.76101	8.74E-02
-28038.85625	8.76E-02
-28020.95149	8.76E-02
-28003.04672	8.78E-02
-27985.14196	8.79E-02
-27967.2372	8.82E-02
-27949.33244	8.84E-02
-27931.42768	8.85E-02
-27913.52292	8.88E-02
-27895.61816	8.90E-02
-27877.7134	8.91E-02
-27859.80863	8.95E-02
-27841.90387	8.97E-02
-27823.99911	8.97E-02
-27806.09435	8.99E-02
-27788.18959	9.00E-02
-27770.28483	9.02E-02
-27752.38007	9.06E-02
-27734.4753	9.08E-02
-27716.57054	9.10E-02
-27698.66578	9.12E-02
-27680.76102	9.13E-02
-27662.85626	9.15E-02
-27644.9515	9.15E-02
-27627.04674	9.16E-02
-27609.14198	9.19E-02
-27591.23721	9.20E-02
-27573.33245	9.21E-02
-27555.42769	9.25E-02
-27537.52293	9.27E-02
-27519.61817	9.29E-02
-27501.71341	9.31E-02
-27483.80865	9.32E-02
-27465.90388	9.33E-02
-27447.99912	9.34E-02
-27430.09436	9.36E-02
-27412.1896	9.37E-02
-27394.28484	9.39E-02
-27376.38008	9.39E-02
-27358.47532	9.41E-02
-27340.57056	9.43E-02
-27322.66579	9.46E-02
-27304.76103	9.47E-02
-27286.85627	9.51E-02
-27268.95151	9.53E-02
-27251.04675	9.54E-02
-27233.14199	9.55E-02
-27215.23723	9.57E-02
-27197.33246	9.58E-02
-27179.4277	9.59E-02
-27161.52294	9.61E-02
-27143.61818	9.65E-02
-27125.71342	9.65E-02
-27107.80866	9.71E-02
-27089.9039	9.71E-02
-27071.99914	9.73E-02
-27054.09437	9.74E-02
-27036.18961	9.75E-02
-27018.28485	9.77E-02
-27000.38009	9.79E-02
-26982.47533	9.79E-02
-26964.57057	9.83E-02
-26946.66581	9.84E-02
-26928.76104	9.86E-02
-26910.85628	9.89E-02
-26892.95152	9.90E-02
-26875.04676	9.91E-02
-26857.142	9.93E-02
-26839.23724	9.98E-02
-26821.33248	1.00E-01
-26803.42772	1.00E-01
-26785.52295	1.00E-01
-26767.61819	1.01E-01
-26749.71343	1.01E-01
-26731.80867	1.01E-01
-26713.90391	1.01E-01
-26695.99915	1.02E-01
-26678.09439	1.02E-01
-26660.18962	1.02E-01
-26642.28486	1.02E-01
-26624.3801	1.02E-01
-26606.47534	1.02E-01
-26588.57058	1.03E-01
-26570.66582	1.03E-01
-26552.76106	1.03E-01
-26534.8563	1.03E-01
-26516.95153	1.03E-01
-26499.04677	1.03E-01
-26481.14201	1.04E-01
-26463.23725	1.04E-01
-26445.33249	1.04E-01
-26427.42773	1.04E-01
-26409.52297	1.04E-01
-26391.6182	1.04E-01
-26373.71344	1.04E-01
-26355.80868	1.05E-01
-26337.90392	1.05E-01
-26319.99916	1.05E-01
-26302.0944	1.05E-01
-26284.18964	1.05E-01
-26266.28488	1.05E-01
-26248.38011	1.05E-01
-26230.47535	1.06E-01
-26212.57059	1.06E-01
-26194.66583	1.06E-01
-26176.76107	1.06E-01
-26158.85631	1.06E-01
-26140.95155	1.06E-01
-26123.04678	1.06E-01
-26105.14202	1.07E-01
-26087.23726	1.07E-01
-26069.3325	1.07E-01
-26051.42774	1.07E-01
-26033.52298	1.08E-01
-26015.61822	1.08E-01
-25997.71346	1.08E-01
-25979.80869	1.08E-01
-25961.90393	1.08E-01
-25943.99917	1.08E-01
-25926.09441	1.08E-01
-25908.18965	1.08E-01
-25890.28489	1.09E-01
-25872.38013	1.09E-01
-25854.47536	1.09E-01
-25836.5706	1.09E-01
-25818.66584	1.09E-01
-25800.76108	1.09E-01
-25782.85632	1.09E-01
-25764.95156	1.09E-01
-25747.0468	1.10E-01
-25729.14204	1.10E-01
-25711.23727	1.10E-01
-25693.33251	1.10E-01
-25675.42775	1.10E-01
-25657.52299	1.10E-01
-25639.61823	1.11E-01
-25621.71347	1.11E-01
-25603.80871	1.11E-01
-25585.90394	1.11E-01
-25567.99918	1.11E-01
-25550.09442	1.11E-01
-25532.18966	1.11E-01
-25514.2849	1.11E-01
-25496.38014	1.12E-01
-25478.47538	1.12E-01
-25460.57062	1.12E-01
-25442.66585	1.12E-01
-25424.76109	1.12E-01
-25406.85633	1.13E-01
-25388.95157	1.13E-01
-25371.04681	1.13E-01
-25353.14205	1.13E-01
-25335.23729	1.13E-01
-25317.33252	1.13E-01
-25299.42776	1.14E-01
-25281.523	1.14E-01
-25263.61824	1.14E-01
-25245.71348	1.14E-01
-25227.80872	1.14E-01
-25209.90396	1.14E-01
-25191.9992	1.15E-01
-25174.09443	1.15E-01
-25156.18967	1.15E-01
-25138.28491	1.15E-01
-25120.38015	1.15E-01
-25102.47539	1.15E-01
-25084.57063	1.15E-01
-25066.66587	1.15E-01
-25048.7611	1.16E-01
-25030.85634	1.16E-01
-25012.95158	1.16E-01
-24995.04682	1.16E-01
-24977.14206	1.16E-01
-24959.2373	1.17E-01
-24941.33254	1.17E-01
-24923.42778	1.17E-01
-24905.52301	1.17E-01
-24887.61825	1.17E-01
-24869.71349	1.17E-01
-24851.80873	1.17E-01
-24833.90397	1.18E-01
-24815.99921	1.18E-01
-24798.09445	1.18E-01
-24780.18968	1.18E-01
-24762.28492	1.18E-01
-24744.38016	1.18E-01
-24726.4754	1.19E-01
-24708.57064	1.19E-01
-24690.66588	1.19E-01
-24672.76112	1.19E-01
-24654.85636	1.19E-01
-24636.95159	1.19E-01
-24619.04683	1.19E-01
-24601.14207	1.19E-01
-24583.23731	1.20E-01
-24565.33255	1.20E-01
-24547.42779	1.20E-01
-24529.52303	1.20E-01
-24511.61826	1.20E-01
-24493.7135	1.20E-01
-24475.80874	1.21E-01
-24457.90398	1.21E-01
-24439.99922	1.21E-01
-24422.09446	1.21E-01
-24404.1897	1.21E-01
-24386.28494	1.21E-01
-24368.38017	1.22E-01
-24350.47541	1.22E-01
-24332.57065	1.22E-01
-24314.66589	1.22E-01
-24296.76113	1.22E-01
-24278.85637	1.22E-01
-24260.95161	1.22E-01
-24243.04684	1.23E-01
-24225.14208	1.23E-01
-24207.23732	1.23E-01
-24189.33256	1.23E-01
-24171.4278	1.23E-01
-24153.52304	1.23E-01
-24135.61828	1.24E-01
-24117.71352	1.24E-01
-24099.80875	1.24E-01
-24081.90399	1.24E-01
-24063.99923	1.24E-01
-24046.09447	1.24E-01
-24028.18971	1.24E-01
-24010.28495	1.24E-01
-23992.38019	1.24E-01
-23974.47542	1.25E-01
-23956.57066	1.25E-01
-23938.6659	1.25E-01
-23920.76114	1.25E-01
-23902.85638	1.25E-01
-23884.95162	1.25E-01
-23867.04686	1.25E-01
-23849.1421	1.25E-01
-23831.23733	1.25E-01
-23813.33257	1.26E-01
-23795.42781	1.26E-01
-23777.52305	1.26E-01
-23759.61829	1.26E-01
-23741.71353	1.26E-01
-23723.80877	1.26E-01
-23705.904	1.26E-01
-23687.99924	1.26E-01
-23670.09448	1.27E-01
-23652.18972	1.27E-01
-23634.28496	1.27E-01
-23616.3802	1.27E-01
-23598.47544	1.27E-01
-23580.57068	1.27E-01
-23562.66591	1.28E-01
-23544.76115	1.28E-01
-23526.85639	1.28E-01
-23508.95163	1.28E-01
-23491.04687	1.28E-01
-23473.14211	1.28E-01
-23455.23735	1.28E-01
-23437.33258	1.29E-01
-23419.42782	1.29E-01
-23401.52306	1.29E-01
-23383.6183	1.29E-01
-23365.71354	1.29E-01
-23347.80878	1.30E-01
-23329.90402	1.30E-01
-23311.99926	1.30E-01
-23294.09449	1.30E-01
-23276.18973	1.30E-01
-23258.28497	1.30E-01
-23240.38021	1.31E-01
-23222.47545	1.31E-01
-23204.57069	1.31E-01
-23186.66593	1.31E-01
-23168.76116	1.32E-01
-23150.8564	1.33E-01
-23132.95164	1.33E-01
-23115.04688	1.33E-01
-23097.14212	1.33E-01
-23079.23736	1.34E-01
-23061.3326	1.34E-01
-23043.42784	1.34E-01
-23025.52307	1.34E-01
-23007.61831	1.34E-01
-22989.71355	1.35E-01
-22971.80879	1.35E-01
-22953.90403	1.35E-01
-22935.99927	1.35E-01
-22918.09451	1.35E-01
-22900.18974	1.35E-01
-22882.28498	1.36E-01
-22864.38022	1.36E-01
-22846.47546	1.36E-01
-22828.5707	1.37E-01
-22810.66594	1.37E-01
-22792.76118	1.37E-01
-22774.85642	1.37E-01
-22756.95165	1.37E-01
-22739.04689	1.38E-01
-22721.14213	1.38E-01
-22703.23737	1.38E-01
-22685.33261	1.38E-01
-22667.42785	1.39E-01
-22649.52309	1.39E-01
-22631.61832	1.39E-01
-22613.71356	1.39E-01
-22595.8088	1.40E-01
-22577.90404	1.40E-01
-22559.99928	1.40E-01
-22542.09452	1.40E-01
-22524.18976	1.41E-01
-22506.285	1.41E-01
-22488.38023	1.41E-01
-22470.47547	1.41E-01
-22452.57071	1.41E-01
-22434.66595	1.41E-01
-22416.76119	1.42E-01
-22398.85643	1.42E-01
-22380.95167	1.42E-01
-22363.0469	1.42E-01
-22345.14214	1.43E-01
-22327.23738	1.43E-01
-22309.33262	1.43E-01
-22291.42786	1.43E-01
-22273.5231	1.43E-01
-22255.61834	1.43E-01
-22237.71358	1.44E-01
-22219.80881	1.44E-01
-22201.90405	1.44E-01
-22183.99929	1.44E-01
-22166.09453	1.44E-01
-22148.18977	1.44E-01
-22130.28501	1.45E-01
-22112.38025	1.45E-01
-22094.47548	1.45E-01
-22076.57072	1.45E-01
-22058.66596	1.45E-01
-22040.7612	1.46E-01
-22022.85644	1.46E-01
-22004.95168	1.46E-01
-21987.04692	1.46E-01
-21969.14216	1.46E-01
-21951.23739	1.46E-01
-21933.33263	1.47E-01
-21915.42787	1.47E-01
-21897.52311	1.48E-01
-21879.61835	1.48E-01
-21861.71359	1.48E-01
-21843.80883	1.48E-01
-21825.90406	1.48E-01
-21807.9993	1.49E-01
-21790.09454	1.49E-01
-21772.18978	1.50E-01
-21754.28502	1.50E-01
-21736.38026	1.50E-01
-21718.4755	1.50E-01
-21700.57074	1.52E-01
-21682.66597	1.52E-01
-21664.76121	1.52E-01
-21646.85645	1.52E-01
-21628.95169	1.52E-01
-21611.04693	1.52E-01
-21593.14217	1.52E-01
-21575.23741	1.53E-01
-21557.33264	1.53E-01
-21539.42788	1.53E-01
-21521.52312	1.54E-01
-21503.61836	1.54E-01
-21485.7136	1.54E-01
-21467.80884	1.54E-01
-21449.90408	1.54E-01
-21431.99932	1.54E-01
-21414.09455	1.54E-01
-21396.18979	1.55E-01
-21378.28503	1.55E-01
-21360.38027	1.55E-01
-21342.47551	1.55E-01
-21324.57075	1.55E-01
-21306.66599	1.55E-01
-21288.76122	1.55E-01
-21270.85646	1.56E-01
-21252.9517	1.56E-01
-21235.04694	1.56E-01
-21217.14218	1.56E-01
-21199.23742	1.56E-01
-21181.33266	1.56E-01
-21163.4279	1.57E-01
-21145.52313	1.57E-01
-21127.61837	1.58E-01
-21109.71361	1.58E-01
-21091.80885	1.59E-01
-21073.90409	1.59E-01
-21055.99933	1.59E-01
-21038.09457	1.59E-01
-21020.1898	1.59E-01
-21002.28504	1.59E-01
-20984.38028	1.59E-01
-20966.47552	1.59E-01
-20948.57076	1.60E-01
-20930.666	1.60E-01
-20912.76124	1.60E-01
-20894.85648	1.60E-01
-20876.95171	1.61E-01
-20859.04695	1.61E-01
-20841.14219	1.61E-01
-20823.23743	1.61E-01
-20805.33267	1.61E-01
-20787.42791	1.62E-01
-20769.52315	1.62E-01
-20751.61838	1.62E-01
-20733.71362	1.62E-01
-20715.80886	1.63E-01
-20697.9041	1.63E-01
-20679.99934	1.63E-01
-20662.09458	1.63E-01
-20644.18982	1.63E-01
-20626.28506	1.63E-01
-20608.38029	1.64E-01
-20590.47553	1.64E-01
-20572.57077	1.64E-01
-20554.66601	1.64E-01
-20536.76125	1.64E-01
-20518.85649	1.65E-01
-20500.95173	1.65E-01
-20483.04696	1.65E-01
-20465.1422	1.65E-01
-20447.23744	1.65E-01
-20429.33268	1.65E-01
-20411.42792	1.66E-01
-20393.52316	1.66E-01
-20375.6184	1.66E-01
-20357.71364	1.66E-01
-20339.80887	1.66E-01
-20321.90411	1.67E-01
-20303.99935	1.67E-01
-20286.09459	1.67E-01
-20268.18983	1.67E-01
-20250.28507	1.67E-01
-20232.38031	1.67E-01
-20214.47554	1.68E-01
-20196.57078	1.68E-01
-20178.66602	1.69E-01
-20160.76126	1.69E-01
-20142.8565	1.69E-01
-20124.95174	1.69E-01
-20107.04698	1.69E-01
-20089.14222	1.69E-01
-20071.23745	1.70E-01
-20053.33269	1.70E-01
-20035.42793	1.70E-01
-20017.52317	1.70E-01
-19999.61841	1.70E-01
-19981.71365	1.70E-01
-19963.80889	1.71E-01
-19945.90412	1.71E-01
-19927.99936	1.71E-01
-19910.0946	1.72E-01
-19892.18984	1.72E-01
-19874.28508	1.72E-01
-19856.38032	1.73E-01
-19838.47556	1.73E-01
-19820.5708	1.73E-01
-19802.66603	1.74E-01
-19784.76127	1.74E-01
-19766.85651	1.74E-01
-19748.95175	1.75E-01
-19731.04699	1.75E-01
-19713.14223	1.75E-01
-19695.23747	1.75E-01
-19677.3327	1.75E-01
-19659.42794	1.76E-01
-19641.52318	1.76E-01
-19623.61842	1.76E-01
-19605.71366	1.76E-01
-19587.8089	1.77E-01
-19569.90414	1.77E-01
-19551.99938	1.77E-01
-19534.09461	1.78E-01
-19516.18985	1.78E-01
-19498.28509	1.78E-01
-19480.38033	1.78E-01
-19462.47557	1.78E-01
-19444.57081	1.79E-01
-19426.66605	1.79E-01
-19408.76128	1.79E-01
-19390.85652	1.79E-01
-19372.95176	1.79E-01
-19355.047	1.79E-01
-19337.14224	1.80E-01
-19319.23748	1.80E-01
-19301.33272	1.80E-01
-19283.42796	1.80E-01
-19265.52319	1.81E-01
-19247.61843	1.81E-01
-19229.71367	1.81E-01
-19211.80891	1.81E-01
-19193.90415	1.82E-01
-19175.99939	1.82E-01
-19158.09463	1.82E-01
-19140.18986	1.82E-01
-19122.2851	1.83E-01
-19104.38034	1.83E-01
-19086.47558	1.83E-01
-19068.57082	1.83E-01
-19050.66606	1.84E-01
-19032.7613	1.84E-01
-19014.85654	1.84E-01
-18996.95177	1.84E-01
-18979.04701	1.85E-01
-18961.14225	1.85E-01
-18943.23749	1.85E-01
-18925.33273	1.85E-01
-18907.42797	1.86E-01
-18889.52321	1.86E-01
-18871.61844	1.86E-01
-18853.71368	1.87E-01
-18835.80892	1.87E-01
-18817.90416	1.87E-01
-18799.9994	1.87E-01
-18782.09464	1.88E-01
-18764.18988	1.88E-01
-18746.28512	1.88E-01
-18728.38035	1.89E-01
-18710.47559	1.89E-01
-18692.57083	1.89E-01
-18674.66607	1.89E-01
-18656.76131	1.91E-01
-18638.85655	1.91E-01
-18620.95179	1.91E-01
-18603.04702	1.91E-01
-18585.14226	1.92E-01
-18567.2375	1.93E-01
-18549.33274	1.94E-01
-18531.42798	1.95E-01
-18513.52322	1.96E-01
-18495.61846	1.96E-01
-18477.7137	1.96E-01
-18459.80893	1.96E-01
-18441.90417	1.97E-01
-18423.99941	1.97E-01
-18406.09465	1.97E-01
-18388.18989	1.97E-01
-18370.28513	1.97E-01
-18352.38037	1.97E-01
-18334.4756	1.98E-01
-18316.57084	1.98E-01
-18298.66608	1.98E-01
-18280.76132	1.98E-01
-18262.85656	1.98E-01
-18244.9518	1.99E-01
-18227.04704	1.99E-01
-18209.14228	1.99E-01
-18191.23751	1.99E-01
-18173.33275	1.99E-01
-18155.42799	1.99E-01
-18137.52323	2.00E-01
-18119.61847	2.00E-01
-18101.71371	2.00E-01
-18083.80895	2.00E-01
-18065.90418	2.01E-01
-18047.99942	2.01E-01
-18030.09466	2.01E-01
-18012.1899	2.01E-01
-17994.28514	2.01E-01
-17976.38038	2.01E-01
-17958.47562	2.01E-01
-17940.57086	2.02E-01
-17922.66609	2.02E-01
-17904.76133	2.03E-01
-17886.85657	2.03E-01
-17868.95181	2.03E-01
-17851.04705	2.03E-01
-17833.14229	2.03E-01
-17815.23753	2.04E-01
-17797.33276	2.04E-01
-17779.428	2.04E-01
-17761.52324	2.05E-01
-17743.61848	2.05E-01
-17725.71372	2.05E-01
-17707.80896	2.05E-01
-17689.9042	2.06E-01
-17671.99944	2.07E-01
-17654.09467	2.07E-01
-17636.18991	2.07E-01
-17618.28515	2.07E-01
-17600.38039	2.07E-01
-17582.47563	2.07E-01
-17564.57087	2.08E-01
-17546.66611	2.08E-01
-17528.76134	2.08E-01
-17510.85658	2.09E-01
-17492.95182	2.09E-01
-17475.04706	2.10E-01
-17457.1423	2.10E-01
-17439.23754	2.10E-01
-17421.33278	2.10E-01
-17403.42802	2.10E-01
-17385.52325	2.10E-01
-17367.61849	2.10E-01
-17349.71373	2.11E-01
-17331.80897	2.12E-01
-17313.90421	2.12E-01
-17295.99945	2.12E-01
-17278.09469	2.12E-01
-17260.18992	2.13E-01
-17242.28516	2.13E-01
-17224.3804	2.13E-01
-17206.47564	2.13E-01
-17188.57088	2.14E-01
-17170.66612	2.14E-01
-17152.76136	2.14E-01
-17134.8566	2.14E-01
-17116.95183	2.14E-01
-17099.04707	2.15E-01
-17081.14231	2.15E-01
-17063.23755	2.16E-01
-17045.33279	2.16E-01
-17027.42803	2.16E-01
-17009.52327	2.16E-01
-16991.61851	2.17E-01
-16973.71374	2.18E-01
-16955.80898	2.18E-01
-16937.90422	2.18E-01
-16919.99946	2.18E-01
-16902.0947	2.19E-01
-16884.18994	2.19E-01
-16866.28518	2.20E-01
-16848.38041	2.20E-01
-16830.47565	2.21E-01
-16812.57089	2.21E-01
-16794.66613	2.21E-01
-16776.76137	2.21E-01
-16758.85661	2.21E-01
-16740.95185	2.21E-01
-16723.04709	2.21E-01
-16705.14232	2.22E-01
-16687.23756	2.22E-01
-16669.3328	2.22E-01
-16651.42804	2.22E-01
-16633.52328	2.22E-01
-16615.61852	2.22E-01
-16597.71376	2.22E-01
-16579.80899	2.23E-01
-16561.90423	2.23E-01
-16543.99947	2.23E-01
-16526.09471	2.23E-01
-16508.18995	2.24E-01
-16490.28519	2.24E-01
-16472.38043	2.24E-01
-16454.47567	2.24E-01
-16436.5709	2.24E-01
-16418.66614	2.24E-01
-16400.76138	2.24E-01
-16382.85662	2.25E-01
-16364.95186	2.25E-01
-16347.0471	2.25E-01
-16329.14234	2.25E-01
-16311.23757	2.26E-01
-16293.33281	2.26E-01
-16275.42805	2.26E-01
-16257.52329	2.26E-01
-16239.61853	2.26E-01
-16221.71377	2.26E-01
-16203.80901	2.26E-01
-16185.90425	2.27E-01
-16167.99948	2.27E-01
-16150.09472	2.27E-01
-16132.18996	2.28E-01
-16114.2852	2.28E-01
-16096.38044	2.28E-01
-16078.47568	2.28E-01
-16060.57092	2.28E-01
-16042.66615	2.28E-01
-16024.76139	2.28E-01
-16006.85663	2.29E-01
-15988.95187	2.29E-01
-15971.04711	2.29E-01
-15953.14235	2.29E-01
-15935.23759	2.30E-01
-15917.33283	2.30E-01
-15899.42806	2.30E-01
-15881.5233	2.30E-01
-15863.61854	2.31E-01
-15845.71378	2.31E-01
-15827.80902	2.31E-01
-15809.90426	2.31E-01
-15791.9995	2.31E-01
-15774.09473	2.31E-01
-15756.18997	2.32E-01
-15738.28521	2.32E-01
-15720.38045	2.32E-01
-15702.47569	2.32E-01
-15684.57093	2.32E-01
-15666.66617	2.32E-01
-15648.76141	2.33E-01
-15630.85664	2.33E-01
-15612.95188	2.33E-01
-15595.04712	2.33E-01
-15577.14236	2.33E-01
-15559.2376	2.33E-01
-15541.33284	2.34E-01
-15523.42808	2.34E-01
-15505.52331	2.34E-01
-15487.61855	2.34E-01
-15469.71379	2.34E-01
-15451.80903	2.35E-01
-15433.90427	2.35E-01
-15415.99951	2.35E-01
-15398.09475	2.35E-01
-15380.18999	2.35E-01
-15362.28522	2.36E-01
-15344.38046	2.36E-01
-15326.4757	2.36E-01
-15308.57094	2.36E-01
-15290.66618	2.36E-01
-15272.76142	2.36E-01
-15254.85666	2.37E-01
-15236.95189	2.37E-01
-15219.04713	2.37E-01
-15201.14237	2.37E-01
-15183.23761	2.38E-01
-15165.33285	2.38E-01
-15147.42809	2.38E-01
-15129.52333	2.38E-01
-15111.61857	2.38E-01
-15093.7138	2.39E-01
-15075.80904	2.39E-01
-15057.90428	2.39E-01
-15039.99952	2.39E-01
-15022.09476	2.39E-01
-15004.19	2.39E-01
-14986.28524	2.39E-01
-14968.38047	2.39E-01
-14950.47571	2.40E-01
-14932.57095	2.41E-01
-14914.66619	2.41E-01
-14896.76143	2.41E-01
-14878.85667	2.41E-01
-14860.95191	2.41E-01
-14843.04715	2.41E-01
-14825.14238	2.41E-01
-14807.23762	2.41E-01
-14789.33286	2.42E-01
-14771.4281	2.42E-01
-14753.52334	2.42E-01
-14735.61858	2.42E-01
-14717.71382	2.42E-01
-14699.80905	2.42E-01
-14681.90429	2.43E-01
-14663.99953	2.43E-01
-14646.09477	2.43E-01
-14628.19001	2.43E-01
-14610.28525	2.43E-01
-14592.38049	2.44E-01
-14574.47573	2.44E-01
-14556.57096	2.44E-01
-14538.6662	2.44E-01
-14520.76144	2.44E-01
-14502.85668	2.44E-01
-14484.95192	2.45E-01
-14467.04716	2.45E-01
-14449.1424	2.45E-01
-14431.23763	2.45E-01
-14413.33287	2.45E-01
-14395.42811	2.45E-01
-14377.52335	2.45E-01
-14359.61859	2.45E-01
-14341.71383	2.46E-01
-14323.80907	2.46E-01
-14305.90431	2.46E-01
-14287.99954	2.46E-01
-14270.09478	2.46E-01
-14252.19002	2.46E-01
-14234.28526	2.46E-01
-14216.3805	2.46E-01
-14198.47574	2.46E-01
-14180.57098	2.47E-01
-14162.66621	2.47E-01
-14144.76145	2.47E-01
-14126.85669	2.47E-01
-14108.95193	2.47E-01
-14091.04717	2.47E-01
-14073.14241	2.47E-01
-14055.23765	2.47E-01
-14037.33289	2.47E-01
-14019.42812	2.48E-01
-14001.52336	2.48E-01
-13983.6186	2.48E-01
-13965.71384	2.48E-01
-13947.80908	2.48E-01
-13929.90432	2.49E-01
-13911.99956	2.49E-01
-13894.09479	2.49E-01
-13876.19003	2.49E-01
-13858.28527	2.49E-01
-13840.38051	2.49E-01
-13822.47575	2.50E-01
-13804.57099	2.50E-01
-13786.66623	2.50E-01
-13768.76147	2.50E-01
-13750.8567	2.50E-01
-13732.95194	2.50E-01
-13715.04718	2.51E-01
-13697.14242	2.51E-01
-13679.23766	2.51E-01
-13661.3329	2.51E-01
-13643.42814	2.51E-01
-13625.52337	2.51E-01
-13607.61861	2.51E-01
-13589.71385	2.51E-01
-13571.80909	2.52E-01
-13553.90433	2.52E-01
-13535.99957	2.52E-01
-13518.09481	2.52E-01
-13500.19005	2.52E-01
-13482.28528	2.52E-01
-13464.38052	2.53E-01
-13446.47576	2.53E-01
-13428.571	2.53E-01
-13410.66624	2.53E-01
-13392.76148	2.53E-01
-13374.85672	2.53E-01
-13356.95195	2.53E-01
-13339.04719	2.53E-01
-13321.14243	2.53E-01
-13303.23767	2.53E-01
-13285.33291	2.54E-01
-13267.42815	2.54E-01
-13249.52339	2.54E-01
-13231.61863	2.54E-01
-13213.71386	2.54E-01
-13195.8091	2.55E-01
-13177.90434	2.55E-01
-13159.99958	2.55E-01
-13142.09482	2.56E-01
-13124.19006	2.56E-01
-13106.2853	2.56E-01
-13088.38053	2.56E-01
-13070.47577	2.56E-01
-13052.57101	2.56E-01
-13034.66625	2.56E-01
-13016.76149	2.56E-01
-12998.85673	2.56E-01
-12980.95197	2.56E-01
-12963.04721	2.56E-01
-12945.14244	2.57E-01
-12927.23768	2.57E-01
-12909.33292	2.57E-01
-12891.42816	2.57E-01
-12873.5234	2.57E-01
-12855.61864	2.57E-01
-12837.71388	2.57E-01
-12819.80911	2.57E-01
-12801.90435	2.57E-01
-12783.99959	2.57E-01
-12766.09483	2.58E-01
-12748.19007	2.58E-01
-12730.28531	2.58E-01
-12712.38055	2.58E-01
-12694.47579	2.58E-01
-12676.57102	2.58E-01
-12658.66626	2.58E-01
-12640.7615	2.58E-01
-12622.85674	2.58E-01
-12604.95198	2.59E-01
-12587.04722	2.59E-01
-12569.14246	2.59E-01
-12551.23769	2.59E-01
-12533.33293	2.59E-01
-12515.42817	2.59E-01
-12497.52341	2.59E-01
-12479.61865	2.59E-01
-12461.71389	2.59E-01
-12443.80913	2.60E-01
-12425.90437	2.60E-01
-12407.9996	2.60E-01
-12390.09484	2.60E-01
-12372.19008	2.60E-01
-12354.28532	2.60E-01
-12336.38056	2.60E-01
-12318.4758	2.60E-01
-12300.57104	2.60E-01
-12282.66627	2.60E-01
-12264.76151	2.61E-01
-12246.85675	2.61E-01
-12228.95199	2.61E-01
-12211.04723	2.61E-01
-12193.14247	2.61E-01
-12175.23771	2.61E-01
-12157.33295	2.61E-01
-12139.42818	2.61E-01
-12121.52342	2.61E-01
-12103.61866	2.61E-01
-12085.7139	2.62E-01
-12067.80914	2.62E-01
-12049.90438	2.62E-01
-12031.99962	2.62E-01
-12014.09485	2.62E-01
-11996.19009	2.62E-01
-11978.28533	2.62E-01
-11960.38057	2.62E-01
-11942.47581	2.62E-01
-11924.57105	2.63E-01
-11906.66629	2.63E-01
-11888.76153	2.63E-01
-11870.85676	2.63E-01
-11852.952	2.63E-01
-11835.04724	2.63E-01
-11817.14248	2.63E-01
-11799.23772	2.63E-01
-11781.33296	2.63E-01
-11763.4282	2.64E-01
-11745.52343	2.64E-01
-11727.61867	2.64E-01
-11709.71391	2.64E-01
-11691.80915	2.64E-01
-11673.90439	2.64E-01
-11655.99963	2.64E-01
-11638.09487	2.64E-01
-11620.19011	2.65E-01
-11602.28534	2.65E-01
-11584.38058	2.65E-01
-11566.47582	2.65E-01
-11548.57106	2.65E-01
-11530.6663	2.65E-01
-11512.76154	2.65E-01
-11494.85678	2.65E-01
-11476.95201	2.65E-01
-11459.04725	2.65E-01
-11441.14249	2.66E-01
-11423.23773	2.66E-01
-11405.33297	2.66E-01
-11387.42821	2.66E-01
-11369.52345	2.66E-01
-11351.61869	2.66E-01
-11333.71392	2.66E-01
-11315.80916	2.66E-01
-11297.9044	2.67E-01
-11279.99964	2.67E-01
-11262.09488	2.67E-01
-11244.19012	2.67E-01
-11226.28536	2.67E-01
-11208.38059	2.67E-01
-11190.47583	2.67E-01
-11172.57107	2.67E-01
-11154.66631	2.67E-01
-11136.76155	2.67E-01
-11118.85679	2.67E-01
-11100.95203	2.67E-01
-11083.04727	2.67E-01
-11065.1425	2.67E-01
-11047.23774	2.67E-01
-11029.33298	2.68E-01
-11011.42822	2.68E-01
-10993.52346	2.68E-01
-10975.6187	2.68E-01
-10957.71394	2.68E-01
-10939.80917	2.68E-01
-10921.90441	2.68E-01
-10903.99965	2.68E-01
-10886.09489	2.68E-01
-10868.19013	2.68E-01
-10850.28537	2.68E-01
-10832.38061	2.68E-01
-10814.47585	2.68E-01
-10796.57108	2.69E-01
-10778.66632	2.69E-01
-10760.76156	2.69E-01
-10742.8568	2.69E-01
-10724.95204	2.69E-01
-10707.04728	2.69E-01
-10689.14252	2.69E-01
-10671.23775	2.69E-01
-10653.33299	2.69E-01
-10635.42823	2.70E-01
-10617.52347	2.70E-01
-10599.61871	2.70E-01
-10581.71395	2.70E-01
-10563.80919	2.70E-01
-10545.90443	2.70E-01
-10527.99966	2.70E-01
-10510.0949	2.70E-01
-10492.19014	2.70E-01
-10474.28538	2.70E-01
-10456.38062	2.70E-01
-10438.47586	2.70E-01
-10420.5711	2.70E-01
-10402.66633	2.70E-01
-10384.76157	2.70E-01
-10366.85681	2.70E-01
-10348.95205	2.70E-01
-10331.04729	2.71E-01
-10313.14253	2.71E-01
-10295.23777	2.71E-01
-10277.33301	2.71E-01
-10259.42824	2.71E-01
-10241.52348	2.71E-01
-10223.61872	2.71E-01
-10205.71396	2.71E-01
-10187.8092	2.71E-01
-10169.90444	2.71E-01
-10151.99968	2.71E-01
-10134.09491	2.71E-01
-10116.19015	2.71E-01
-10098.28539	2.72E-01
-10080.38063	2.72E-01
-10062.47587	2.72E-01
-10044.57111	2.72E-01
-10026.66635	2.72E-01
-10008.76159	2.72E-01
-9990.856824	2.72E-01
-9972.952062	2.72E-01
-9955.047301	2.72E-01
-9937.14254	2.72E-01
-9919.237778	2.72E-01
-9901.333017	2.72E-01
-9883.428256	2.73E-01
-9865.523494	2.73E-01
-9847.618733	2.73E-01
-9829.713972	2.73E-01
-9811.80921	2.73E-01
-9793.904449	2.73E-01
-9775.999688	2.73E-01
-9758.094926	2.73E-01
-9740.190165	2.73E-01
-9722.285404	2.73E-01
-9704.380642	2.73E-01
-9686.475881	2.74E-01
-9668.57112	2.74E-01
-9650.666358	2.74E-01
-9632.761597	2.74E-01
-9614.856836	2.74E-01
-9596.952074	2.74E-01
-9579.047313	2.74E-01
-9561.142552	2.74E-01
-9543.23779	2.74E-01
-9525.333029	2.74E-01
-9507.428268	2.74E-01
-9489.523506	2.74E-01
-9471.618745	2.74E-01
-9453.713984	2.74E-01
-9435.809222	2.75E-01
-9417.904461	2.75E-01
-9399.9997	2.75E-01
-9382.094938	2.75E-01
-9364.190177	2.75E-01
-9346.285416	2.75E-01
-9328.380654	2.75E-01
-9310.475893	2.75E-01
-9292.571132	2.75E-01
-9274.66637	2.75E-01
-9256.761609	2.75E-01
-9238.856848	2.75E-01
-9220.952086	2.75E-01
-9203.047325	2.75E-01
-9185.142564	2.75E-01
-9167.237802	2.75E-01
-9149.333041	2.75E-01
-9131.42828	2.75E-01
-9113.523518	2.75E-01
-9095.618757	2.75E-01
-9077.713996	2.75E-01
-9059.809234	2.76E-01
-9041.904473	2.76E-01
-9023.999712	2.76E-01
-9006.09495	2.76E-01
-8988.190189	2.76E-01
-8970.285428	2.76E-01
-8952.380666	2.76E-01
-8934.475905	2.76E-01
-8916.571144	2.76E-01
-8898.666382	2.76E-01
-8880.761621	2.76E-01
-8862.85686	2.76E-01
-8844.952098	2.77E-01
-8827.047337	2.77E-01
-8809.142576	2.77E-01
-8791.237814	2.77E-01
-8773.333053	2.77E-01
-8755.428292	2.77E-01
-8737.52353	2.77E-01
-8719.618769	2.77E-01
-8701.714008	2.77E-01
-8683.809246	2.77E-01
-8665.904485	2.77E-01
-8647.999724	2.77E-01
-8630.094962	2.77E-01
-8612.190201	2.77E-01
-8594.28544	2.77E-01
-8576.380678	2.77E-01
-8558.475917	2.77E-01
-8540.571156	2.77E-01
-8522.666394	2.77E-01
-8504.761633	2.77E-01
-8486.856872	2.77E-01
-8468.95211	2.77E-01
-8451.047349	2.77E-01
-8433.142588	2.78E-01
-8415.237826	2.78E-01
-8397.333065	2.78E-01
-8379.428304	2.78E-01
-8361.523542	2.78E-01
-8343.618781	2.78E-01
-8325.71402	2.78E-01
-8307.809258	2.78E-01
-8289.904497	2.78E-01
-8271.999736	2.78E-01
-8254.094974	2.78E-01
-8236.190213	2.78E-01
-8218.285452	2.78E-01
-8200.38069	2.78E-01
-8182.475929	2.79E-01
-8164.571168	2.79E-01
-8146.666406	2.79E-01
-8128.761645	2.79E-01
-8110.856884	2.79E-01
-8092.952122	2.80E-01
-8075.047361	2.80E-01
-8057.1426	2.80E-01
-8039.237838	2.80E-01
-8021.333077	2.80E-01
-8003.428316	2.80E-01
-7985.523554	2.80E-01
-7967.618793	2.80E-01
-7949.714032	2.80E-01
-7931.80927	2.81E-01
-7913.904509	2.81E-01
-7895.999748	2.81E-01
-7878.094986	2.81E-01
-7860.190225	2.81E-01
-7842.285464	2.81E-01
-7824.380702	2.81E-01
-7806.475941	2.81E-01
-7788.57118	2.81E-01
-7770.666418	2.81E-01
-7752.761657	2.81E-01
-7734.856896	2.81E-01
-7716.952134	2.81E-01
-7699.047373	2.81E-01
-7681.142612	2.81E-01
-7663.23785	2.81E-01
-7645.333089	2.82E-01
-7627.428328	2.82E-01
-7609.523566	2.82E-01
-7591.618805	2.82E-01
-7573.714044	2.82E-01
-7555.809282	2.82E-01
-7537.904521	2.82E-01
-7519.99976	2.82E-01
-7502.094998	2.82E-01
-7484.190237	2.82E-01
-7466.285476	2.83E-01
-7448.380714	2.83E-01
-7430.475953	2.83E-01
-7412.571192	2.83E-01
-7394.66643	2.83E-01
-7376.761669	2.83E-01
-7358.856908	2.83E-01
-7340.952146	2.83E-01
-7323.047385	2.83E-01
-7305.142624	2.83E-01
-7287.237862	2.83E-01
-7269.333101	2.83E-01
-7251.42834	2.83E-01
-7233.523578	2.83E-01
-7215.618817	2.83E-01
-7197.714056	2.84E-01
-7179.809294	2.84E-01
-7161.904533	2.84E-01
-7143.999772	2.84E-01
-7126.09501	2.84E-01
-7108.190249	2.84E-01
-7090.285488	2.84E-01
-7072.380726	2.84E-01
-7054.475965	2.84E-01
-7036.571204	2.84E-01
-7018.666442	2.84E-01
-7000.761681	2.84E-01
-6982.85692	2.84E-01
-6964.952158	2.84E-01
-6947.047397	2.84E-01
-6929.142636	2.84E-01
-6911.237874	2.84E-01
-6893.333113	2.85E-01
-6875.428352	2.85E-01
-6857.52359	2.85E-01
-6839.618829	2.85E-01
-6821.714068	2.85E-01
-6803.809306	2.85E-01
-6785.904545	2.85E-01
-6767.999784	2.85E-01
-6750.095022	2.85E-01
-6732.190261	2.85E-01
-6714.2855	2.85E-01
-6696.380738	2.85E-01
-6678.475977	2.85E-01
-6660.571216	2.85E-01
-6642.666454	2.85E-01
-6624.761693	2.85E-01
-6606.856932	2.85E-01
-6588.95217	2.85E-01
-6571.047409	2.86E-01
-6553.142648	2.86E-01
-6535.237886	2.86E-01
-6517.333125	2.86E-01
-6499.428364	2.86E-01
-6481.523602	2.86E-01
-6463.618841	2.86E-01
-6445.71408	2.86E-01
-6427.809318	2.86E-01
-6409.904557	2.86E-01
-6391.999796	2.86E-01
-6374.095034	2.86E-01
-6356.190273	2.86E-01
-6338.285512	2.86E-01
-6320.38075	2.86E-01
-6302.475989	2.86E-01
-6284.571228	2.86E-01
-6266.666466	2.86E-01
-6248.761705	2.86E-01
-6230.856944	2.87E-01
-6212.952182	2.87E-01
-6195.047421	2.87E-01
-6177.14266	2.87E-01
-6159.237898	2.87E-01
-6141.333137	2.87E-01
-6123.428376	2.87E-01
-6105.523614	2.87E-01
-6087.618853	2.87E-01
-6069.714092	2.87E-01
-6051.80933	2.87E-01
-6033.904569	2.87E-01
-6015.999808	2.87E-01
-5998.095046	2.87E-01
-5980.190285	2.87E-01
-5962.285524	2.87E-01
-5944.380762	2.87E-01
-5926.476001	2.87E-01
-5908.57124	2.88E-01
-5890.666478	2.88E-01
-5872.761717	2.88E-01
-5854.856956	2.88E-01
-5836.952194	2.88E-01
-5819.047433	2.88E-01
-5801.142672	2.88E-01
-5783.23791	2.88E-01
-5765.333149	2.88E-01
-5747.428388	2.88E-01
-5729.523626	2.88E-01
-5711.618865	2.88E-01
-5693.714104	2.88E-01
-5675.809342	2.88E-01
-5657.904581	2.88E-01
-5639.99982	2.88E-01
-5622.095058	2.89E-01
-5604.190297	2.89E-01
-5586.285536	2.89E-01
-5568.380774	2.89E-01
-5550.476013	2.89E-01
-5532.571252	2.89E-01
-5514.66649	2.89E-01
-5496.761729	2.89E-01
-5478.856968	2.89E-01
-5460.952206	2.89E-01
-5443.047445	2.89E-01
-5425.142684	2.89E-01
-5407.237922	2.89E-01
-5389.333161	2.89E-01
-5371.4284	2.90E-01
-5353.523638	2.90E-01
-5335.618877	2.90E-01
-5317.714116	2.90E-01
-5299.809354	2.90E-01
-5281.904593	2.90E-01
-5263.999832	2.90E-01
-5246.09507	2.90E-01
-5228.190309	2.90E-01
-5210.285548	2.90E-01
-5192.380786	2.90E-01
-5174.476025	2.90E-01
-5156.571264	2.90E-01
-5138.666502	2.90E-01
-5120.761741	2.90E-01
-5102.85698	2.90E-01
-5084.952218	2.90E-01
-5067.047457	2.90E-01
-5049.142696	2.91E-01
-5031.237934	2.91E-01
-5013.333173	2.91E-01
-4995.428412	2.91E-01
-4977.52365	2.91E-01
-4959.618889	2.91E-01
-4941.714128	2.91E-01
-4923.809366	2.91E-01
-4905.904605	2.91E-01
-4887.999844	2.91E-01
-4870.095082	2.91E-01
-4852.190321	2.91E-01
-4834.28556	2.91E-01
-4816.380798	2.91E-01
-4798.476037	2.91E-01
-4780.571276	2.91E-01
-4762.666514	2.91E-01
-4744.761753	2.91E-01
-4726.856992	2.91E-01
-4708.95223	2.91E-01
-4691.047469	2.92E-01
-4673.142708	2.92E-01
-4655.237946	2.92E-01
-4637.333185	2.92E-01
-4619.428424	2.92E-01
-4601.523662	2.92E-01
-4583.618901	2.92E-01
-4565.71414	2.92E-01
-4547.809378	2.92E-01
-4529.904617	2.92E-01
-4511.999856	2.92E-01
-4494.095094	2.92E-01
-4476.190333	2.92E-01
-4458.285572	2.92E-01
-4440.38081	2.92E-01
-4422.476049	2.92E-01
-4404.571288	2.92E-01
-4386.666526	2.92E-01
-4368.761765	2.92E-01
-4350.857004	2.92E-01
-4332.952242	2.92E-01
-4315.047481	2.92E-01
-4297.14272	2.93E-01
-4279.237958	2.93E-01
-4261.333197	2.93E-01
-4243.428436	2.93E-01
-4225.523674	2.93E-01
-4207.618913	2.93E-01
-4189.714152	2.93E-01
-4171.80939	2.93E-01
-4153.904629	2.93E-01
-4135.999868	2.93E-01
-4118.095106	2.93E-01
-4100.190345	2.93E-01
-4082.285584	2.93E-01
-4064.380822	2.93E-01
-4046.476061	2.93E-01
-4028.5713	2.93E-01
-4010.666538	2.93E-01
-3992.761777	2.93E-01
-3974.857016	2.93E-01
-3956.952254	2.93E-01
-3939.047493	2.93E-01
-3921.142732	2.94E-01
-3903.23797	2.94E-01
-3885.333209	2.94E-01
-3867.428448	2.94E-01
-3849.523686	2.94E-01
-3831.618925	2.94E-01
-3813.714164	2.94E-01
-3795.809402	2.94E-01
-3777.904641	2.94E-01
-3759.99988	2.94E-01
-3742.095118	2.94E-01
-3724.190357	2.94E-01
-3706.285596	2.94E-01
-3688.380834	2.94E-01
-3670.476073	2.94E-01
-3652.571312	2.94E-01
-3634.66655	2.94E-01
-3616.761789	2.94E-01
-3598.857028	2.94E-01
-3580.952266	2.95E-01
-3563.047505	2.94E-01
-3545.142744	2.95E-01
-3527.237982	2.95E-01
-3509.333221	2.95E-01
-3491.42846	2.95E-01
-3473.523698	2.95E-01
-3455.618937	2.95E-01
-3437.714176	2.95E-01
-3419.809415	2.95E-01
-3401.904653	2.95E-01
-3383.999892	2.95E-01
-3366.095131	2.95E-01
-3348.190369	2.95E-01
-3330.285608	2.95E-01
-3312.380847	2.95E-01
-3294.476085	2.95E-01
-3276.571324	2.95E-01
-3258.666563	2.95E-01
-3240.761801	2.95E-01
-3222.85704	2.95E-01
-3204.952279	2.95E-01
-3187.047517	2.95E-01
-3169.142756	2.95E-01
-3151.237995	2.95E-01
-3133.333233	2.95E-01
-3115.428472	2.95E-01
-3097.523711	2.95E-01
-3079.618949	2.95E-01
-3061.714188	2.95E-01
-3043.809427	2.95E-01
-3025.904665	2.95E-01
-3007.999904	2.95E-01
-2990.095143	2.96E-01
-2972.190381	2.95E-01
-2954.28562	2.95E-01
-2936.380859	2.95E-01
-2918.476097	2.95E-01
-2900.571336	2.95E-01
-2882.666575	2.95E-01
-2864.761813	2.95E-01
-2846.857052	2.95E-01
-2828.952291	2.96E-01
-2811.047529	2.96E-01
-2793.142768	2.96E-01
-2775.238007	2.96E-01
-2757.333245	2.96E-01
-2739.428484	2.96E-01
-2721.523723	2.96E-01
-2703.618961	2.96E-01
-2685.7142	2.96E-01
-2667.809439	2.96E-01
-2649.904677	2.96E-01
-2631.999916	2.96E-01
-2614.095155	2.96E-01
-2596.190393	2.96E-01
-2578.285632	2.96E-01
-2560.380871	2.96E-01
-2542.476109	2.96E-01
-2524.571348	2.96E-01
-2506.666587	2.96E-01
-2488.761825	2.96E-01
-2470.857064	2.96E-01
-2452.952303	2.96E-01
-2435.047541	2.96E-01
-2417.14278	2.96E-01
-2399.238019	2.96E-01
-2381.333257	2.96E-01
-2363.428496	2.96E-01
-2345.523735	2.96E-01
-2327.618973	2.96E-01
-2309.714212	2.96E-01
-2291.809451	2.96E-01
-2273.904689	2.96E-01
-2255.999928	2.96E-01
-2238.095167	2.96E-01
-2220.190405	2.96E-01
-2202.285644	2.96E-01
-2184.380883	2.96E-01
-2166.476121	2.96E-01
-2148.57136	2.96E-01
-2130.666599	2.96E-01
-2112.761837	2.96E-01
-2094.857076	2.96E-01
-2076.952315	2.96E-01
-2059.047553	2.97E-01
-2041.142792	2.96E-01
-2023.238031	2.97E-01
-2005.333269	2.97E-01
-1987.428508	2.97E-01
-1969.523747	2.97E-01
-1951.618985	2.97E-01
-1933.714224	2.97E-01
-1915.809463	2.97E-01
-1897.904701	2.97E-01
-1879.99994	2.97E-01
-1862.095179	2.97E-01
-1844.190417	2.97E-01
-1826.285656	2.97E-01
-1808.380895	2.97E-01
-1790.476133	2.97E-01
-1772.571372	2.97E-01
-1754.666611	2.97E-01
-1736.761849	2.97E-01
-1718.857088	2.97E-01
-1700.952327	2.97E-01
-1683.047565	2.97E-01
-1665.142804	2.97E-01
-1647.238043	2.97E-01
-1629.333281	2.97E-01
-1611.42852	2.97E-01
-1593.523759	2.97E-01
-1575.618997	2.97E-01
-1557.714236	2.97E-01
-1539.809475	2.97E-01
-1521.904713	2.97E-01
-1503.999952	2.97E-01
-1486.095191	2.97E-01
-1468.190429	2.97E-01
-1450.285668	2.97E-01
-1432.380907	2.97E-01
-1414.476145	2.97E-01
-1396.571384	2.97E-01
-1378.666623	2.97E-01
-1360.761861	2.97E-01
-1342.8571	2.97E-01
-1324.952339	2.97E-01
-1307.047577	2.97E-01
-1289.142816	2.97E-01
-1271.238055	2.97E-01
-1253.333293	2.97E-01
-1235.428532	2.97E-01
-1217.523771	2.97E-01
-1199.619009	2.97E-01
-1181.714248	2.97E-01
-1163.809487	2.97E-01
-1145.904725	2.97E-01
-1127.999964	2.97E-01
-1110.095203	2.98E-01
-1092.190441	2.97E-01
-1074.28568	2.97E-01
-1056.380919	2.97E-01
-1038.476157	2.97E-01
-1020.571396	2.98E-01
-1002.666635	2.98E-01
-984.761873	2.98E-01
-966.857112	2.97E-01
-948.952351	2.97E-01
-931.047589	2.97E-01
-913.142828	2.97E-01
-895.238067	2.97E-01
-877.333305	2.97E-01
-859.428544	2.97E-01
-841.523783	2.97E-01
-823.619021	2.98E-01
-805.71426	2.97E-01
-787.809499	2.97E-01
-769.904737	2.97E-01
-751.999976	2.97E-01
-734.095215	2.97E-01
-716.190453	2.97E-01
-698.285692	2.97E-01
-680.380931	2.97E-01
-662.476169	2.97E-01
-644.571408	2.97E-01
-626.666647	2.97E-01
-608.761885	2.97E-01
-590.857124	2.98E-01
-572.952363	2.98E-01
-555.047601	2.98E-01
-537.14284	2.98E-01
-519.238079	2.98E-01
-501.333317	2.98E-01
-483.428556	2.98E-01
-465.523795	2.98E-01
-447.619033	2.98E-01
-429.714272	2.98E-01
-411.809511	2.98E-01
-393.904749	2.98E-01
-375.999988	2.98E-01
-358.095227	2.98E-01
-340.190465	2.98E-01
-322.285704	2.98E-01
-304.380943	2.98E-01
-286.476181	2.98E-01
-268.57142	2.98E-01
-250.666659	2.98E-01
-232.761897	2.98E-01
-214.857136	2.97E-01
-196.952375	2.97E-01
-179.047613	2.97E-01
-161.142852	2.97E-01
-143.238091	2.97E-01
-125.333329	2.97E-01
-107.428568	2.97E-01
-89.523807	2.97E-01
-71.619045	2.97E-01
-53.714284	2.97E-01
-35.809523	2.97E-01
-17.904761	2.97E-01
0	2.97E-01
17.904761	2.97E-01
35.809523	2.97E-01
53.714284	2.97E-01
71.619045	2.97E-01
89.523807	2.97E-01
107.428568	2.97E-01
125.333329	2.97E-01
143.238091	2.98E-01
161.142852	2.98E-01
179.047613	2.98E-01
196.952375	2.98E-01
214.857136	2.98E-01
232.761897	2.98E-01
250.666659	2.98E-01
268.57142	2.98E-01
286.476181	2.98E-01
304.380943	2.98E-01
322.285704	2.98E-01
340.190465	2.98E-01
358.095227	2.98E-01
375.999988	2.98E-01
393.904749	2.98E-01
411.809511	2.98E-01
429.714272	2.98E-01
447.619033	2.98E-01
465.523795	2.98E-01
483.428556	2.98E-01
501.333317	2.98E-01
519.238079	2.98E-01
537.14284	2.98E-01
555.047601	2.98E-01
572.952363	2.98E-01
590.857124	2.98E-01
608.761885	2.98E-01
626.666647	2.98E-01
644.571408	2.98E-01
662.476169	2.98E-01
680.380931	2.98E-01
698.285692	2.98E-01
716.190453	2.98E-01
734.095215	2.98E-01
751.999976	2.98E-01
769.904737	2.98E-01
787.809499	2.98E-01
805.71426	2.98E-01
823.619021	2.98E-01
841.523783	2.98E-01
859.428544	2.98E-01
877.333305	2.98E-01
895.238067	2.98E-01
913.142828	2.98E-01
931.047589	2.98E-01
948.952351	2.98E-01
966.857112	2.98E-01
984.761873	2.98E-01
1002.666635	2.98E-01
1020.571396	2.98E-01
1038.476157	2.98E-01
1056.380919	2.98E-01
1074.28568	2.98E-01
1092.190441	2.98E-01
1110.095203	2.98E-01
1127.999964	2.98E-01
1145.904725	2.98E-01
1163.809487	2.98E-01
1181.714248	2.98E-01
1199.619009	2.98E-01
1217.523771	2.98E-01
1235.428532	2.98E-01
1253.333293	2.98E-01
1271.238055	2.98E-01
1289.142816	2.98E-01
1307.047577	2.98E-01
1324.952339	2.98E-01
1342.8571	2.98E-01
1360.761861	2.98E-01
1378.666623	2.98E-01
1396.571384	2.98E-01
1414.476145	2.98E-01
1432.380907	2.98E-01
1450.285668	2.98E-01
1468.190429	2.98E-01
1486.095191	2.98E-01
1503.999952	2.98E-01
1521.904713	2.98E-01
1539.809475	2.98E-01
1557.714236	2.98E-01
1575.618997	2.98E-01
1593.523759	2.98E-01
1611.42852	2.98E-01
1629.333281	2.98E-01
1647.238043	2.98E-01
1665.142804	2.98E-01
1683.047565	2.98E-01
1700.952327	2.98E-01
1718.857088	2.98E-01
1736.761849	2.98E-01
1754.666611	2.98E-01
1772.571372	2.98E-01
1790.476133	2.98E-01
1808.380895	2.98E-01
1826.285656	2.98E-01
1844.190417	2.98E-01
1862.095179	2.98E-01
1879.99994	2.98E-01
1897.904701	2.98E-01
1915.809463	2.98E-01
1933.714224	2.98E-01
1951.618985	2.98E-01
1969.523747	2.98E-01
1987.428508	2.98E-01
2005.333269	2.98E-01
2023.238031	2.97E-01
2041.142792	2.97E-01
2059.047553	2.97E-01
2076.952315	2.97E-01
2094.857076	2.97E-01
2112.761837	2.97E-01
2130.666599	2.97E-01
2148.57136	2.97E-01
2166.476121	2.97E-01
2184.380883	2.97E-01
2202.285644	2.97E-01
2220.190405	2.97E-01
2238.095167	2.97E-01
2255.999928	2.97E-01
2273.904689	2.97E-01
2291.809451	2.97E-01
2309.714212	2.97E-01
2327.618973	2.97E-01
2345.523735	2.97E-01
2363.428496	2.97E-01
2381.333257	2.97E-01
2399.238019	2.97E-01
2417.14278	2.97E-01
2435.047541	2.97E-01
2452.952303	2.97E-01
2470.857064	2.97E-01
2488.761825	2.97E-01
2506.666587	2.97E-01
2524.571348	2.97E-01
2542.476109	2.97E-01
2560.380871	2.97E-01
2578.285632	2.97E-01
2596.190393	2.96E-01
2614.095155	2.96E-01
2631.999916	2.96E-01
2649.904677	2.96E-01
2667.809439	2.96E-01
2685.7142	2.96E-01
2703.618961	2.96E-01
2721.523723	2.96E-01
2739.428484	2.96E-01
2757.333245	2.96E-01
2775.238007	2.96E-01
2793.142768	2.96E-01
2811.047529	2.96E-01
2828.952291	2.96E-01
2846.857052	2.96E-01
2864.761813	2.96E-01
2882.666575	2.96E-01
2900.571336	2.96E-01
2918.476097	2.96E-01
2936.380859	2.96E-01
2954.28562	2.96E-01
2972.190381	2.96E-01
2990.095143	2.96E-01
3007.999904	2.96E-01
3025.904665	2.96E-01
3043.809427	2.96E-01
3061.714188	2.96E-01
3079.618949	2.96E-01
3097.523711	2.96E-01
3115.428472	2.95E-01
3133.333233	2.95E-01
3151.237995	2.95E-01
3169.142756	2.95E-01
3187.047517	2.95E-01
3204.952279	2.95E-01
3222.85704	2.95E-01
3240.761801	2.95E-01
3258.666563	2.95E-01
3276.571324	2.95E-01
3294.476085	2.95E-01
3312.380847	2.95E-01
3330.285608	2.95E-01
3348.190369	2.95E-01
3366.095131	2.95E-01
3383.999892	2.95E-01
3401.904653	2.95E-01
3419.809414	2.95E-01
3437.714176	2.95E-01
3455.618937	2.95E-01
3473.523698	2.95E-01
3491.42846	2.95E-01
3509.333221	2.95E-01
3527.237982	2.95E-01
3545.142744	2.95E-01
3563.047505	2.94E-01
3580.952266	2.94E-01
3598.857028	2.94E-01
3616.761789	2.94E-01
3634.66655	2.94E-01
3652.571312	2.94E-01
3670.476073	2.94E-01
3688.380834	2.94E-01
3706.285596	2.94E-01
3724.190357	2.94E-01
3742.095118	2.94E-01
3759.99988	2.94E-01
3777.904641	2.94E-01
3795.809402	2.94E-01
3813.714164	2.94E-01
3831.618925	2.94E-01
3849.523686	2.94E-01
3867.428448	2.94E-01
3885.333209	2.94E-01
3903.23797	2.94E-01
3921.142732	2.94E-01
3939.047493	2.94E-01
3956.952254	2.94E-01
3974.857016	2.94E-01
3992.761777	2.93E-01
4010.666538	2.93E-01
4028.5713	2.93E-01
4046.476061	2.93E-01
4064.380822	2.93E-01
4082.285584	2.93E-01
4100.190345	2.93E-01
4118.095106	2.93E-01
4135.999868	2.93E-01
4153.904629	2.93E-01
4171.80939	2.93E-01
4189.714152	2.93E-01
4207.618913	2.93E-01
4225.523674	2.93E-01
4243.428436	2.93E-01
4261.333197	2.93E-01
4279.237958	2.93E-01
4297.14272	2.93E-01
4315.047481	2.93E-01
4332.952242	2.93E-01
4350.857004	2.93E-01
4368.761765	2.93E-01
4386.666526	2.93E-01
4404.571288	2.93E-01
4422.476049	2.93E-01
4440.38081	2.93E-01
4458.285572	2.93E-01
4476.190333	2.92E-01
4494.095094	2.92E-01
4511.999856	2.92E-01
4529.904617	2.92E-01
4547.809378	2.92E-01
4565.71414	2.92E-01
4583.618901	2.92E-01
4601.523662	2.92E-01
4619.428424	2.92E-01
4637.333185	2.92E-01
4655.237946	2.92E-01
4673.142708	2.92E-01
4691.047469	2.92E-01
4708.95223	2.92E-01
4726.856992	2.92E-01
4744.761753	2.92E-01
4762.666514	2.92E-01
4780.571276	2.91E-01
4798.476037	2.91E-01
4816.380798	2.91E-01
4834.28556	2.91E-01
4852.190321	2.91E-01
4870.095082	2.91E-01
4887.999844	2.91E-01
4905.904605	2.91E-01
4923.809366	2.91E-01
4941.714128	2.91E-01
4959.618889	2.91E-01
4977.52365	2.91E-01
4995.428412	2.91E-01
5013.333173	2.91E-01
5031.237934	2.91E-01
5049.142696	2.91E-01
5067.047457	2.91E-01
5084.952218	2.91E-01
5102.85698	2.91E-01
5120.761741	2.90E-01
5138.666502	2.90E-01
5156.571264	2.90E-01
5174.476025	2.90E-01
5192.380786	2.90E-01
5210.285548	2.90E-01
5228.190309	2.90E-01
5246.09507	2.90E-01
5263.999832	2.90E-01
5281.904593	2.90E-01
5299.809354	2.90E-01
5317.714116	2.90E-01
5335.618877	2.90E-01
5353.523638	2.90E-01
5371.4284	2.90E-01
5389.333161	2.89E-01
5407.237922	2.89E-01
5425.142684	2.89E-01
5443.047445	2.89E-01
5460.952206	2.89E-01
5478.856968	2.89E-01
5496.761729	2.89E-01
5514.66649	2.89E-01
5532.571252	2.89E-01
5550.476013	2.89E-01
5568.380774	2.89E-01
5586.285536	2.89E-01
5604.190297	2.89E-01
5622.095058	2.89E-01
5639.99982	2.89E-01
5657.904581	2.89E-01
5675.809342	2.89E-01
5693.714104	2.88E-01
5711.618865	2.88E-01
5729.523626	2.88E-01
5747.428388	2.88E-01
5765.333149	2.88E-01
5783.23791	2.88E-01
5801.142672	2.88E-01
5819.047433	2.88E-01
5836.952194	2.88E-01
5854.856956	2.88E-01
5872.761717	2.88E-01
5890.666478	2.88E-01
5908.57124	2.88E-01
5926.476001	2.88E-01
5944.380762	2.87E-01
5962.285524	2.87E-01
5980.190285	2.87E-01
5998.095046	2.87E-01
6015.999808	2.87E-01
6033.904569	2.87E-01
6051.80933	2.87E-01
6069.714092	2.87E-01
6087.618853	2.87E-01
6105.523614	2.87E-01
6123.428376	2.87E-01
6141.333137	2.86E-01
6159.237898	2.86E-01
6177.14266	2.86E-01
6195.047421	2.86E-01
6212.952182	2.86E-01
6230.856944	2.86E-01
6248.761705	2.86E-01
6266.666466	2.86E-01
6284.571228	2.86E-01
6302.475989	2.86E-01
6320.38075	2.86E-01
6338.285512	2.86E-01
6356.190273	2.86E-01
6374.095034	2.86E-01
6391.999796	2.86E-01
6409.904557	2.86E-01
6427.809318	2.86E-01
6445.71408	2.86E-01
6463.618841	2.85E-01
6481.523602	2.85E-01
6499.428364	2.85E-01
6517.333125	2.85E-01
6535.237886	2.85E-01
6553.142648	2.85E-01
6571.047409	2.85E-01
6588.95217	2.85E-01
6606.856932	2.85E-01
6624.761693	2.85E-01
6642.666454	2.85E-01
6660.571216	2.85E-01
6678.475977	2.85E-01
6696.380738	2.85E-01
6714.2855	2.85E-01
6732.190261	2.85E-01
6750.095022	2.85E-01
6767.999784	2.85E-01
6785.904545	2.85E-01
6803.809306	2.85E-01
6821.714068	2.85E-01
6839.618829	2.84E-01
6857.52359	2.84E-01
6875.428352	2.84E-01
6893.333113	2.84E-01
6911.237874	2.84E-01
6929.142636	2.84E-01
6947.047397	2.84E-01
6964.952158	2.84E-01
6982.85692	2.84E-01
7000.761681	2.84E-01
7018.666442	2.84E-01
7036.571204	2.84E-01
7054.475965	2.84E-01
7072.380726	2.83E-01
7090.285488	2.83E-01
7108.190249	2.83E-01
7126.09501	2.83E-01
7143.999772	2.83E-01
7161.904533	2.83E-01
7179.809294	2.83E-01
7197.714056	2.83E-01
7215.618817	2.83E-01
7233.523578	2.83E-01
7251.42834	2.82E-01
7269.333101	2.82E-01
7287.237862	2.82E-01
7305.142624	2.82E-01
7323.047385	2.82E-01
7340.952146	2.82E-01
7358.856908	2.82E-01
7376.761669	2.82E-01
7394.66643	2.82E-01
7412.571192	2.82E-01
7430.475953	2.82E-01
7448.380714	2.82E-01
7466.285476	2.82E-01
7484.190237	2.81E-01
7502.094998	2.81E-01
7519.99976	2.81E-01
7537.904521	2.81E-01
7555.809282	2.81E-01
7573.714044	2.81E-01
7591.618805	2.81E-01
7609.523566	2.81E-01
7627.428328	2.81E-01
7645.333089	2.81E-01
7663.23785	2.81E-01
7681.142612	2.81E-01
7699.047373	2.81E-01
7716.952134	2.81E-01
7734.856896	2.81E-01
7752.761657	2.80E-01
7770.666418	2.80E-01
7788.57118	2.80E-01
7806.475941	2.80E-01
7824.380702	2.80E-01
7842.285464	2.80E-01
7860.190225	2.80E-01
7878.094986	2.80E-01
7895.999748	2.80E-01
7913.904509	2.80E-01
7931.80927	2.79E-01
7949.714032	2.79E-01
7967.618793	2.79E-01
7985.523554	2.79E-01
8003.428316	2.79E-01
8021.333077	2.79E-01
8039.237838	2.79E-01
8057.1426	2.79E-01
8075.047361	2.79E-01
8092.952122	2.79E-01
8110.856884	2.79E-01
8128.761645	2.79E-01
8146.666406	2.78E-01
8164.571168	2.78E-01
8182.475929	2.78E-01
8200.38069	2.78E-01
8218.285452	2.78E-01
8236.190213	2.78E-01
8254.094974	2.78E-01
8271.999736	2.78E-01
8289.904497	2.78E-01
8307.809258	2.77E-01
8325.71402	2.77E-01
8343.618781	2.77E-01
8361.523542	2.77E-01
8379.428304	2.77E-01
8397.333065	2.77E-01
8415.237826	2.77E-01
8433.142588	2.77E-01
8451.047349	2.77E-01
8468.95211	2.77E-01
8486.856872	2.77E-01
8504.761633	2.76E-01
8522.666394	2.76E-01
8540.571156	2.76E-01
8558.475917	2.76E-01
8576.380678	2.76E-01
8594.28544	2.76E-01
8612.190201	2.76E-01
8630.094962	2.76E-01
8647.999724	2.76E-01
8665.904485	2.76E-01
8683.809246	2.76E-01
8701.714008	2.75E-01
8719.618769	2.75E-01
8737.52353	2.75E-01
8755.428292	2.75E-01
8773.333053	2.75E-01
8791.237814	2.75E-01
8809.142576	2.75E-01
8827.047337	2.75E-01
8844.952098	2.75E-01
8862.85686	2.75E-01
8880.761621	2.75E-01
8898.666382	2.75E-01
8916.571144	2.75E-01
8934.475905	2.75E-01
8952.380666	2.74E-01
8970.285428	2.74E-01
8988.190189	2.74E-01
9006.09495	2.74E-01
9023.999712	2.74E-01
9041.904473	2.73E-01
9059.809234	2.73E-01
9077.713996	2.73E-01
9095.618757	2.73E-01
9113.523518	2.73E-01
9131.42828	2.73E-01
9149.333041	2.72E-01
9167.237802	2.72E-01
9185.142564	2.72E-01
9203.047325	2.72E-01
9220.952086	2.72E-01
9238.856848	2.71E-01
9256.761609	2.71E-01
9274.66637	2.71E-01
9292.571132	2.71E-01
9310.475893	2.71E-01
9328.380654	2.71E-01
9346.285416	2.71E-01
9364.190177	2.71E-01
9382.094938	2.71E-01
9399.9997	2.70E-01
9417.904461	2.70E-01
9435.809222	2.70E-01
9453.713984	2.70E-01
9471.618745	2.70E-01
9489.523506	2.70E-01
9507.428268	2.69E-01
9525.333029	2.69E-01
9543.23779	2.69E-01
9561.142552	2.69E-01
9579.047313	2.69E-01
9596.952074	2.69E-01
9614.856836	2.69E-01
9632.761597	2.69E-01
9650.666358	2.68E-01
9668.57112	2.68E-01
9686.475881	2.68E-01
9704.380642	2.67E-01
9722.285404	2.67E-01
9740.190165	2.67E-01
9758.094926	2.67E-01
9775.999688	2.67E-01
9793.904449	2.66E-01
9811.80921	2.66E-01
9829.713972	2.66E-01
9847.618733	2.66E-01
9865.523494	2.66E-01
9883.428256	2.65E-01
9901.333017	2.65E-01
9919.237778	2.64E-01
9937.14254	2.64E-01
9955.047301	2.64E-01
9972.952062	2.64E-01
9990.856824	2.64E-01
10008.76159	2.64E-01
10026.66635	2.64E-01
10044.57111	2.64E-01
10062.47587	2.63E-01
10080.38063	2.63E-01
10098.28539	2.63E-01
10116.19015	2.63E-01
10134.09491	2.63E-01
10151.99968	2.63E-01
10169.90444	2.63E-01
10187.8092	2.62E-01
10205.71396	2.62E-01
10223.61872	2.62E-01
10241.52348	2.62E-01
10259.42824	2.62E-01
10277.33301	2.62E-01
10295.23777	2.61E-01
10313.14253	2.61E-01
10331.04729	2.61E-01
10348.95205	2.61E-01
10366.85681	2.60E-01
10384.76157	2.60E-01
10402.66633	2.60E-01
10420.5711	2.60E-01
10438.47586	2.60E-01
10456.38062	2.60E-01
10474.28538	2.59E-01
10492.19014	2.59E-01
10510.0949	2.59E-01
10527.99966	2.59E-01
10545.90443	2.59E-01
10563.80919	2.58E-01
10581.71395	2.58E-01
10599.61871	2.58E-01
10617.52347	2.58E-01
10635.42823	2.58E-01
10653.33299	2.58E-01
10671.23775	2.58E-01
10689.14252	2.58E-01
10707.04728	2.58E-01
10724.95204	2.58E-01
10742.8568	2.58E-01
10760.76156	2.57E-01
10778.66632	2.57E-01
10796.57108	2.57E-01
10814.47585	2.57E-01
10832.38061	2.57E-01
10850.28537	2.57E-01
10868.19013	2.57E-01
10886.09489	2.56E-01
10903.99965	2.56E-01
10921.90441	2.56E-01
10939.80917	2.56E-01
10957.71394	2.56E-01
10975.6187	2.56E-01
10993.52346	2.56E-01
11011.42822	2.56E-01
11029.33298	2.55E-01
11047.23774	2.55E-01
11065.1425	2.55E-01
11083.04727	2.55E-01
11100.95203	2.55E-01
11118.85679	2.55E-01
11136.76155	2.55E-01
11154.66631	2.54E-01
11172.57107	2.54E-01
11190.47583	2.54E-01
11208.38059	2.54E-01
11226.28536	2.54E-01
11244.19012	2.54E-01
11262.09488	2.54E-01
11279.99964	2.53E-01
11297.9044	2.53E-01
11315.80916	2.53E-01
11333.71392	2.53E-01
11351.61869	2.52E-01
11369.52345	2.52E-01
11387.42821	2.52E-01
11405.33297	2.52E-01
11423.23773	2.52E-01
11441.14249	2.51E-01
11459.04725	2.51E-01
11476.95201	2.51E-01
11494.85678	2.51E-01
11512.76154	2.50E-01
11530.6663	2.50E-01
11548.57106	2.49E-01
11566.47582	2.49E-01
11584.38058	2.49E-01
11602.28534	2.49E-01
11620.19011	2.49E-01
11638.09487	2.49E-01
11655.99963	2.49E-01
11673.90439	2.48E-01
11691.80915	2.48E-01
11709.71391	2.48E-01
11727.61867	2.48E-01
11745.52343	2.48E-01
11763.4282	2.47E-01
11781.33296	2.47E-01
11799.23772	2.47E-01
11817.14248	2.47E-01
11835.04724	2.47E-01
11852.952	2.47E-01
11870.85676	2.46E-01
11888.76153	2.46E-01
11906.66629	2.46E-01
11924.57105	2.46E-01
11942.47581	2.46E-01
11960.38057	2.46E-01
11978.28533	2.46E-01
11996.19009	2.46E-01
12014.09485	2.46E-01
12031.99962	2.46E-01
12049.90438	2.46E-01
12067.80914	2.46E-01
12085.7139	2.46E-01
12103.61866	2.45E-01
12121.52342	2.45E-01
12139.42818	2.45E-01
12157.33295	2.45E-01
12175.23771	2.45E-01
12193.14247	2.45E-01
12211.04723	2.45E-01
12228.95199	2.44E-01
12246.85675	2.44E-01
12264.76151	2.44E-01
12282.66627	2.43E-01
12300.57104	2.43E-01
12318.4758	2.43E-01
12336.38056	2.43E-01
12354.28532	2.43E-01
12372.19008	2.43E-01
12390.09484	2.43E-01
12407.9996	2.42E-01
12425.90437	2.42E-01
12443.80913	2.42E-01
12461.71389	2.41E-01
12479.61865	2.41E-01
12497.52341	2.41E-01
12515.42817	2.40E-01
12533.33293	2.39E-01
12551.23769	2.39E-01
12569.14246	2.39E-01
12587.04722	2.39E-01
12604.95198	2.38E-01
12622.85674	2.38E-01
12640.7615	2.38E-01
12658.66626	2.38E-01
12676.57102	2.38E-01
12694.47579	2.38E-01
12712.38055	2.37E-01
12730.28531	2.37E-01
12748.19007	2.37E-01
12766.09483	2.37E-01
12783.99959	2.36E-01
12801.90435	2.36E-01
12819.80911	2.36E-01
12837.71388	2.36E-01
12855.61864	2.35E-01
12873.5234	2.35E-01
12891.42816	2.35E-01
12909.33292	2.34E-01
12927.23768	2.34E-01
12945.14244	2.34E-01
12963.04721	2.33E-01
12980.95197	2.33E-01
12998.85673	2.33E-01
13016.76149	2.33E-01
13034.66625	2.32E-01
13052.57101	2.32E-01
13070.47577	2.32E-01
13088.38053	2.32E-01
13106.2853	2.32E-01
13124.19006	2.32E-01
13142.09482	2.31E-01
13159.99958	2.30E-01
13177.90434	2.30E-01
13195.8091	2.30E-01
13213.71386	2.30E-01
13231.61863	2.29E-01
13249.52339	2.29E-01
13267.42815	2.29E-01
13285.33291	2.29E-01
13303.23767	2.29E-01
13321.14243	2.27E-01
13339.04719	2.27E-01
13356.95195	2.27E-01
13374.85672	2.27E-01
13392.76148	2.26E-01
13410.66624	2.26E-01
13428.571	2.26E-01
13446.47576	2.25E-01
13464.38052	2.25E-01
13482.28528	2.24E-01
13500.19005	2.24E-01
13518.09481	2.24E-01
13535.99957	2.24E-01
13553.90433	2.24E-01
13571.80909	2.23E-01
13589.71385	2.23E-01
13607.61861	2.23E-01
13625.52337	2.23E-01
13643.42814	2.22E-01
13661.3329	2.22E-01
13679.23766	2.21E-01
13697.14242	2.21E-01
13715.04718	2.20E-01
13732.95194	2.20E-01
13750.8567	2.20E-01
13768.76147	2.20E-01
13786.66623	2.20E-01
13804.57099	2.20E-01
13822.47575	2.19E-01
13840.38051	2.19E-01
13858.28527	2.18E-01
13876.19003	2.18E-01
13894.09479	2.17E-01
13911.99956	2.16E-01
13929.90432	2.16E-01
13947.80908	2.15E-01
13965.71384	2.15E-01
13983.6186	2.15E-01
14001.52336	2.14E-01
14019.42812	2.14E-01
14037.33289	2.14E-01
14055.23765	2.14E-01
14073.14241	2.12E-01
14091.04717	2.12E-01
14108.95193	2.12E-01
14126.85669	2.12E-01
14144.76145	2.12E-01
14162.66621	2.12E-01
14180.57098	2.12E-01
14198.47574	2.12E-01
14216.3805	2.12E-01
14234.28526	2.11E-01
14252.19002	2.11E-01
14270.09478	2.11E-01
14287.99954	2.10E-01
14305.90431	2.10E-01
14323.80907	2.10E-01
14341.71383	2.10E-01
14359.61859	2.10E-01
14377.52335	2.10E-01
14395.42811	2.10E-01
14413.33287	2.09E-01
14431.23763	2.09E-01
14449.1424	2.08E-01
14467.04716	2.08E-01
14484.95192	2.08E-01
14502.85668	2.07E-01
14520.76144	2.06E-01
14538.6662	2.06E-01
14556.57096	2.06E-01
14574.47573	2.05E-01
14592.38049	2.04E-01
14610.28525	2.04E-01
14628.19001	2.03E-01
14646.09477	2.03E-01
14663.99953	2.03E-01
14681.90429	2.02E-01
14699.80905	2.02E-01
14717.71382	2.01E-01
14735.61858	2.01E-01
14753.52334	2.00E-01
14771.4281	2.00E-01
14789.33286	1.99E-01
14807.23762	1.99E-01
14825.14238	1.98E-01
14843.04715	1.98E-01
14860.95191	1.98E-01
14878.85667	1.97E-01
14896.76143	1.97E-01
14914.66619	1.95E-01
14932.57095	1.94E-01
14950.47571	1.94E-01
14968.38047	1.94E-01
14986.28524	1.93E-01
15004.19	1.93E-01
15022.09476	1.93E-01
15039.99952	1.93E-01
15057.90428	1.92E-01
15075.80904	1.92E-01
15093.7138	1.92E-01
15111.61857	1.91E-01
15129.52333	1.91E-01
15147.42809	1.89E-01
15165.33285	1.89E-01
15183.23761	1.89E-01
15201.14237	1.89E-01
15219.04713	1.89E-01
15236.95189	1.88E-01
15254.85666	1.88E-01
15272.76142	1.87E-01
15290.66618	1.86E-01
15308.57094	1.86E-01
15326.4757	1.86E-01
15344.38046	1.86E-01
15362.28522	1.86E-01
15380.18999	1.86E-01
15398.09475	1.86E-01
15415.99951	1.85E-01
15433.90427	1.85E-01
15451.80903	1.85E-01
15469.71379	1.84E-01
15487.61855	1.84E-01
15505.52331	1.84E-01
15523.42808	1.83E-01
15541.33284	1.83E-01
15559.2376	1.82E-01
15577.14236	1.82E-01
15595.04712	1.82E-01
15612.95188	1.81E-01
15630.85664	1.81E-01
15648.76141	1.81E-01
15666.66617	1.79E-01
15684.57093	1.79E-01
15702.47569	1.79E-01
15720.38045	1.78E-01
15738.28521	1.78E-01
15756.18997	1.78E-01
15774.09473	1.77E-01
15791.9995	1.77E-01
15809.90426	1.77E-01
15827.80902	1.76E-01
15845.71378	1.76E-01
15863.61854	1.76E-01
15881.5233	1.76E-01
15899.42806	1.75E-01
15917.33283	1.75E-01
15935.23759	1.74E-01
15953.14235	1.74E-01
15971.04711	1.74E-01
15988.95187	1.74E-01
16006.85663	1.74E-01
16024.76139	1.74E-01
16042.66615	1.72E-01
16060.57092	1.72E-01
16078.47568	1.71E-01
16096.38044	1.71E-01
16114.2852	1.71E-01
16132.18996	1.71E-01
16150.09472	1.71E-01
16167.99948	1.70E-01
16185.90425	1.70E-01
16203.80901	1.69E-01
16221.71377	1.69E-01
16239.61853	1.69E-01
16257.52329	1.69E-01
16275.42805	1.69E-01
16293.33281	1.69E-01
16311.23757	1.68E-01
16329.14234	1.68E-01
16347.0471	1.67E-01
16364.95186	1.67E-01
16382.85662	1.67E-01
16400.76138	1.66E-01
16418.66614	1.66E-01
16436.5709	1.66E-01
16454.47567	1.65E-01
16472.38043	1.65E-01
16490.28519	1.65E-01
16508.18995	1.64E-01
16526.09471	1.64E-01
16543.99947	1.64E-01
16561.90423	1.63E-01
16579.80899	1.63E-01
16597.71376	1.63E-01
16615.61852	1.63E-01
16633.52328	1.63E-01
16651.42804	1.61E-01
16669.3328	1.61E-01
16687.23756	1.61E-01
16705.14232	1.60E-01
16723.04709	1.60E-01
16740.95185	1.60E-01
16758.85661	1.59E-01
16776.76137	1.58E-01
16794.66613	1.58E-01
16812.57089	1.58E-01
16830.47565	1.58E-01
16848.38041	1.57E-01
16866.28518	1.57E-01
16884.18994	1.57E-01
16902.0947	1.56E-01
16919.99946	1.56E-01
16937.90422	1.56E-01
16955.80898	1.56E-01
16973.71374	1.55E-01
16991.61851	1.55E-01
17009.52327	1.54E-01
17027.42803	1.54E-01
17045.33279	1.54E-01
17063.23755	1.53E-01
17081.14231	1.52E-01
17099.04707	1.51E-01
17116.95183	1.51E-01
17134.8566	1.51E-01
17152.76136	1.50E-01
17170.66612	1.49E-01
17188.57088	1.49E-01
17206.47564	1.49E-01
17224.3804	1.48E-01
17242.28516	1.47E-01
17260.18992	1.47E-01
17278.09469	1.47E-01
17295.99945	1.46E-01
17313.90421	1.46E-01
17331.80897	1.46E-01
17349.71373	1.46E-01
17367.61849	1.44E-01
17385.52325	1.43E-01
17403.42802	1.43E-01
17421.33278	1.43E-01
17439.23754	1.43E-01
17457.1423	1.42E-01
17475.04706	1.42E-01
17492.95182	1.41E-01
17510.85658	1.41E-01
17528.76134	1.38E-01
17546.66611	1.38E-01
17564.57087	1.37E-01
17582.47563	1.35E-01
17600.38039	1.34E-01
17618.28515	1.33E-01
17636.18991	1.33E-01
17654.09467	1.33E-01
17671.99944	1.31E-01
17689.9042	1.30E-01
17707.80896	1.29E-01
17725.71372	1.29E-01
17743.61848	1.28E-01
17761.52324	1.28E-01
17779.428	1.27E-01
17797.33276	1.27E-01
17815.23753	1.26E-01
17833.14229	1.24E-01
17851.04705	1.23E-01
17868.95181	1.22E-01
17886.85657	1.21E-01
17904.76133	1.20E-01
17922.66609	1.20E-01
17940.57086	1.19E-01
17958.47562	1.18E-01
17976.38038	1.18E-01
17994.28514	1.16E-01
18012.1899	1.16E-01
18030.09466	1.16E-01
18047.99942	1.15E-01
18065.90418	1.15E-01
18083.80895	1.14E-01
18101.71371	1.13E-01
18119.61847	1.13E-01
18137.52323	1.13E-01
18155.42799	1.13E-01
18173.33275	1.12E-01
18191.23751	1.12E-01
18209.14228	1.11E-01
18227.04704	1.11E-01
18244.9518	1.09E-01
18262.85656	1.09E-01
18280.76132	1.09E-01
18298.66608	1.08E-01
18316.57084	1.08E-01
18334.4756	1.07E-01
18352.38037	1.07E-01
18370.28513	1.07E-01
18388.18989	1.06E-01
18406.09465	1.05E-01
18423.99941	1.05E-01
18441.90417	1.04E-01
18459.80893	1.04E-01
18477.7137	1.04E-01
18495.61846	1.04E-01
18513.52322	1.03E-01
18531.42798	1.03E-01
18549.33274	1.03E-01
18567.2375	1.03E-01
18585.14226	1.02E-01
18603.04702	1.01E-01
18620.95179	1.00E-01
18638.85655	1.00E-01
18656.76131	1.00E-01
18674.66607	9.93E-02
18692.57083	9.87E-02
18710.47559	9.85E-02
18728.38035	9.69E-02
18746.28512	9.68E-02
18764.18988	9.59E-02
18782.09464	9.56E-02
18799.9994	9.55E-02
18817.90416	9.53E-02
18835.80892	9.35E-02
18853.71368	9.34E-02
18871.61844	9.32E-02
18889.52321	9.28E-02
18907.42797	9.27E-02
18925.33273	9.16E-02
18943.23749	9.14E-02
18961.14225	9.11E-02
18979.04701	9.04E-02
18996.95177	9.00E-02
19014.85654	8.99E-02
19032.7613	8.82E-02
19050.66606	8.68E-02
19068.57082	8.63E-02
19086.47558	8.61E-02
19104.38034	8.59E-02
19122.2851	8.48E-02
19140.18986	8.45E-02
19158.09463	8.34E-02
19175.99939	8.21E-02
19193.90415	8.00E-02
19211.80891	7.98E-02
19229.71367	7.96E-02
19247.61843	7.89E-02
19265.52319	7.82E-02
19283.42796	7.75E-02
19301.33272	7.65E-02
19319.23748	7.65E-02
19337.14224	7.48E-02
19355.047	7.34E-02
19372.95176	7.31E-02
19390.85652	6.95E-02
19408.76128	6.94E-02
19426.66605	6.89E-02
19444.57081	6.79E-02
19462.47557	6.78E-02
19480.38033	6.77E-02
19498.28509	6.72E-02
19516.18985	6.68E-02
19534.09461	6.66E-02
19551.99938	6.53E-02
19569.90414	6.51E-02
19587.8089	6.37E-02
19605.71366	6.36E-02
19623.61842	6.30E-02
19641.52318	6.21E-02
19659.42794	6.20E-02
19677.3327	6.18E-02
19695.23747	6.18E-02
19713.14223	6.16E-02
19731.04699	6.14E-02
19748.95175	6.07E-02
19766.85651	6.05E-02
19784.76127	6.01E-02
19802.66603	5.98E-02
19820.5708	5.94E-02
19838.47556	5.86E-02
19856.38032	5.82E-02
19874.28508	5.80E-02
19892.18984	5.78E-02
19910.0946	5.77E-02
19927.99936	5.76E-02
19945.90412	5.66E-02
19963.80889	5.54E-02
19981.71365	5.34E-02
19999.61841	5.30E-02
20017.52317	5.29E-02
20035.42793	5.26E-02
20053.33269	5.23E-02
20071.23745	5.21E-02
20089.14222	5.19E-02
20107.04698	5.18E-02
20124.95174	5.10E-02
20142.8565	5.07E-02
20160.76126	5.06E-02
20178.66602	4.78E-02
20196.57078	4.64E-02
20214.47554	4.61E-02
20232.38031	4.56E-02
20250.28507	4.55E-02
20268.18983	4.52E-02
20286.09459	4.49E-02
20303.99935	4.44E-02
20321.90411	4.42E-02
20339.80887	4.40E-02
20357.71364	4.39E-02
20375.6184	4.37E-02
20393.52316	4.35E-02
20411.42792	4.26E-02
20429.33268	4.12E-02
20447.23744	4.06E-02
20465.1422	3.96E-02
20483.04696	3.87E-02
20500.95173	3.57E-02
20518.85649	3.52E-02
20536.76125	3.48E-02
20554.66601	3.44E-02
20572.57077	3.37E-02
20590.47553	3.36E-02
20608.38029	3.35E-02
20626.28506	3.31E-02
20644.18982	3.11E-02
20662.09458	3.07E-02
20679.99934	3.02E-02
20697.9041	2.99E-02
20715.80886	2.99E-02
20733.71362	2.83E-02
20751.61838	2.62E-02
20769.52315	2.52E-02
20787.42791	2.51E-02
20805.33267	2.31E-02
20823.23743	2.18E-02
20841.14219	2.18E-02
20859.04695	2.16E-02
20876.95171	2.11E-02
20894.85648	2.09E-02
20912.76124	1.95E-02
20930.666	1.87E-02
20948.57076	1.83E-02
20966.47552	1.51E-02
20984.38028	1.37E-02
21002.28504	1.30E-02
21020.1898	1.26E-02
21038.09457	1.22E-02
21055.99933	9.06E-03
21073.90409	6.91E-03
21091.80885	6.27E-03
21109.71361	5.86E-03
21127.61837	4.98E-03
21145.52313	2.03E-03
21163.4279	1.49E-03
21181.33266	1.48E-03
21199.23742	6.11E-04
21217.14218	4.01E-04
21235.04694	5.33E-05