-26797.992905	2.7456181708744440e-03
-26761.030156	2.9000600352554573e-03
-26724.067407	3.5722942291737275e-03
-26687.104658	3.9266863495282817e-03
-26650.141910	5.4849008443329846e-03
-26613.179161	1.6031201845601049e-02
-26576.216412	1.7397349427863393e-02
-26539.253663	1.7645495578871080e-02
-26502.290914	2.5334622089083710e-02
-26465.328165	2.7383395545233107e-02
-26428.365417	2.7483729007010682e-02
-26391.402668	3.6424336285872876e-02
-26354.439919	3.8069805059025130e-02
-26317.477170	4.3843099949844540e-02
-26280.514421	4.6363440676318049e-02
-26243.551672	5.3300424556861258e-02
-26206.588924	5.3484428959085527e-02
-26169.626175	5.4581647030381736e-02
-26132.663426	5.8907452568163536e-02
-26095.700677	5.9720332775457900e-02
-26058.737928	6.0247620950478309e-02
-26021.775179	6.1261884748912004e-02
-25984.812431	6.3656987815059574e-02
-25947.849682	6.5608294479737400e-02
-25910.886933	6.6951329532388679e-02
-25873.924184	7.0225425390466209e-02
-25836.961435	7.6832204681623634e-02
-25799.998686	7.9395903796936715e-02
-25763.035938	7.9459328878131841e-02
-25726.073189	8.0077992170128190e-02
-25689.110440	8.3153391940506957e-02
-25652.147691	8.4730598126271262e-02
-25615.184942	8.4955631747686680e-02
-25578.222193	8.6792988266488569e-02
-25541.259445	8.8520694644919212e-02
-25504.296696	9.2306849491854484e-02
-25467.333947	9.7640110486020754e-02
-25430.371198	9.9252433383407224e-02
-25393.408449	1.0060836845257275e-01
-25356.445700	1.0325788851108490e-01
-25319.482952	1.0415372299124183e-01
-25282.520203	1.0420998139659569e-01
-25245.557454	1.0456724018728228e-01
-25208.594705	1.0636965916135803e-01
-25171.631956	1.0674788047888030e-01
-25134.669207	1.0714473515358980e-01
-25097.706459	1.0784294854742413e-01
-25060.743710	1.1453304044562447e-01
-25023.780961	1.1469912815825677e-01
-24986.818212	1.1504294943176419e-01
-24949.855463	1.1578272954552768e-01
-24912.892714	1.1802733241916027e-01
-24875.929966	1.2045701469640578e-01
-24838.967217	1.2104880295403737e-01
-24802.004468	1.2277310516155973e-01
-24765.041719	1.2381836483307734e-01
-24728.078970	1.2657807253283493e-01
-24691.116221	1.2667804766082719e-01
-24654.153473	1.2791412007663108e-01
-24617.190724	1.3024006472106742e-01
-24580.227975	1.3433080329153194e-01
-24543.265226	1.3629393497148026e-01
-24506.302477	1.3680724812864481e-01
-24469.339728	1.3764628670281637e-01
-24432.376980	1.3782348276300335e-01
-24395.414231	1.4347458583111047e-01
-24358.451482	1.4431308690459391e-01
-24321.488733	1.4539471745600835e-01
-24284.525984	1.4566525946903400e-01
-24247.563235	1.4723852398319170e-01
-24210.600486	1.4761907447038805e-01
-24173.637738	1.5180459232885957e-01
-24136.674989	1.5295179796422589e-01
-24099.712240	1.5445554572271875e-01
-24062.749491	1.5462127510155896e-01
-24025.786742	1.5467126266555509e-01
-23988.823993	1.5533364268022781e-01
-23951.861245	1.5544974282886398e-01
-23914.898496	1.5565058891932870e-01
-23877.935747	1.5718298209366946e-01
-23840.972998	1.5775336270631921e-01
-23804.010249	1.6162582275576645e-01
-23767.047500	1.6211921370423252e-01
-23730.084752	1.6257362463074385e-01
-23693.122003	1.6263659667144878e-01
-23656.159254	1.6384980536453683e-01
-23619.196505	1.6392208786895257e-01
-23582.233756	1.6409102887726515e-01
-23545.271007	1.6462627910524832e-01
-23508.308259	1.6701478953962587e-01
-23471.345510	1.6887944785991832e-01
-23434.382761	1.6945807962044765e-01
-23397.420012	1.6994547414325589e-01
-23360.457263	1.7179791524865465e-01
-23323.494514	1.7418605323031677e-01
-23286.531766	1.7861037109822475e-01
-23249.569017	1.8127347246820052e-01
-23212.606268	1.8244477237340434e-01
-23175.643519	1.8386606160131272e-01
-23138.680770	1.8408139583992997e-01
-23101.718021	1.8446386880010615e-01
-23064.755273	1.8454795881066907e-01
-23027.792524	1.8508722212581508e-01
-22990.829775	1.8599866197655696e-01
-22953.867026	1.8689781181271953e-01
-22916.904277	1.8709323614971071e-01
-22879.941528	1.8764404188508632e-01
-22842.978780	1.8817356410866876e-01
-22806.016031	1.8828116637469358e-01
-22769.053282	1.9073513751228163e-01
-22732.090533	1.9128190820537480e-01
-22695.127784	1.9154822162834440e-01
-22658.165035	1.9385176692132328e-01
-22621.202287	1.9672156920824813e-01
-22584.239538	1.9869160961315852e-01
-22547.276789	1.9873738026589313e-01
-22510.314040	2.0067743546547337e-01
-22473.351291	2.0108081838220418e-01
-22436.388542	2.0140077362853437e-01
-22399.425794	2.0195115071870770e-01
-22362.463045	2.0240171546099212e-01
-22325.500296	2.0275351508301950e-01
-22288.537547	2.0307806787102078e-01
-22251.574798	2.0313033468681191e-01
-22214.612049	2.0354326892862742e-01
-22177.649301	2.0486824816261415e-01
-22140.686552	2.0516757216821632e-01
-22103.723803	2.0647748614172814e-01
-22066.761054	2.0729243980733805e-01
-22029.798305	2.0762541809273100e-01
-21992.835556	2.0865532321977831e-01
-21955.872808	2.0945911208845341e-01
-21918.910059	2.1144028965231507e-01
-21881.947310	2.1196980282427375e-01
-21844.984561	2.1325530140869794e-01
-21808.021812	2.1379256887093109e-01
-21771.059063	2.1456727807658563e-01
-21734.096315	2.1673094915678195e-01
-21697.133566	2.1700219626795278e-01
-21660.170817	2.1726701080697552e-01
-21623.208068	2.1800221643822396e-01
-21586.245319	2.1825190120582244e-01
-21549.282570	2.1845806822595595e-01
-21512.319822	2.1910077093650554e-01
-21475.357073	2.1954385408524305e-01
-21438.394324	2.2001813079592125e-01
-21401.431575	2.2027041609357675e-01
-21364.468826	2.2032052774102112e-01
-21327.506077	2.2143483500276284e-01
-21290.543329	2.2261601562264530e-01
-21253.580580	2.2345337282223141e-01
-21216.617831	2.2350408039578837e-01
-21179.655082	2.2440708555857716e-01
-21142.692333	2.2456292955116355e-01
-21105.729584	2.2554610383752449e-01
-21068.766836	2.2627595064134029e-01
-21031.804087	2.2706028902784231e-01
-20994.841338	2.2781727282887348e-01
-20957.878589	2.2795363046083555e-01
-20920.915840	2.2912292843922619e-01
-20883.953091	2.2923605051901966e-01
-20846.990343	2.2973058074271674e-01
-20810.027594	2.3091299275852620e-01
-20773.064845	2.3160404648379004e-01
-20736.102096	2.3173507668424337e-01
-20699.139347	2.3273536517800583e-01
-20662.176598	2.3363293010842845e-01
-20625.213850	2.3393885734552236e-01
-20588.251101	2.3723582168251162e-01
-20551.288352	2.3739977455876568e-01
-20514.325603	2.3799887927568170e-01
-20477.362854	2.3828679724491489e-01
-20440.400105	2.3974202740200479e-01
-20403.437357	2.4012655408481173e-01
-20366.474608	2.4025908193073969e-01
-20329.511859	2.4033724138839430e-01
-20292.549110	2.4056846991830530e-01
-20255.586361	2.4065189098509829e-01
-20218.623612	2.4134517180708717e-01
-20181.660864	2.4153424802361781e-01
-20144.698115	2.4186134928130804e-01
-20107.735366	2.4214053122287929e-01
-20070.772617	2.4222748355800652e-01
-20033.809868	2.4234136017882493e-01
-19996.847119	2.4270413404490365e-01
-19959.884371	2.4305919343631721e-01
-19922.921622	2.4307282802490926e-01
-19885.958873	2.4365555323630306e-01
-19848.996124	2.4371277662597923e-01
-19812.033375	2.4376156923035677e-01
-19775.070626	2.4407895593597873e-01
-19738.107878	2.4503928835323927e-01
-19701.145129	2.4512544347222751e-01
-19664.182380	2.4522432105951114e-01
-19627.219631	2.4566589697173910e-01
-19590.256882	2.4616889340380654e-01
-19553.294133	2.4702518069416410e-01
-19516.331385	2.4758845022079046e-01
-19479.368636	2.4764576339936856e-01
-19442.405887	2.4797564648839909e-01
-19405.443138	2.4895512348574386e-01
-19368.480389	2.4899053326956930e-01
-19331.517640	2.4958127927271517e-01
-19294.554892	2.5013740851502553e-01
-19257.592143	2.5026203182241546e-01
-19220.629394	2.5057692727163128e-01
-19183.666645	2.5161502335303060e-01
-19146.703896	2.5175160641251798e-01
-19109.741147	2.5180805785550553e-01
-19072.778399	2.5210413362267425e-01
-19035.815650	2.5231340622524084e-01
-18998.852901	2.5252283578590995e-01
-18961.890152	2.5302462695598055e-01
-18924.927403	2.5337875664887588e-01
-18887.964654	2.5438517312131997e-01
-18851.001906	2.5550051046247146e-01
-18814.039157	2.5569477214303665e-01
-18777.076408	2.5573239631651301e-01
-18740.113659	2.5614525872574595e-01
-18703.150910	2.5678494452574330e-01
-18666.188161	2.5710415531262565e-01
-18629.225413	2.5713063843553730e-01
-18592.262664	2.5736438936889444e-01
-18555.299915	2.5784424674787698e-01
-18518.337166	2.5805695462401340e-01
-18481.374417	2.5812993539882334e-01
-18444.411668	2.5840026360218871e-01
-18407.448920	2.5872940133014749e-01
-18370.486171	2.5898585977874627e-01
-18333.523422	2.5947676644096529e-01
-18296.560673	2.5966971300753872e-01
-18259.597924	2.5982564534080388e-01
-18222.635175	2.6022277002063493e-01
-18185.672426	2.6028185021434913e-01
-18148.709678	2.6086935930194877e-01
-18111.746929	2.6131914974454817e-01
-18074.784180	2.6137192101024181e-01
-18037.821431	2.6165614057924724e-01
-18000.858682	2.6177868175609142e-01
-17963.895933	2.6211714501151512e-01
-17926.933185	2.6232154855116047e-01
-17889.970436	2.6234032748792235e-01
-17853.007687	2.6245667806660294e-01
-17816.044938	2.6256801999245488e-01
-17779.082189	2.6263206981975490e-01
-17742.119440	2.6291141978731941e-01
-17705.156692	2.6315356782744664e-01
-17668.193943	2.6463602355851695e-01
-17631.231194	2.6466342215391303e-01
-17594.268445	2.6469592372336093e-01
-17557.305696	2.6495765078814415e-01
-17520.342947	2.6529841193935511e-01
-17483.380199	2.6538368299836451e-01
-17446.417450	2.6590609094850776e-01
-17409.454701	2.6603333541504942e-01
-17372.491952	2.6621178213739100e-01
-17335.529203	2.6714043734411896e-01
-17298.566454	2.6721099735676657e-01
-17261.603706	2.6737941630163514e-01
-17224.640957	2.6747443696530265e-01
-17187.678208	2.6762433876684749e-01
-17150.715459	2.6783375562841383e-01
-17113.752710	2.6844548721146244e-01
-17076.789961	2.6850987531363424e-01
-17039.827213	2.6947568336325073e-01
-17002.864464	2.6956101148759554e-01
-16965.901715	2.6963919942402481e-01
-16928.938966	2.6986560826390216e-01
-16891.976217	2.7028815611636398e-01
-16855.013468	2.7031838318607587e-01
-16818.050720	2.7086621368034725e-01
-16781.087971	2.7091230960026486e-01
-16744.125222	2.7147923030828847e-01
-16707.162473	2.7212543631724440e-01
-16670.199724	2.7232617550049493e-01
-16633.236975	2.7241548215774364e-01
-16596.274227	2.7253844317391696e-01
-16559.311478	2.7268552482561870e-01
-16522.348729	2.7283764232278657e-01
-16485.385980	2.7291919664645697e-01
-16448.423231	2.7302060249571064e-01
-16411.460482	2.7340434452913298e-01
-16374.497734	2.7354577930635277e-01
-16337.534985	2.7365498947237321e-01
-16300.572236	2.7367383393249284e-01
-16263.609487	2.7368308583172957e-01
-16226.646738	2.7370351648893793e-01
-16189.683989	2.7394802394391998e-01
-16152.721241	2.7415116938743972e-01
-16115.758492	2.7420463410228318e-01
-16078.795743	2.7424233132808334e-01
-16041.832994	2.7449696278750629e-01
-16004.870245	2.7457386758310226e-01
-15967.907496	2.7468516372422586e-01
-15930.944748	2.7483020134946179e-01
-15893.981999	2.7493205182520691e-01
-15857.019250	2.7499403337127937e-01
-15820.056501	2.7503247408086640e-01
-15783.093752	2.7520074209823991e-01
-15746.131003	2.7551243798688302e-01
-15709.168255	2.7562432002304466e-01
-15672.205506	2.7586546737854378e-01
-15635.242757	2.7594759381446732e-01
-15598.280008	2.7598064239333103e-01
-15561.317259	2.7613763373944927e-01
-15524.354510	2.7643888285484491e-01
-15487.391762	2.7646466089703509e-01
-15450.429013	2.7694908284094666e-01
-15413.466264	2.7710637346934863e-01
-15376.503515	2.7715978920209627e-01
-15339.540766	2.7721994666091754e-01
-15302.578017	2.7778036013574581e-01
-15265.615269	2.7805355432853923e-01
-15228.652520	2.7806729592914914e-01
-15191.689771	2.7813585152655379e-01
-15154.727022	2.7817247090488345e-01
-15117.764273	2.7863629231927395e-01
-15080.801524	2.7879268946780361e-01
-15043.838776	2.7887128765540631e-01
-15006.876027	2.7935901140813862e-01
-14969.913278	2.7952524267336104e-01
-14932.950529	2.7963837553037674e-01
-14895.987780	2.7990097698448796e-01
-14859.025031	2.8009734829271887e-01
-14822.062283	2.8046527806463623e-01
-14785.099534	2.8048955267955178e-01
-14748.136785	2.8050483543275911e-01
-14711.174036	2.8088330645844889e-01
-14674.211287	2.8095494383476982e-01
-14637.248538	2.8108900115038293e-01
-14600.285790	2.8124593578076601e-01
-14563.323041	2.8163359180692688e-01
-14526.360292	2.8184842468287991e-01
-14489.397543	2.8213554237616773e-01
-14452.434794	2.8218336995973692e-01
-14415.472045	2.8226193778414288e-01
-14378.509297	2.8238733929343118e-01
-14341.546548	2.8255427876154127e-01
-14304.583799	2.8280936224019654e-01
-14267.621050	2.8309871466462577e-01
-14230.658301	2.8311999206323268e-01
-14193.695552	2.8328935757438556e-01
-14156.732804	2.8342957742439456e-01
-14119.770055	2.8352587839597659e-01
-14082.807306	2.8359820370303179e-01
-14045.844557	2.8362034168036510e-01
-14008.881808	2.8387513912398049e-01
-13971.919059	2.8397697915553111e-01
-13934.956311	2.8405771461865931e-01
-13897.993562	2.8414696372702491e-01
-13861.030813	2.8455698277494013e-01
-13824.068064	2.8461218796788118e-01
-13787.105315	2.8493563834840308e-01
-13750.142566	2.8523305506438401e-01
-13713.179818	2.8547239258184715e-01
-13676.217069	2.8565675273805663e-01
-13639.254320	2.8582913142170424e-01
-13602.291571	2.8587232549240527e-01
-13565.328822	2.8596542435055211e-01
-13528.366073	2.8602949827497159e-01
-13491.403325	2.8619130950890692e-01
-13454.440576	2.8645412777604312e-01
-13417.477827	2.8649173149972451e-01
-13380.515078	2.8663322912377642e-01
-13343.552329	2.8683790191150255e-01
-13306.589580	2.8694312540682343e-01
-13269.626832	2.8716245145203129e-01
-13232.664083	2.8722546396743920e-01
-13195.701334	2.8735746181811339e-01
-13158.738585	2.8789023696862370e-01
-13121.775836	2.8821125589532559e-01
-13084.813087	2.8833250026264057e-01
-13047.850339	2.8841752066466114e-01
-13010.887590	2.8846146735300038e-01
-12973.924841	2.8848745473893717e-01
-12936.962092	2.8853119285006579e-01
-12899.999343	2.8875062613749347e-01
-12863.036594	2.8882784523788424e-01
-12826.073846	2.8884355351912666e-01
-12789.111097	2.8885675345417466e-01
-12752.148348	2.8900151843392674e-01
-12715.185599	2.8903013681995110e-01
-12678.222850	2.8913342600204045e-01
-12641.260101	2.8914049576164375e-01
-12604.297353	2.8916968999987869e-01
-12567.334604	2.8918557998523370e-01
-12530.371855	2.8931950245509624e-01
-12493.409106	2.8939083335156357e-01
-12456.446357	2.8960953149045143e-01
-12419.483608	2.8964992301298892e-01
-12382.520860	2.8967536505174990e-01
-12345.558111	2.8972671655522086e-01
-12308.595362	2.8978364747189889e-01
-12271.632613	2.8992428106434531e-01
-12234.669864	2.9000732106958677e-01
-12197.707115	2.9005110169480630e-01
-12160.744366	2.9007909223648332e-01
-12123.781618	2.9012656190511810e-01
-12086.818869	2.9029544327791090e-01
-12049.856120	2.9042616386634129e-01
-12012.893371	2.9049281759793916e-01
-11975.930622	2.9052977782666983e-01
-11938.967873	2.9059720377398929e-01
-11902.005125	2.9076128543091190e-01
-11865.042376	2.9081551081656576e-01
-11828.079627	2.9092078205072380e-01
-11791.116878	2.9096879983667112e-01
-11754.154129	2.9098218273589882e-01
-11717.191380	2.9105464344978144e-01
-11680.228632	2.9108167506402194e-01
-11643.265883	2.9113700969459338e-01
-11606.303134	2.9119103760739623e-01
-11569.340385	2.9136285400270112e-01
-11532.377636	2.9144767663867133e-01
-11495.414887	2.9152104328749889e-01
-11458.452139	2.9154210859096974e-01
-11421.489390	2.9160410991690899e-01
-11384.526641	2.9161341439111527e-01
-11347.563892	2.9167608914927512e-01
-11310.601143	2.9172435907093114e-01
-11273.638394	2.9181126937456053e-01
-11236.675646	2.9182034587938183e-01
-11199.712897	2.9188649090409263e-01
-11162.750148	2.9198754730423387e-01
-11125.787399	2.9199896078142262e-01
-11088.824650	2.9201686829021672e-01
-11051.861901	2.9209636042051934e-01
-11014.899153	2.9213599430937903e-01
-10977.936404	2.9223790596101790e-01
-10940.973655	2.9226004011086643e-01
-10904.010906	2.9232376127540138e-01
-10867.048157	2.9237520069247314e-01
-10830.085408	2.9242933158932016e-01
-10793.122660	2.9248146577791739e-01
-10756.159911	2.9258774671116494e-01
-10719.197162	2.9278215737023477e-01
-10682.234413	2.9292466488727376e-01
-10645.271664	2.9310918252639717e-01
-10608.308915	2.9317387832846975e-01
-10571.346167	2.9324350572408459e-01
-10534.383418	2.9324865124536720e-01
-10497.420669	2.9323847062654218e-01
-10460.457920	2.9331748825682552e-01
-10423.495171	2.9338740725451329e-01
-10386.532422	2.9355142136679435e-01
-10349.569674	2.9363932897162082e-01
-10312.606925	2.9373906050199311e-01
-10275.644176	2.9375466935863925e-01
-10238.681427	2.9379529151659489e-01
-10201.718678	2.9387491348582134e-01
-10164.755929	2.9388647879894325e-01
-10127.793181	2.9390634339592392e-01
-10090.830432	2.9397443566415421e-01
-10053.867683	2.9403490416849226e-01
-10016.904934	2.9406683433171621e-01
-9979.942185	2.9417479466519897e-01
-9942.979436	2.9418729595951532e-01
-9906.016688	2.9424034025949530e-01
-9869.053939	2.9426135553373040e-01
-9832.091190	2.9440066831044270e-01
-9795.128441	2.9453407889670136e-01
-9758.165692	2.9465486989845141e-01
-9721.202943	2.9466978081762024e-01
-9684.240195	2.9472531106927913e-01
-9647.277446	2.9475848653341846e-01
-9610.314697	2.9481742696315844e-01
-9573.351948	2.9488197726276266e-01
-9536.389199	2.9488772602032620e-01
-9499.426450	2.9492985963095991e-01
-9462.463702	2.9496551399221677e-01
-9425.500953	2.9504649726478671e-01
-9388.538204	2.9506693014992991e-01
-9351.575455	2.9509858769262315e-01
-9314.612706	2.9532258256236615e-01
-9277.649957	2.9535903850273415e-01
-9240.687209	2.9537578430360056e-01
-9203.724460	2.9545301348001468e-01
-9166.761711	2.9547001546549101e-01
-9129.798962	2.9551906395972488e-01
-9092.836213	2.9559632411149550e-01
-9055.873464	2.9568943598585745e-01
-9018.910716	2.9575714297075445e-01
-8981.947967	2.9577449050040011e-01
-8944.985218	2.9581203870045369e-01
-8908.022469	2.9582674389528807e-01
-8871.059720	2.9590958082114788e-01
-8834.096971	2.9594615595975760e-01
-8797.134223	2.9601926685646174e-01
-8760.171474	2.9604480193877730e-01
-8723.208725	2.9610568356638556e-01
-8686.245976	2.9613227827512784e-01
-8649.283227	2.9613807197430231e-01
-8612.320478	2.9615725853960795e-01
-8575.357730	2.9616686888272670e-01
-8538.394981	2.9624243039410530e-01
-8501.432232	2.9627525843678171e-01
-8464.469483	2.9637484305513190e-01
-8427.506734	2.9650454333706194e-01
-8390.543985	2.9653042234901217e-01
-8353.581237	2.9652952082526091e-01
-8316.618488	2.9663032361031544e-01
-8279.655739	2.9666741418859416e-01
-8242.692990	2.9667666660489278e-01
-8205.730241	2.9668336837076437e-01
-8168.767492	2.9674322213092935e-01
-8131.804744	2.9676368381232382e-01
-8094.841995	2.9677407578464921e-01
-8057.879246	2.9680555776318807e-01
-8020.916497	2.9687007936363619e-01
-7983.953748	2.9692523068493587e-01
-7946.990999	2.9694023271634540e-01
-7910.028251	2.9698615231881204e-01
-7873.065502	2.9703000170937782e-01
-7836.102753	2.9707569657459781e-01
-7799.140004	2.9708915765783966e-01
-7762.177255	2.9710015139794343e-01
-7725.214506	2.9712389948644086e-01
-7688.251758	2.9712770072289058e-01
-7651.289009	2.9715122556158713e-01
-7614.326260	2.9718363928009683e-01
-7577.363511	2.9721137244590073e-01
-7540.400762	2.9726794292864733e-01
-7503.438013	2.9728467211135440e-01
-7466.475265	2.9729734825932674e-01
-7429.512516	2.9731143363589080e-01
-7392.549767	2.9734020830764113e-01
-7355.587018	2.9738815818299980e-01
-7318.624269	2.9760761659313617e-01
-7281.661520	2.9762714167281901e-01
-7244.698772	2.9763887091245572e-01
-7207.736023	2.9764975684795320e-01
-7170.773274	2.9767550470920850e-01
-7133.810525	2.9772216593880996e-01
-7096.847776	2.9772879290100818e-01
-7059.885027	2.9782668376389676e-01
-7022.922279	2.9783931777679667e-01
-6985.959530	2.9787252514190121e-01
-6948.996781	2.9788112106101799e-01
-6912.034032	2.9788430101648050e-01
-6875.071283	2.9787635091058484e-01
-6838.108534	2.9786751016556651e-01
-6801.145786	2.9786477916210191e-01
-6764.183037	2.9790130084387995e-01
-6727.220288	2.9790285583889276e-01
-6690.257539	2.9791521720095177e-01
-6653.294790	2.9792499936082101e-01
-6616.332041	2.9792721699997798e-01
-6579.369293	2.9792336099340383e-01
-6542.406544	2.9799033067646069e-01
-6505.443795	2.9801481522615558e-01
-6468.481046	2.9814652048079532e-01
-6431.518297	2.9821930346102071e-01
-6394.555548	2.9825170436220388e-01
-6357.592800	2.9828065808769888e-01
-6320.630051	2.9828994314566315e-01
-6283.667302	2.9831627996703858e-01
-6246.704553	2.9832247585052513e-01
-6209.741804	2.9834494652241211e-01
-6172.779055	2.9847605183662773e-01
-6135.816307	2.9851149827870088e-01
-6098.853558	2.9853177666675651e-01
-6061.890809	2.9864770656116330e-01
-6024.928060	2.9879717743828654e-01
-5987.965311	2.9880455798905625e-01
-5951.002562	2.9880143747639226e-01
-5914.039813	2.9880603073486350e-01
-5877.077065	2.9881179422493193e-01
-5840.114316	2.9883680017213882e-01
-5803.151567	2.9884288531533171e-01
-5766.188818	2.9893797201185313e-01
-5729.226069	2.9897058735189536e-01
-5692.263320	2.9903983205923051e-01
-5655.300572	2.9905176221471752e-01
-5618.337823	2.9903808852881258e-01
-5581.375074	2.9905047011113378e-01
-5544.412325	2.9907174810259685e-01
-5507.449576	2.9906165835317688e-01
-5470.486827	2.9908498692204294e-01
-5433.524079	2.9910051241888674e-01
-5396.561330	2.9909129623999436e-01
-5359.598581	2.9911253168628382e-01
-5322.635832	2.9912653981409992e-01
-5285.673083	2.9918619399366392e-01
-5248.710334	2.9918630046792150e-01
-5211.747586	2.9918312537990616e-01
-5174.784837	2.9918814986464409e-01
-5137.822088	2.9921660637681557e-01
-5100.859339	2.9923883889247260e-01
-5063.896590	2.9927256545077369e-01
-5026.933841	2.9926654881339487e-01
-4989.971093	2.9936986912491403e-01
-4953.008344	2.9939687002039733e-01
-4916.045595	2.9941882966652689e-01
-4879.082846	2.9943996451222016e-01
-4842.120097	2.9943268189497335e-01
-4805.157348	2.9949996996497480e-01
-4768.194600	2.9954317934931068e-01
-4731.231851	2.9954597878322570e-01
-4694.269102	2.9953863635405309e-01
-4657.306353	2.9952747188008183e-01
-4620.343604	2.9950014310020867e-01
-4583.380855	2.9951276155178769e-01
-4546.418107	2.9952343107056439e-01
-4509.455358	2.9954545294447704e-01
-4472.492609	2.9955870270351259e-01
-4435.529860	2.9960382452728918e-01
-4398.567111	2.9961159196666642e-01
-4361.604362	2.9964844447659800e-01
-4324.641614	2.9969106322755718e-01
-4287.678865	2.9970917001397790e-01
-4250.716116	2.9974105012469893e-01
-4213.753367	2.9982452576326490e-01
-4176.790618	2.9984280389323842e-01
-4139.827869	2.9985944531497449e-01
-4102.865121	2.9986677743204232e-01
-4065.902372	2.9989243683304140e-01
-4028.939623	2.9992259885293493e-01
-3991.976874	2.9994422278017707e-01
-3955.014125	2.9995861824226289e-01
-3918.051376	2.9998808176976921e-01
-3881.088628	3.0002679413754807e-01
-3844.125879	3.0003254130764445e-01
-3807.163130	3.0004309615074720e-01
-3770.200381	3.0006587029694531e-01
-3733.237632	3.0011791260154547e-01
-3696.274883	3.0013383184939740e-01
-3659.312135	3.0013682958935423e-01
-3622.349386	3.0013319108406505e-01
-3585.386637	3.0015144242978603e-01
-3548.423888	3.0018127118303023e-01
-3511.461139	3.0021362125754925e-01
-3474.498390	3.0021036381817978e-01
-3437.535642	3.0026001531872304e-01
-3400.572893	3.0027435948651382e-01
-3363.610144	3.0028415817152609e-01
-3326.647395	3.0028870911531824e-01
-3289.684646	3.0029883171274074e-01
-3252.721897	3.0036674897269489e-01
-3215.759149	3.0036364683248912e-01
-3178.796400	3.0037217880130701e-01
-3141.833651	3.0037096971587629e-01
-3104.870902	3.0039863018446622e-01
-3067.908153	3.0040883514621047e-01
-3030.945404	3.0040937854223887e-01
-2993.982656	3.0040033470497740e-01
-2957.019907	3.0039544571742716e-01
-2920.057158	3.0036374895068552e-01
-2883.094409	3.0035985092128431e-01
-2846.131660	3.0037140261447004e-01
-2809.168911	3.0039114836980979e-01
-2772.206163	3.0038082739267047e-01
-2735.243414	3.0035752144690347e-01
-2698.280665	3.0037090769391545e-01
-2661.317916	3.0038351965916693e-01
-2624.355167	3.0038867166477390e-01
-2587.392418	3.0037076589314182e-01
-2550.429670	3.0037600844461360e-01
-2513.466921	3.0036849363958690e-01
-2476.504172	3.0037355316039660e-01
-2439.541423	3.0038124140231387e-01
-2402.578674	3.0039107345728183e-01
-2365.615925	3.0039203399777714e-01
-2328.653177	3.0043675617310772e-01
-2291.690428	3.0046940036500058e-01
-2254.727679	3.0048721690242186e-01
-2217.764930	3.0049197851684512e-01
-2180.802181	3.0048635636975862e-01
-2143.839432	3.0051697109833536e-01
-2106.876684	3.0050923818064007e-01
-2069.913935	3.0051290952313992e-01
-2032.951186	3.0049309714579880e-01
-1995.988437	3.0048364514442005e-01
-1959.025688	3.0052174782897401e-01
-1922.062939	3.0052981122886746e-01
-1885.100191	3.0053790823204812e-01
-1848.137442	3.0054764512876025e-01
-1811.174693	3.0054029455384002e-01
-1774.211944	3.0054515764214923e-01
-1737.249195	3.0053021337359354e-01
-1700.286446	3.0051158965869224e-01
-1663.323698	3.0053531203759976e-01
-1626.360949	3.0052558473034435e-01
-1589.398200	3.0050797867768891e-01
-1552.435451	3.0048520731261591e-01
-1515.472702	3.0047038514503088e-01
-1478.509953	3.0047697371908949e-01
-1441.547205	3.0050892927799994e-01
-1404.584456	3.0049582931625807e-01
-1367.621707	3.0049929461239683e-01
-1330.658958	3.0053739306816990e-01
-1293.696209	3.0052798674218084e-01
-1256.733460	3.0052335117870155e-01
-1219.770712	3.0052665678430895e-01
-1182.807963	3.0054517792586527e-01
-1145.845214	3.0054496152266674e-01
-1108.882465	3.0053915952854332e-01
-1071.919716	3.0053915622615435e-01
-1034.956967	3.0052263198735568e-01
-997.994219	3.0051373722038233e-01
-961.031470	3.0049249293066094e-01
-924.068721	3.0046494225623432e-01
-887.105972	3.0046022320916832e-01
-850.143223	3.0041371257480737e-01
-813.180474	3.0042103713964047e-01
-776.217726	3.0037434368181948e-01
-739.254977	3.0034398260744588e-01
-702.292228	3.0038740617243714e-01
-665.329479	3.0041646079471940e-01
-628.366730	3.0041464794122236e-01
-591.403981	3.0041618188493613e-01
-554.441233	3.0042404997758049e-01
-517.478484	3.0044211283784633e-01
-480.515735	3.0045267855746427e-01
-443.552986	3.0046276068815164e-01
-406.590237	3.0046353292911049e-01
-369.627488	3.0047586427345818e-01
-332.664740	3.0047532333256483e-01
-295.701991	3.0050781886410560e-01
-258.739242	3.0052076397987715e-01
-221.776493	3.0047798486433891e-01
-184.813744	3.0043885050568009e-01
-147.850995	3.0045162477681087e-01
-110.888247	3.0047184648342157e-01
-73.925498	3.0047532702672297e-01
-36.962749	3.0047534499393191e-01
0.000000	3.0046832216052666e-01
36.962749	3.0045291511756578e-01
73.925498	3.0049706795096870e-01
110.888247	3.0049923289710723e-01
147.850995	3.0049677578413553e-01
184.813744	3.0050186291061726e-01
221.776493	3.0045742546832305e-01
258.739242	3.0049283794864118e-01
295.701991	3.0050195309024819e-01
332.664740	3.0051754000538566e-01
369.627488	3.0052296161816072e-01
406.590237	3.0051602495535834e-01
443.552986	3.0052548213620395e-01
480.515735	3.0050995705097544e-01
517.478484	3.0053468153521351e-01
554.441233	3.0059226543316031e-01
591.403981	3.0057085536327260e-01
628.366730	3.0057585968298656e-01
665.329479	3.0059621999187280e-01
702.292228	3.0056969282209239e-01
739.254977	3.0056029437771065e-01
776.217726	3.0055455442048146e-01
813.180474	3.0054420597862275e-01
850.143223	3.0054127112075779e-01
887.105972	3.0050755486154979e-01
924.068721	3.0049232211115279e-01
961.031470	3.0048132787930054e-01
997.994219	3.0047298862178262e-01
1034.956967	3.0045804096627288e-01
1071.919716	3.0044987884279634e-01
1108.882465	3.0042923805745797e-01
1145.845214	3.0042376481025690e-01
1182.807963	3.0041787227208883e-01
1219.770712	3.0043424023342657e-01
1256.733460	3.0046656551723128e-01
1293.696209	3.0047628315798558e-01
1330.658958	3.0042561894589553e-01
1367.621707	3.0042334277805094e-01
1404.584456	3.0042642828157823e-01
1441.547205	3.0041474035019983e-01
1478.509953	3.0032996174948784e-01
1515.472702	3.0026534775468233e-01
1552.435451	3.0025760411277419e-01
1589.398200	3.0021458812398094e-01
1626.360949	3.0019028095836292e-01
1663.323698	3.0016660098100484e-01
1700.286446	3.0015489683508095e-01
1737.249195	3.0015041508803408e-01
1774.211944	3.0015139233200094e-01
1811.174693	3.0013134203457936e-01
1848.137442	3.0009342599276417e-01
1885.100191	3.0008021990997946e-01
1922.062939	3.0005068779899940e-01
1959.025688	3.0005938590730064e-01
1995.988437	3.0004905922950986e-01
2032.951186	3.0001759997517918e-01
2069.913935	3.0002032732271006e-01
2106.876684	3.0001161310993507e-01
2143.839432	3.0001084946138207e-01
2180.802181	2.9999984218108966e-01
2217.764930	2.9999839839577003e-01
2254.727679	2.9997337566018983e-01
2291.690428	2.9990365227848542e-01
2328.653177	2.9991492812824516e-01
2365.615925	2.9987071384446989e-01
2402.578674	2.9986803396725986e-01
2439.541423	2.9984300511549611e-01
2476.504172	2.9979759028534320e-01
2513.466921	2.9966617599246631e-01
2550.429670	2.9965933770853653e-01
2587.392418	2.9962007032164395e-01
2624.355167	2.9961430128506905e-01
2661.317916	2.9959532023679702e-01
2698.280665	2.9958034085001695e-01
2735.243414	2.9956130422114957e-01
2772.206163	2.9956477132069020e-01
2809.168911	2.9953257393471411e-01
2846.131660	2.9948728082555359e-01
2883.094409	2.9945141338889836e-01
2920.057158	2.9945540104177992e-01
2957.019907	2.9945812280757911e-01
2993.982656	2.9944126007477923e-01
3030.945404	2.9936918920432276e-01
3067.908153	2.9934708004404675e-01
3104.870902	2.9926778448010544e-01
3141.833651	2.9929394273058080e-01
3178.796400	2.9927685251119429e-01
3215.759149	2.9924864428731657e-01
3252.721897	2.9924747017920139e-01
3289.684646	2.9925324055597663e-01
3326.647395	2.9921520795375212e-01
3363.610144	2.9919659696854461e-01
3400.572893	2.9913235346808148e-01
3437.535642	2.9910241549784145e-01
3474.498390	2.9909498149744423e-01
3511.461139	2.9909690966074010e-01
3548.423888	2.9908603513237414e-01
3585.386637	2.9907478339002141e-01
3622.349386	2.9907481054230750e-01
3659.312135	2.9905845255753016e-01
3696.274883	2.9903896319855766e-01
3733.237632	2.9901682090396209e-01
3770.200381	2.9899616154480385e-01
3807.163130	2.9898614141239471e-01
3844.125879	2.9895795179934009e-01
3881.088628	2.9892929850531091e-01
3918.051376	2.9889917673665711e-01
3955.014125	2.9887582998119250e-01
3991.976874	2.9885791785851307e-01
4028.939623	2.9883945622052749e-01
4065.902372	2.9883895277916078e-01
4102.865121	2.9879838153008087e-01
4139.827869	2.9876263274986065e-01
4176.790618	2.9874939055001681e-01
4213.753367	2.9872748234092533e-01
4250.716116	2.9866113467291594e-01
4287.678865	2.9864622659223816e-01
4324.641614	2.9860832486166394e-01
4361.604362	2.9861054798523562e-01
4398.567111	2.9860854088046607e-01
4435.529860	2.9856370708881674e-01
4472.492609	2.9854544135169359e-01
4509.455358	2.9846537794155398e-01
4546.418107	2.9845604317596808e-01
4583.380855	2.9843947379560964e-01
4620.343604	2.9842663215715098e-01
4657.306353	2.9844653352590678e-01
4694.269102	2.9845131554073456e-01
4731.231851	2.9844073676917454e-01
4768.194600	2.9833670565730502e-01
4805.157348	2.9831641562127026e-01
4842.120097	2.9827541840309790e-01
4879.082846	2.9821944225525893e-01
4916.045595	2.9812511914188738e-01
4953.008344	2.9797320659817028e-01
4989.971093	2.9791561557021995e-01
5026.933841	2.9791786861579850e-01
5063.896590	2.9787921794188038e-01
5100.859339	2.9786652813887815e-01
5137.822088	2.9779723666129354e-01
5174.784837	2.9774350597491583e-01
5211.747586	2.9773181387827136e-01
5248.710334	2.9762844519617382e-01
5285.673083	2.9760992079226628e-01
5322.635832	2.9760071595267307e-01
5359.598581	2.9758151239349828e-01
5396.561330	2.9755742092108101e-01
5433.524079	2.9752501699346556e-01
5470.486827	2.9736781779533067e-01
5507.449576	2.9735091084855114e-01
5544.412325	2.9734495373349606e-01
5581.375074	2.9730041705210558e-01
5618.337823	2.9727777713540565e-01
5655.300572	2.9725577704583467e-01
5692.263320	2.9723774742354508e-01
5729.226069	2.9715871416900513e-01
5766.188818	2.9712616702673050e-01
5803.151567	2.9703148651766498e-01
5840.114316	2.9696669226210243e-01
5877.077065	2.9689565586917854e-01
5914.039813	2.9674142726320918e-01
5951.002562	2.9671554613031176e-01
5987.965311	2.9656440988234267e-01
6024.928060	2.9653564447551700e-01
6061.890809	2.9638905566474744e-01
6098.853558	2.9631344649403757e-01
6135.816307	2.9627790050242764e-01
6172.779055	2.9623194713707834e-01
6209.741804	2.9617337370959956e-01
6246.704553	2.9609457659236627e-01
6283.667302	2.9604596297497138e-01
6320.630051	2.9599076333000779e-01
6357.592800	2.9597879508962610e-01
6394.555548	2.9594721699732879e-01
6431.518297	2.9587607319763787e-01
6468.481046	2.9584259095725929e-01
6505.443795	2.9583801830652662e-01
6542.406544	2.9582167262193809e-01
6579.369293	2.9568468365669887e-01
6616.332041	2.9563100257749880e-01
6653.294790	2.9560145923156433e-01
6690.257539	2.9548562112016880e-01
6727.220288	2.9546752722824160e-01
6764.183037	2.9541615520351738e-01
6801.145786	2.9540359626007207e-01
6838.108534	2.9536924345703930e-01
6875.071283	2.9526667523983979e-01
6912.034032	2.9525542266240584e-01
6948.996781	2.9524108605291643e-01
6985.959530	2.9513786674489628e-01
7022.922279	2.9503642251586604e-01
7059.885027	2.9502428762698307e-01
7096.847776	2.9477979887523975e-01
7133.810525	2.9472916831619722e-01
7170.773274	2.9456916079542600e-01
7207.736023	2.9454858643593074e-01
7244.698772	2.9454327563261778e-01
7281.661520	2.9449966030350999e-01
7318.624269	2.9424246120448821e-01
7355.587018	2.9411768208700645e-01
7392.549767	2.9406743048588152e-01
7429.512516	2.9405757882525441e-01
7466.475265	2.9390356743356760e-01
7503.438013	2.9388912102156489e-01
7540.400762	2.9386043401895490e-01
7577.363511	2.9386390528623035e-01
7614.326260	2.9383848775503080e-01
7651.289009	2.9378235586588042e-01
7688.251758	2.9377070903030583e-01
7725.214506	2.9364234635892844e-01
7762.177255	2.9363565942685643e-01
7799.140004	2.9359845501131948e-01
7836.102753	2.9330313557778392e-01
7873.065502	2.9313646339865601e-01
7910.028251	2.9309997548181338e-01
7946.990999	2.9308749757941316e-01
7983.953748	2.9306797847932864e-01
8020.916497	2.9304692763457590e-01
8057.879246	2.9303483712238987e-01
8094.841995	2.9290332691760790e-01
8131.804744	2.9272241466748766e-01
8168.767492	2.9268104348507179e-01
8205.730241	2.9267628116156080e-01
8242.692990	2.9264410498633214e-01
8279.655739	2.9258358119246297e-01
8316.618488	2.9251438383667672e-01
8353.581237	2.9247796677639215e-01
8390.543985	2.9242697109318244e-01
8427.506734	2.9233624719521872e-01
8464.469483	2.9225120127732529e-01
8501.432232	2.9220932136496391e-01
8538.394981	2.9206426426707843e-01
8575.357730	2.9184928785034109e-01
8612.320478	2.9166128055208596e-01
8649.283227	2.9163627262613412e-01
8686.245976	2.9157481860482121e-01
8723.208725	2.9156597039293886e-01
8760.171474	2.9154900037484521e-01
8797.134223	2.9148089996628795e-01
8834.096971	2.9130459633282779e-01
8871.059720	2.9121025411615220e-01
8908.022469	2.9112622160730489e-01
8944.985218	2.9106882661126310e-01
8981.947967	2.9100762124792523e-01
9018.910716	2.9100049271815753e-01
9055.873464	2.9083307698876520e-01
9092.836213	2.9067236694199911e-01
9129.798962	2.9064318799217231e-01
9166.761711	2.9060706335492686e-01
9203.724460	2.9058036903516699e-01
9240.687209	2.9043669616372858e-01
9277.649957	2.9042330189233800e-01
9314.612706	2.9037363510279013e-01
9351.575455	2.9011205559301745e-01
9388.538204	2.9009787785730606e-01
9425.500953	2.8992782789124272e-01
9462.463702	2.8901724493060488e-01
9499.426450	2.8900673006401806e-01
9536.389199	2.8875146291435733e-01
9573.351948	2.8871439705608815e-01
9610.314697	2.8863501357180871e-01
9647.277446	2.8850456124896523e-01
9684.240195	2.8842465983717630e-01
9721.202943	2.8835037671176483e-01
9758.165692	2.8813015363795608e-01
9795.128441	2.8806107400968256e-01
9832.091190	2.8803661924891333e-01
9869.053939	2.8800798691728841e-01
9906.016688	2.8787848473770561e-01
9942.979436	2.8734728459543590e-01
9979.942185	2.8704935319989633e-01
10016.904934	2.8676821753646020e-01
10053.867683	2.8667595984903477e-01
10090.830432	2.8595797114372329e-01
10127.793181	2.8581727012310715e-01
10164.755929	2.8573787098686659e-01
10201.718678	2.8569421125074873e-01
10238.681427	2.8568269075972996e-01
10275.644176	2.8555331315776739e-01
10312.606925	2.8542038477938714e-01
10349.569674	2.8506503059508692e-01
10386.532422	2.8491481190540024e-01
10423.495171	2.8488032273261232e-01
10460.457920	2.8486938978927034e-01
10497.420669	2.8481654250741367e-01
10534.383418	2.8458883192645579e-01
10571.346167	2.8436081332893365e-01
10608.308915	2.8428480895441605e-01
10645.271664	2.8408625781519026e-01
10682.234413	2.8407088425707405e-01
10719.197162	2.8401209925122733e-01
10756.159911	2.8350077486015679e-01
10793.122660	2.8344921378525090e-01
10830.085408	2.8337146808727870e-01
10867.048157	2.8336034896227091e-01
10904.010906	2.8325056997456960e-01
10940.973655	2.8323520218048553e-01
10977.936404	2.8307686213246414e-01
11014.899153	2.8263558986336473e-01
11051.861901	2.8245369673584103e-01
11088.824650	2.8202943716039736e-01
11125.787399	2.8146209648958920e-01
11162.750148	2.8135283603583405e-01
11199.712897	2.8130555616500436e-01
11236.675646	2.8098902021124517e-01
11273.638394	2.8092650619698656e-01
11310.601143	2.8059945443649142e-01
11347.563892	2.8049083605007569e-01
11384.526641	2.8039359556663440e-01
11421.489390	2.8008071223588427e-01
11458.452139	2.7998466864231125e-01
11495.414887	2.7944478523968941e-01
11532.377636	2.7925042446084936e-01
11569.340385	2.7920066833423246e-01
11606.303134	2.7918872592435767e-01
11643.265883	2.7911693890437339e-01
11680.228632	2.7887970903169584e-01
11717.191380	2.7841540130350223e-01
11754.154129	2.7788164801654547e-01
11791.116878	2.7775423789102693e-01
11828.079627	2.7773974088307701e-01
11865.042376	2.7755818488188483e-01
11902.005125	2.7748977956867416e-01
11938.967873	2.7743423143056234e-01
11975.930622	2.7708587735505674e-01
12012.893371	2.7703303355997194e-01
12049.856120	2.7686789255982169e-01
12086.818869	2.7682777033211048e-01
12123.781618	2.7612909219991277e-01
12160.744366	2.7572751680181734e-01
12197.707115	2.7567615338753465e-01
12234.669864	2.7537971367381542e-01
12271.632613	2.7536408639212134e-01
12308.595362	2.7498237080478327e-01
12345.558111	2.7470132425448007e-01
12382.520860	2.7461049992001058e-01
12419.483608	2.7444196312980002e-01
12456.446357	2.7367473243091794e-01
12493.409106	2.7354997556336674e-01
12530.371855	2.7341528192564624e-01
12567.334604	2.7312036890161895e-01
12604.297353	2.7293438449472252e-01
12641.260101	2.7288325875828040e-01
12678.222850	2.7283550077570262e-01
12715.185599	2.7246235452695050e-01
12752.148348	2.7212726981265317e-01
12789.111097	2.7193542125174097e-01
12826.073846	2.7184664862369962e-01
12863.036594	2.7152485474918564e-01
12899.999343	2.7147922172804667e-01
12936.962092	2.7099820914969275e-01
12973.924841	2.7045432249129447e-01
13010.887590	2.7035473851062736e-01
13047.850339	2.7029092039868496e-01
13084.813087	2.7020716321672450e-01
13121.775836	2.7019516218095951e-01
13158.738585	2.6949228685345150e-01
13195.701334	2.6888828381234126e-01
13232.664083	2.6827738441228871e-01
13269.626832	2.6813405212735736e-01
13306.589580	2.6799446447325648e-01
13343.552329	2.6707367362024526e-01
13380.515078	2.6686065858949298e-01
13417.477827	2.6658718510845592e-01
13454.440576	2.6643487310947572e-01
13491.403325	2.6639684807027270e-01
13528.366073	2.6633668573159741e-01
13565.328822	2.6629503420872686e-01
13602.291571	2.6627844116394972e-01
13639.254320	2.6626281615614855e-01
13676.217069	2.6606554937545834e-01
13713.179818	2.6582062835745901e-01
13750.142566	2.6566839486275889e-01
13787.105315	2.6520058741354280e-01
13824.068064	2.6515982903768415e-01
13861.030813	2.6513795135295620e-01
13897.993562	2.6509386156373854e-01
13934.956311	2.6483724746674786e-01
13971.919059	2.6460944929600344e-01
14008.881808	2.6444764102333557e-01
14045.844557	2.6435527070673676e-01
14082.807306	2.6334464191691104e-01
14119.770055	2.6243383150755595e-01
14156.732804	2.6237670107955491e-01
14193.695552	2.6175935175099241e-01
14230.658301	2.6144752983673747e-01
14267.621050	2.6116461835903870e-01
14304.583799	2.6048536430182534e-01
14341.546548	2.6025708072278514e-01
14378.509297	2.6023057829510982e-01
14415.472045	2.6017523225484068e-01
14452.434794	2.6004294737097933e-01
14489.397543	2.5951410124824154e-01
14526.360292	2.5944863036969362e-01
14563.323041	2.5916483724483647e-01
14600.285790	2.5843802158529716e-01
14637.248538	2.5840955692853801e-01
14674.211287	2.5829713561931661e-01
14711.174036	2.5818396466715665e-01
14748.136785	2.5689770747164947e-01
14785.099534	2.5499691098053173e-01
14822.062283	2.5499952317531538e-01
14859.025031	2.5461086807333116e-01
14895.987780	2.5366580686398110e-01
14932.950529	2.5340674910451000e-01
14969.913278	2.5331076719154094e-01
15006.876027	2.5310380596651205e-01
15043.838776	2.5275420709528285e-01
15080.801524	2.5216690805447473e-01
15117.764273	2.5198055307759715e-01
15154.727022	2.5172165638640054e-01
15191.689771	2.5151416581996622e-01
15228.652520	2.5145251439566935e-01
15265.615269	2.5102153577906633e-01
15302.578017	2.5013981762491122e-01
15339.540766	2.5003376168564323e-01
15376.503515	2.4994068352232343e-01
15413.466264	2.4910206979349941e-01
15450.429013	2.4850818248353382e-01
15487.391762	2.4809711706877366e-01
15524.354510	2.4789998917381642e-01
15561.317259	2.4705694076792106e-01
15598.280008	2.4639500716822299e-01
15635.242757	2.4582891694535927e-01
15672.205506	2.4572771486901898e-01
15709.168255	2.4535138809074111e-01
15746.131003	2.4487443547571483e-01
15783.093752	2.4483451325250821e-01
15820.056501	2.4456681822813559e-01
15857.019250	2.4329293388665182e-01
15893.981999	2.4300925910690083e-01
15930.944748	2.4290572493436088e-01
15967.907496	2.4283894587984137e-01
16004.870245	2.4237898225143298e-01
16041.832994	2.4143875685148614e-01
16078.795743	2.4126030205503735e-01
16115.758492	2.4064269043704592e-01
16152.721241	2.4025701232293398e-01
16189.683989	2.4018277406252919e-01
16226.646738	2.3977362327258739e-01
16263.609487	2.3962124987665356e-01
16300.572236	2.3927217312550464e-01
16337.534985	2.3794342569946436e-01
16374.497734	2.3760997925790192e-01
16411.460482	2.3756917628829166e-01
16448.423231	2.3714756228273326e-01
16485.385980	2.3702689000936297e-01
16522.348729	2.3637254993408438e-01
16559.311478	2.3596123450200235e-01
16596.274227	2.3595170143932273e-01
16633.236975	2.3547438058938050e-01
16670.199724	2.3469072085334780e-01
16707.162473	2.3455311776269866e-01
16744.125222	2.3446236301782783e-01
16781.087971	2.3418366791178266e-01
16818.050720	2.3411607124677775e-01
16855.013468	2.3404546581241989e-01
16891.976217	2.3178563731506716e-01
16928.938966	2.2964337228150317e-01
16965.901715	2.2953520979989026e-01
17002.864464	2.2945131337921204e-01
17039.827213	2.2900423520065308e-01
17076.789961	2.2887607154005629e-01
17113.752710	2.2867882232269296e-01
17150.715459	2.2852195721271074e-01
17187.678208	2.2790112119879191e-01
17224.640957	2.2768336271788978e-01
17261.603706	2.2747983771051467e-01
17298.566454	2.2709949707310073e-01
17335.529203	2.2545589811407138e-01
17372.491952	2.2409146568100408e-01
17409.454701	2.2403189840413490e-01
17446.417450	2.2343450113522709e-01
17483.380199	2.2272368156677189e-01
17520.342947	2.2213505879069542e-01
17557.305696	2.2121251313622345e-01
17594.268445	2.2076317524609806e-01
17631.231194	2.2048022744201751e-01
17668.193943	2.2036013132969320e-01
17705.156692	2.2017170570489697e-01
17742.119440	2.1880218059029483e-01
17779.082189	2.1773061359627685e-01
17816.044938	2.1760872963738984e-01
17853.007687	2.1755715565722811e-01
17889.970436	2.1649922291513340e-01
17926.933185	2.1626253699175321e-01
17963.895933	2.1591820900537320e-01
18000.858682	2.1553325690697495e-01
18037.821431	2.1545313318230738e-01
18074.784180	2.1489210771759365e-01
18111.746929	2.1477959385564097e-01
18148.709678	2.1371801078955366e-01
18185.672426	2.1203553658621282e-01
18222.635175	2.1012435817001054e-01
18259.597924	2.0961149549462299e-01
18296.560673	2.0873175815935771e-01
18333.523422	2.0827036632574403e-01
18370.486171	2.0801177828884596e-01
18407.448920	2.0750732657272605e-01
18444.411668	2.0691407986032581e-01
18481.374417	2.0668055683841988e-01
18518.337166	2.0512164303826966e-01
18555.299915	2.0345884526500854e-01
18592.262664	2.0219103549912254e-01
18629.225413	2.0197550377730608e-01
18666.188161	2.0195259824331369e-01
18703.150910	2.0176173030685290e-01
18740.113659	2.0165090567316321e-01
18777.076408	2.0158663671538937e-01
18814.039157	2.0085376364796365e-01
18851.001906	2.0040872812737423e-01
18887.964654	2.0013324279530051e-01
18924.927403	1.9939131436224586e-01
18961.890152	1.9877861679434555e-01
18998.852901	1.9851160383198516e-01
19035.815650	1.9655651451205972e-01
19072.778399	1.9582037585669820e-01
19109.741147	1.9523323999592793e-01
19146.703896	1.9487833709411465e-01
19183.666645	1.9451431488017423e-01
19220.629394	1.9408562907685606e-01
19257.592143	1.9382098699726544e-01
19294.554892	1.9243162484819626e-01
19331.517640	1.9239841972029864e-01
19368.480389	1.9203389466362700e-01
19405.443138	1.9088168270994468e-01
19442.405887	1.9009627020858927e-01
19479.368636	1.8962087726742499e-01
19516.331385	1.8796946092604735e-01
19553.294133	1.8693103127574465e-01
19590.256882	1.8646225151514251e-01
19627.219631	1.8623594692861681e-01
19664.182380	1.8526834878979664e-01
19701.145129	1.8338278537844202e-01
19738.107878	1.8327389070323283e-01
19775.070626	1.7977267187935717e-01
19812.033375	1.7767277117709451e-01
19848.996124	1.7618037854814328e-01
19885.958873	1.7568970982578813e-01
19922.921622	1.7399916604681123e-01
19959.884371	1.7309256645596360e-01
19996.847119	1.7267868459795896e-01
20033.809868	1.7207579805434647e-01
20070.772617	1.7203209586305557e-01
20107.735366	1.7166804363034127e-01
20144.698115	1.7157300218756705e-01
20181.660864	1.7145266935955047e-01
20218.623612	1.7124372245529790e-01
20255.586361	1.7106716296712760e-01
20292.549110	1.7060371088736712e-01
20329.511859	1.7051199738793843e-01
20366.474608	1.6912372050871474e-01
20403.437357	1.6893836449297273e-01
20440.400105	1.6873234321929628e-01
20477.362854	1.6860443128220856e-01
20514.325603	1.6854048222545803e-01
20551.288352	1.6847755682704890e-01
20588.251101	1.6841020875657017e-01
20625.213850	1.6797249944913670e-01
20662.176598	1.6739234088239019e-01
20699.139347	1.6736502470446146e-01
20736.102096	1.6722340990495693e-01
20773.064845	1.6712812613463632e-01
20810.027594	1.6695880848106479e-01
20846.990343	1.6656782207808307e-01
20883.953091	1.6585083342489695e-01
20920.915840	1.6551048592309292e-01
20957.878589	1.6530387060620735e-01
20994.841338	1.6497949439516330e-01
21031.804087	1.6479031475593831e-01
21068.766836	1.6475066934118537e-01
21105.729584	1.6433936663131329e-01
21142.692333	1.6417426133091223e-01
21179.655082	1.6412188004266684e-01
21216.617831	1.6386249601683869e-01
21253.580580	1.6381143163887402e-01
21290.543329	1.6320121861725842e-01
21327.506077	1.6316108449280758e-01
21364.468826	1.6312267474321840e-01
21401.431575	1.6252661358666598e-01
21438.394324	1.6238013440476479e-01
21475.357073	1.6131019942773664e-01
21512.319822	1.6121098042932810e-01
21549.282570	1.6068692587956568e-01
21586.245319	1.6046507580026653e-01
21623.208068	1.6000247246890534e-01
21660.170817	1.5956031484686084e-01
21697.133566	1.5950720942156876e-01
21734.096315	1.5945389709334803e-01
21771.059063	1.5913547957234567e-01
21808.021812	1.5875478871219251e-01
21844.984561	1.5850426771182644e-01
21881.947310	1.5824383434462036e-01
21918.910059	1.5799476007230381e-01
21955.872808	1.5750981413361900e-01
21992.835556	1.5743736122695284e-01
22029.798305	1.5731395896678863e-01
22066.761054	1.5589312687490339e-01
22103.723803	1.5554794622839871e-01
22140.686552	1.5499401531708396e-01
22177.649301	1.5458661265961193e-01
22214.612049	1.5444095262546614e-01
22251.574798	1.5433909502092444e-01
22288.537547	1.5349653461864404e-01
22325.500296	1.5268409814812162e-01
22362.463045	1.5241269689336082e-01
22399.425794	1.5237930379846856e-01
22436.388542	1.5235570524648678e-01
22473.351291	1.5165348035737750e-01
22510.314040	1.5037014779739083e-01
22547.276789	1.4979008409655672e-01
22584.239538	1.4963724790033334e-01
22621.202287	1.4946136997491960e-01
22658.165035	1.4933547101581091e-01
22695.127784	1.4918883639356262e-01
22732.090533	1.4915522317197316e-01
22769.053282	1.4912014092986534e-01
22806.016031	1.4899810161522747e-01
22842.978780	1.4866608609469070e-01
22879.941528	1.4857406446814911e-01
22916.904277	1.4851721715140295e-01
22953.867026	1.4847189781087070e-01
22990.829775	1.4827841190148042e-01
23027.792524	1.4813383366888591e-01
23064.755273	1.4797668516159465e-01
23101.718021	1.4780279669560961e-01
23138.680770	1.4773033340383246e-01
23175.643519	1.4760142176126720e-01
23212.606268	1.4752774974972654e-01
23249.569017	1.4715753262192249e-01
23286.531766	1.4699566016902263e-01
23323.494514	1.4678357634053860e-01
23360.457263	1.4649008903662850e-01
23397.420012	1.4612034571143953e-01
23434.382761	1.4593048594275027e-01
23471.345510	1.4573474420970531e-01
23508.308259	1.4562678330594145e-01
23545.271007	1.4505819122646313e-01
23582.233756	1.4474409392237275e-01
23619.196505	1.4429021175437401e-01
23656.159254	1.4405854655662639e-01
23693.122003	1.4402709304522071e-01
23730.084752	1.4337626411031323e-01
23767.047500	1.4325736176593509e-01
23804.010249	1.4317855540975452e-01
23840.972998	1.4301893428149565e-01
23877.935747	1.4286168729938686e-01
23914.898496	1.4271973958432577e-01
23951.861245	1.4236347396305629e-01
23988.823993	1.4195545632694800e-01
24025.786742	1.4166327899471978e-01
24062.749491	1.4163030849114011e-01
24099.712240	1.4158245764066368e-01
24136.674989	1.4152012842821204e-01
24173.637738	1.4144747850835637e-01
24210.600486	1.4093022638177227e-01
24247.563235	1.4043666464443263e-01
24284.525984	1.3978253129560628e-01
24321.488733	1.3962863132346251e-01
24358.451482	1.3923452570687411e-01
24395.414231	1.3901674720760546e-01
24432.376980	1.3862455362441142e-01
24469.339728	1.3747729478513046e-01
24506.302477	1.3679892585055131e-01
24543.265226	1.3638738013813473e-01
24580.227975	1.3587749492975879e-01
24617.190724	1.3581273674681768e-01
24654.153473	1.3563858360517556e-01
24691.116221	1.3523077782076920e-01
24728.078970	1.3470289234123847e-01
24765.041719	1.3438348648442575e-01
24802.004468	1.3410079141815373e-01
24838.967217	1.3336846950453232e-01
24875.929966	1.3278286758646271e-01
24912.892714	1.3250154156353666e-01
24949.855463	1.3206779655656878e-01
24986.818212	1.3183410603396539e-01
25023.780961	1.3165874688622778e-01
25060.743710	1.3058468859133687e-01
25097.706459	1.3048721748871245e-01
25134.669207	1.2929775598138490e-01
25171.631956	1.2921548620715101e-01
25208.594705	1.2854684869771685e-01
25245.557454	1.2843162630179142e-01
25282.520203	1.2837425904549171e-01
25319.482952	1.2833374992788021e-01
25356.445700	1.2781159835692893e-01
25393.408449	1.2746378017500637e-01
25430.371198	1.2708231353404761e-01
25467.333947	1.2699013973269682e-01
25504.296696	1.2628770302471545e-01
25541.259445	1.2595646637729435e-01
25578.222193	1.2567712367631734e-01
25615.184942	1.2551174560485218e-01
25652.147691	1.2529089649209643e-01
25689.110440	1.2498634388505113e-01
25726.073189	1.2376329811898903e-01
25763.035938	1.2318422381742630e-01
25799.998686	1.2210691732063790e-01
25836.961435	1.2139222589223703e-01
25873.924184	1.2057428621675627e-01
25910.886933	1.2052609676030307e-01
25947.849682	1.2025918966007014e-01
25984.812431	1.2011977407899620e-01
26021.775179	1.1841572683469766e-01
26058.737928	1.1793704763441652e-01
26095.700677	1.1756619621765112e-01
26132.663426	1.1726416329290709e-01
26169.626175	1.1721394535066798e-01
26206.588924	1.1714804445250804e-01
26243.551672	1.1704062845970072e-01
26280.514421	1.1701012013838520e-01
26317.477170	1.1694624287993821e-01
26354.439919	1.1690440251510983e-01
26391.402668	1.1630682498169220e-01
26428.365417	1.1619992222137136e-01
26465.328165	1.1563527457538995e-01
26502.290914	1.1538886720616766e-01
26539.253663	1.1411890406969229e-01
26576.216412	1.1403098903932682e-01
26613.179161	1.1341245060854691e-01
26650.141910	1.1310907348700672e-01
26687.104658	1.1276058599156756e-01
26724.067407	1.1264642999955667e-01
26761.030156	1.1219388957580878e-01
26797.992905	1.1197751223373642e-01
26834.955654	1.1170351412507362e-01
26871.918403	1.1042435912457907e-01
26908.881151	1.1039742938513686e-01
26945.843900	1.0933579218785019e-01
26982.806649	1.0865344427145419e-01
27019.769398	1.0849279953654316e-01
27056.732147	1.0777500359005068e-01
27093.694896	1.0553352772588044e-01
27130.657644	1.0539002675502067e-01
27167.620393	1.0459399844013789e-01
27204.583142	1.0407311106360177e-01
27241.545891	1.0359089704281509e-01
27278.508640	1.0349880149947738e-01
27315.471389	1.0138345835284900e-01
27352.434137	1.0112760434301071e-01
27389.396886	1.0093665705387733e-01
27426.359635	1.0087066324737105e-01
27463.322384	1.0064985135776496e-01
27500.285133	1.0057988345349532e-01
27537.247882	9.3577843074560504e-02
27574.210630	9.2538141192647791e-02
27611.173379	9.2188322452807378e-02
27648.136128	9.1599419328898313e-02
27685.098877	9.0031604497413570e-02
27722.061626	8.7533726767823630e-02
27759.024375	8.7474240386889696e-02
27795.987123	8.6668750916869500e-02
27832.949872	8.3631514642807728e-02
27869.912621	8.3438390839361720e-02
27906.875370	8.2731512206682581e-02
27943.838119	8.1189007730312790e-02
27980.800868	7.9787038326256068e-02
28017.763616	7.9077561044889028e-02
28054.726365	7.8586876748224260e-02
28091.689114	7.8283904055783338e-02
28128.651863	7.8071771597265499e-02
28165.614612	7.7936907450346302e-02
28202.577361	7.7745959995377020e-02
28239.540109	7.7388182099790426e-02
28276.502858	7.7102253931663256e-02
28313.465607	7.6037481367270399e-02
28350.428356	7.5017144341533309e-02
28387.391105	7.4328160576360769e-02
28424.353854	7.4148724757434295e-02
28461.316602	7.3522855835238182e-02
28498.279351	7.3345682756396052e-02
28535.242100	7.3267518164946296e-02
28572.204849	7.3048112894586251e-02
28609.167598	7.3015484100945216e-02
28646.130347	7.2635322475657974e-02
28683.093095	7.1494243300220639e-02
28720.055844	7.1084264924985069e-02
28757.018593	7.0930779026455143e-02
28793.981342	7.0654868288878014e-02
28830.944091	7.0387762676424409e-02
28867.906840	7.0212924592722811e-02
28904.869588	6.9900991806012516e-02
28941.832337	6.9566424565895901e-02
28978.795086	6.9086193636042806e-02
29015.757835	6.8949508803422252e-02
29052.720584	6.8714998134478247e-02
29089.683333	6.7507613202532429e-02
29126.646081	6.6593226116954965e-02
29163.608830	6.5904261757693205e-02
29200.571579	6.5545333206543668e-02
29237.534328	6.5304980233252846e-02
29274.497077	6.5127939125818657e-02
29311.459826	6.4393196288800816e-02
29348.422574	6.4309887704125615e-02
29385.385323	6.3603922114767494e-02
29422.348072	6.3324460396065860e-02
29459.310821	6.2668512451620348e-02
29496.273570	6.2627269873832672e-02
29533.236319	6.2534040358728157e-02
29570.199067	6.2099938984039732e-02
29607.161816	6.1931288188429731e-02
29644.124565	6.1217065766959296e-02
29681.087314	6.0722685085632375e-02
29718.050063	6.0680726163337251e-02
29755.012812	6.0286432090139445e-02
29791.975560	5.9962461598115809e-02
29828.938309	5.9790920174597355e-02
29865.901058	5.8966925408183220e-02
29902.863807	5.8740823331372247e-02
29939.826556	5.8489456832312846e-02
29976.789305	5.8115913515606209e-02
30013.752053	5.6852226236664631e-02
30050.714802	5.6726601843307300e-02
30087.677551	5.5481704941697518e-02
30124.640300	5.5172552993055006e-02
30161.603049	5.5128677874362889e-02
30198.565798	5.4809726158685623e-02
30235.528546	5.4621245931662253e-02
30272.491295	5.4507250411967800e-02
30309.454044	5.4436766346083611e-02
30346.416793	5.4103296268191554e-02
30383.379542	5.3926137320076138e-02
30420.342291	5.2322171873779869e-02
30457.305040	5.1977443086658755e-02
30494.267788	5.1901364377946090e-02
30531.230537	5.0887809139868047e-02
30568.193286	5.0799991282521398e-02
30605.156035	5.0339646574823704e-02
30642.118784	5.0275421320475085e-02
30679.081533	5.0163036000845443e-02
30716.044281	5.0089886498394638e-02
30753.007030	4.9834778467768924e-02
30789.969779	4.9034765222936240e-02
30826.932528	4.8468273147164821e-02
30863.895277	4.7042147820122837e-02
30900.858026	4.6764435895524849e-02
30937.820774	4.6551039653725312e-02
30974.783523	4.5685663454072767e-02
31011.746272	4.4020370181141182e-02
31048.709021	4.2507286323215557e-02
31085.671770	4.1935269777776563e-02
31122.634519	4.0791313400490560e-02
31159.597267	4.0693914372208789e-02
31196.560016	3.9979318458875104e-02
31233.522765	3.9765577089663405e-02
31270.485514	3.9722708743576356e-02
31307.448263	3.9170210360589729e-02
31344.411012	3.8861931259140163e-02
31381.373760	3.7891440954518719e-02
31418.336509	3.7504859421152087e-02
31455.299258	3.7035428038941387e-02
31492.262007	3.5979967460729054e-02
31529.224756	3.5492461373597878e-02
31566.187505	3.5083794211392030e-02
31603.150253	3.3677990925155388e-02
31640.113002	3.2465107969953541e-02
31677.075751	3.1283967517739292e-02
31714.038500	3.1031266537214844e-02
31751.001249	3.0095558862627669e-02
31787.963998	2.9757133963572144e-02
31824.926746	2.9623253410730004e-02
31861.889495	2.9417725494001550e-02
31898.852244	2.9016620328483293e-02
31935.814993	2.6902339704008536e-02
31972.777742	2.6243028117965739e-02
32009.740491	2.6061578518435789e-02
32046.703239	2.5863523182940398e-02
32083.665988	2.5525008868463608e-02
32120.628737	2.5320515616870824e-02
32157.591486	2.4627392197673792e-02
32194.554235	2.3970903586745120e-02
32231.516984	2.3564446264883611e-02
32268.479732	2.2823434457890861e-02
32305.442481	2.2635189280258122e-02
32342.405230	2.1806601376512330e-02
32379.367979	2.0986022546959093e-02
32416.330728	2.0931057560913534e-02
32453.293477	2.0550249714297066e-02
32490.256225	2.0174538551257715e-02
32527.218974	1.9824119201458004e-02
32564.181723	1.9373631132001995e-02
32601.144472	1.7828697325993615e-02
32638.107221	1.6144684094453306e-02
32675.069970	1.5810410629469213e-02
32712.032718	1.4908846902976869e-02
32748.995467	1.4723411926815240e-02
32785.958216	1.3280296829522613e-02
32822.920965	1.2575459979565067e-02
32859.883714	1.1850032017007983e-02
32896.846463	1.0348107066972487e-02
32933.809211	8.5043977497989073e-03
32970.771960	8.2181404090071568e-03
33007.734709	7.7168004665084727e-03
33044.697458	5.2929761502248061e-03
33081.660207	5.1157929474631965e-03
33118.622956	4.3007067843733792e-03
33155.585704	3.7773067603551623e-03
33192.548453	3.4019149383698239e-03
33229.511202	2.1815977230913450e-03
33266.473951	1.1785601761259430e-03
33303.436700	4.9791660613916643e-05
