-23861.03794	1.19E-03
-23837.00869	2.09E-03
-23812.97945	9.73E-03
-23788.95021	1.07E-02
-23764.92097	1.10E-02
-23740.89172	1.10E-02
-23716.86248	1.13E-02
-23692.83324	1.28E-02
-23668.804	1.30E-02
-23644.77475	1.41E-02
-23620.74551	1.57E-02
-23596.71627	1.68E-02
-23572.68702	1.84E-02
-23548.65778	2.05E-02
-23524.62854	2.16E-02
-23500.5993	2.48E-02
-23476.57005	2.69E-02
-23452.54081	2.70E-02
-23428.51157	3.03E-02
-23404.48233	3.05E-02
-23380.45308	3.20E-02
-23356.42384	3.56E-02
-23332.3946	3.58E-02
-23308.36536	3.60E-02
-23284.33611	3.63E-02
-23260.30687	3.74E-02
-23236.27763	3.91E-02
-23212.24839	4.15E-02
-23188.21914	4.21E-02
-23164.1899	4.34E-02
-23140.16066	4.61E-02
-23116.13141	4.73E-02
-23092.10217	5.03E-02
-23068.07293	5.14E-02
-23044.04369	5.15E-02
-23020.01444	5.17E-02
-22995.9852	5.19E-02
-22971.95596	5.27E-02
-22947.92672	5.32E-02
-22923.89747	5.32E-02
-22899.86823	5.34E-02
-22875.83899	5.35E-02
-22851.80975	5.35E-02
-22827.7805	5.66E-02
-22803.75126	5.79E-02
-22779.72202	5.82E-02
-22755.69278	5.95E-02
-22731.66353	5.99E-02
-22707.63429	6.17E-02
-22683.60505	6.23E-02
-22659.5758	6.41E-02
-22635.54656	6.52E-02
-22611.51732	6.75E-02
-22587.48808	7.07E-02
-22563.45883	7.09E-02
-22539.42959	7.27E-02
-22515.40035	7.37E-02
-22491.37111	7.38E-02
-22467.34186	7.44E-02
-22443.31262	7.62E-02
-22419.28338	8.22E-02
-22395.25414	8.52E-02
-22371.22489	8.64E-02
-22347.19565	8.72E-02
-22323.16641	8.77E-02
-22299.13717	8.89E-02
-22275.10792	8.98E-02
-22251.07868	8.99E-02
-22227.04944	9.03E-02
-22203.02019	9.08E-02
-22178.99095	9.11E-02
-22154.96171	9.12E-02
-22130.93247	9.42E-02
-22106.90322	9.43E-02
-22082.87398	9.46E-02
-22058.84474	9.63E-02
-22034.8155	9.67E-02
-22010.78625	1.00E-01
-21986.75701	1.00E-01
-21962.72777	1.00E-01
-21938.69853	1.01E-01
-21914.66928	1.02E-01
-21890.64004	1.03E-01
-21866.6108	1.03E-01
-21842.58156	1.04E-01
-21818.55231	1.04E-01
-21794.52307	1.05E-01
-21770.49383	1.05E-01
-21746.46458	1.06E-01
-21722.43534	1.08E-01
-21698.4061	1.09E-01
-21674.37686	1.10E-01
-21650.34761	1.10E-01
-21626.31837	1.11E-01
-21602.28913	1.12E-01
-21578.25989	1.12E-01
-21554.23064	1.12E-01
-21530.2014	1.14E-01
-21506.17216	1.14E-01
-21482.14292	1.15E-01
-21458.11367	1.15E-01
-21434.08443	1.15E-01
-21410.05519	1.16E-01
-21386.02595	1.16E-01
-21361.9967	1.17E-01
-21337.96746	1.18E-01
-21313.93822	1.19E-01
-21289.90897	1.21E-01
-21265.87973	1.26E-01
-21241.85049	1.26E-01
-21217.82125	1.26E-01
-21193.792	1.26E-01
-21169.76276	1.27E-01
-21145.73352	1.27E-01
-21121.70428	1.27E-01
-21097.67503	1.29E-01
-21073.64579	1.29E-01
-21049.61655	1.30E-01
-21025.58731	1.30E-01
-21001.55806	1.31E-01
-20977.52882	1.32E-01
-20953.49958	1.33E-01
-20929.47033	1.33E-01
-20905.44109	1.33E-01
-20881.41185	1.33E-01
-20857.38261	1.34E-01
-20833.35336	1.34E-01
-20809.32412	1.35E-01
-20785.29488	1.36E-01
-20761.26564	1.37E-01
-20737.23639	1.38E-01
-20713.20715	1.39E-01
-20689.17791	1.39E-01
-20665.14867	1.39E-01
-20641.11942	1.41E-01
-20617.09018	1.41E-01
-20593.06094	1.43E-01
-20569.0317	1.43E-01
-20545.00245	1.43E-01
-20520.97321	1.44E-01
-20496.94397	1.45E-01
-20472.91472	1.46E-01
-20448.88548	1.47E-01
-20424.85624	1.48E-01
-20400.827	1.48E-01
-20376.79775	1.49E-01
-20352.76851	1.51E-01
-20328.73927	1.51E-01
-20304.71003	1.51E-01
-20280.68078	1.54E-01
-20256.65154	1.55E-01
-20232.6223	1.57E-01
-20208.59306	1.57E-01
-20184.56381	1.57E-01
-20160.53457	1.57E-01
-20136.50533	1.59E-01
-20112.47609	1.59E-01
-20088.44684	1.59E-01
-20064.4176	1.60E-01
-20040.38836	1.62E-01
-20016.35911	1.62E-01
-19992.32987	1.63E-01
-19968.30063	1.63E-01
-19944.27139	1.63E-01
-19920.24214	1.64E-01
-19896.2129	1.64E-01
-19872.18366	1.64E-01
-19848.15442	1.66E-01
-19824.12517	1.66E-01
-19800.09593	1.66E-01
-19776.06669	1.67E-01
-19752.03745	1.67E-01
-19728.0082	1.68E-01
-19703.97896	1.68E-01
-19679.94972	1.68E-01
-19655.92048	1.70E-01
-19631.89123	1.70E-01
-19607.86199	1.71E-01
-19583.83275	1.72E-01
-19559.8035	1.73E-01
-19535.77426	1.74E-01
-19511.74502	1.74E-01
-19487.71578	1.74E-01
-19463.68653	1.75E-01
-19439.65729	1.75E-01
-19415.62805	1.77E-01
-19391.59881	1.77E-01
-19367.56956	1.79E-01
-19343.54032	1.79E-01
-19319.51108	1.79E-01
-19295.48184	1.79E-01
-19271.45259	1.80E-01
-19247.42335	1.80E-01
-19223.39411	1.81E-01
-19199.36487	1.82E-01
-19175.33562	1.83E-01
-19151.30638	1.83E-01
-19127.27714	1.83E-01
-19103.24789	1.84E-01
-19079.21865	1.86E-01
-19055.18941	1.87E-01
-19031.16017	1.88E-01
-19007.13092	1.88E-01
-18983.10168	1.88E-01
-18959.07244	1.89E-01
-18935.0432	1.89E-01
-18911.01395	1.90E-01
-18886.98471	1.90E-01
-18862.95547	1.90E-01
-18838.92623	1.90E-01
-18814.89698	1.91E-01
-18790.86774	1.91E-01
-18766.8385	1.91E-01
-18742.80926	1.93E-01
-18718.78001	1.93E-01
-18694.75077	1.93E-01
-18670.72153	1.93E-01
-18646.69228	1.94E-01
-18622.66304	1.94E-01
-18598.6338	1.95E-01
-18574.60456	1.96E-01
-18550.57531	1.96E-01
-18526.54607	1.96E-01
-18502.51683	1.97E-01
-18478.48759	1.98E-01
-18454.45834	1.98E-01
-18430.4291	1.99E-01
-18406.39986	2.00E-01
-18382.37062	2.01E-01
-18358.34137	2.01E-01
-18334.31213	2.01E-01
-18310.28289	2.01E-01
-18286.25365	2.02E-01
-18262.2244	2.02E-01
-18238.19516	2.03E-01
-18214.16592	2.04E-01
-18190.13667	2.04E-01
-18166.10743	2.04E-01
-18142.07819	2.04E-01
-18118.04895	2.05E-01
-18094.0197	2.06E-01
-18069.99046	2.07E-01
-18045.96122	2.07E-01
-18021.93198	2.07E-01
-17997.90273	2.08E-01
-17973.87349	2.08E-01
-17949.84425	2.09E-01
-17925.81501	2.09E-01
-17901.78576	2.10E-01
-17877.75652	2.10E-01
-17853.72728	2.11E-01
-17829.69804	2.11E-01
-17805.66879	2.11E-01
-17781.63955	2.11E-01
-17757.61031	2.11E-01
-17733.58106	2.11E-01
-17709.55182	2.12E-01
-17685.52258	2.12E-01
-17661.49334	2.13E-01
-17637.46409	2.13E-01
-17613.43485	2.14E-01
-17589.40561	2.14E-01
-17565.37637	2.15E-01
-17541.34712	2.16E-01
-17517.31788	2.17E-01
-17493.28864	2.17E-01
-17469.2594	2.17E-01
-17445.23015	2.18E-01
-17421.20091	2.18E-01
-17397.17167	2.18E-01
-17373.14243	2.19E-01
-17349.11318	2.19E-01
-17325.08394	2.20E-01
-17301.0547	2.20E-01
-17277.02545	2.20E-01
-17252.99621	2.21E-01
-17228.96697	2.21E-01
-17204.93773	2.21E-01
-17180.90848	2.22E-01
-17156.87924	2.22E-01
-17132.85	2.22E-01
-17108.82076	2.22E-01
-17084.79151	2.22E-01
-17060.76227	2.23E-01
-17036.73303	2.23E-01
-17012.70379	2.23E-01
-16988.67454	2.23E-01
-16964.6453	2.23E-01
-16940.61606	2.23E-01
-16916.58682	2.23E-01
-16892.55757	2.23E-01
-16868.52833	2.24E-01
-16844.49909	2.24E-01
-16820.46984	2.25E-01
-16796.4406	2.25E-01
-16772.41136	2.26E-01
-16748.38212	2.26E-01
-16724.35287	2.26E-01
-16700.32363	2.27E-01
-16676.29439	2.27E-01
-16652.26515	2.27E-01
-16628.2359	2.28E-01
-16604.20666	2.28E-01
-16580.17742	2.28E-01
-16556.14818	2.29E-01
-16532.11893	2.29E-01
-16508.08969	2.29E-01
-16484.06045	2.29E-01
-16460.0312	2.29E-01
-16436.00196	2.29E-01
-16411.97272	2.29E-01
-16387.94348	2.30E-01
-16363.91423	2.30E-01
-16339.88499	2.30E-01
-16315.85575	2.31E-01
-16291.82651	2.31E-01
-16267.79726	2.31E-01
-16243.76802	2.32E-01
-16219.73878	2.32E-01
-16195.70954	2.32E-01
-16171.68029	2.32E-01
-16147.65105	2.33E-01
-16123.62181	2.33E-01
-16099.59257	2.33E-01
-16075.56332	2.34E-01
-16051.53408	2.34E-01
-16027.50484	2.35E-01
-16003.47559	2.35E-01
-15979.44635	2.35E-01
-15955.41711	2.36E-01
-15931.38787	2.36E-01
-15907.35862	2.36E-01
-15883.32938	2.36E-01
-15859.30014	2.36E-01
-15835.2709	2.37E-01
-15811.24165	2.37E-01
-15787.21241	2.37E-01
-15763.18317	2.38E-01
-15739.15393	2.38E-01
-15715.12468	2.39E-01
-15691.09544	2.39E-01
-15667.0662	2.39E-01
-15643.03696	2.39E-01
-15619.00771	2.40E-01
-15594.97847	2.40E-01
-15570.94923	2.40E-01
-15546.91998	2.40E-01
-15522.89074	2.40E-01
-15498.8615	2.41E-01
-15474.83226	2.41E-01
-15450.80301	2.41E-01
-15426.77377	2.41E-01
-15402.74453	2.42E-01
-15378.71529	2.42E-01
-15354.68604	2.43E-01
-15330.6568	2.43E-01
-15306.62756	2.44E-01
-15282.59832	2.44E-01
-15258.56907	2.45E-01
-15234.53983	2.45E-01
-15210.51059	2.45E-01
-15186.48135	2.46E-01
-15162.4521	2.46E-01
-15138.42286	2.46E-01
-15114.39362	2.46E-01
-15090.36437	2.46E-01
-15066.33513	2.46E-01
-15042.30589	2.47E-01
-15018.27665	2.47E-01
-14994.2474	2.47E-01
-14970.21816	2.47E-01
-14946.18892	2.48E-01
-14922.15968	2.49E-01
-14898.13043	2.49E-01
-14874.10119	2.49E-01
-14850.07195	2.49E-01
-14826.04271	2.50E-01
-14802.01346	2.50E-01
-14777.98422	2.52E-01
-14753.95498	2.52E-01
-14729.92574	2.52E-01
-14705.89649	2.52E-01
-14681.86725	2.52E-01
-14657.83801	2.53E-01
-14633.80876	2.53E-01
-14609.77952	2.53E-01
-14585.75028	2.53E-01
-14561.72104	2.54E-01
-14537.69179	2.54E-01
-14513.66255	2.54E-01
-14489.63331	2.54E-01
-14465.60407	2.54E-01
-14441.57482	2.54E-01
-14417.54558	2.55E-01
-14393.51634	2.55E-01
-14369.4871	2.55E-01
-14345.45785	2.55E-01
-14321.42861	2.55E-01
-14297.39937	2.55E-01
-14273.37013	2.56E-01
-14249.34088	2.56E-01
-14225.31164	2.56E-01
-14201.2824	2.56E-01
-14177.25315	2.56E-01
-14153.22391	2.56E-01
-14129.19467	2.56E-01
-14105.16543	2.57E-01
-14081.13618	2.57E-01
-14057.10694	2.57E-01
-14033.0777	2.58E-01
-14009.04846	2.58E-01
-13985.01921	2.58E-01
-13960.98997	2.58E-01
-13936.96073	2.58E-01
-13912.93149	2.58E-01
-13888.90224	2.58E-01
-13864.873	2.59E-01
-13840.84376	2.59E-01
-13816.81452	2.59E-01
-13792.78527	2.59E-01
-13768.75603	2.60E-01
-13744.72679	2.60E-01
-13720.69754	2.60E-01
-13696.6683	2.61E-01
-13672.63906	2.61E-01
-13648.60982	2.61E-01
-13624.58057	2.61E-01
-13600.55133	2.62E-01
-13576.52209	2.62E-01
-13552.49285	2.62E-01
-13528.4636	2.62E-01
-13504.43436	2.62E-01
-13480.40512	2.63E-01
-13456.37588	2.63E-01
-13432.34663	2.63E-01
-13408.31739	2.64E-01
-13384.28815	2.64E-01
-13360.25891	2.64E-01
-13336.22966	2.64E-01
-13312.20042	2.64E-01
-13288.17118	2.64E-01
-13264.14193	2.64E-01
-13240.11269	2.64E-01
-13216.08345	2.64E-01
-13192.05421	2.64E-01
-13168.02496	2.64E-01
-13143.99572	2.65E-01
-13119.96648	2.65E-01
-13095.93724	2.65E-01
-13071.90799	2.65E-01
-13047.87875	2.65E-01
-13023.84951	2.66E-01
-12999.82027	2.66E-01
-12975.79102	2.66E-01
-12951.76178	2.66E-01
-12927.73254	2.66E-01
-12903.7033	2.66E-01
-12879.67405	2.67E-01
-12855.64481	2.67E-01
-12831.61557	2.67E-01
-12807.58632	2.67E-01
-12783.55708	2.67E-01
-12759.52784	2.68E-01
-12735.4986	2.68E-01
-12711.46935	2.68E-01
-12687.44011	2.69E-01
-12663.41087	2.69E-01
-12639.38163	2.69E-01
-12615.35238	2.69E-01
-12591.32314	2.69E-01
-12567.2939	2.70E-01
-12543.26466	2.70E-01
-12519.23541	2.70E-01
-12495.20617	2.70E-01
-12471.17693	2.71E-01
-12447.14769	2.71E-01
-12423.11844	2.71E-01
-12399.0892	2.71E-01
-12375.05996	2.71E-01
-12351.03071	2.72E-01
-12327.00147	2.72E-01
-12302.97223	2.72E-01
-12278.94299	2.72E-01
-12254.91374	2.72E-01
-12230.8845	2.72E-01
-12206.85526	2.72E-01
-12182.82602	2.72E-01
-12158.79677	2.73E-01
-12134.76753	2.73E-01
-12110.73829	2.73E-01
-12086.70905	2.74E-01
-12062.6798	2.74E-01
-12038.65056	2.74E-01
-12014.62132	2.74E-01
-11990.59208	2.74E-01
-11966.56283	2.74E-01
-11942.53359	2.74E-01
-11918.50435	2.74E-01
-11894.4751	2.74E-01
-11870.44586	2.74E-01
-11846.41662	2.75E-01
-11822.38738	2.75E-01
-11798.35813	2.75E-01
-11774.32889	2.75E-01
-11750.29965	2.75E-01
-11726.27041	2.75E-01
-11702.24116	2.76E-01
-11678.21192	2.76E-01
-11654.18268	2.76E-01
-11630.15344	2.76E-01
-11606.12419	2.76E-01
-11582.09495	2.76E-01
-11558.06571	2.76E-01
-11534.03646	2.76E-01
-11510.00722	2.76E-01
-11485.97798	2.76E-01
-11461.94874	2.77E-01
-11437.91949	2.77E-01
-11413.89025	2.77E-01
-11389.86101	2.77E-01
-11365.83177	2.77E-01
-11341.80252	2.77E-01
-11317.77328	2.78E-01
-11293.74404	2.78E-01
-11269.7148	2.78E-01
-11245.68555	2.78E-01
-11221.65631	2.78E-01
-11197.62707	2.78E-01
-11173.59783	2.79E-01
-11149.56858	2.79E-01
-11125.53934	2.79E-01
-11101.5101	2.79E-01
-11077.48085	2.79E-01
-11053.45161	2.79E-01
-11029.42237	2.79E-01
-11005.39313	2.79E-01
-10981.36388	2.79E-01
-10957.33464	2.79E-01
-10933.3054	2.80E-01
-10909.27616	2.80E-01
-10885.24691	2.80E-01
-10861.21767	2.80E-01
-10837.18843	2.80E-01
-10813.15919	2.80E-01
-10789.12994	2.80E-01
-10765.1007	2.81E-01
-10741.07146	2.81E-01
-10717.04222	2.81E-01
-10693.01297	2.81E-01
-10668.98373	2.81E-01
-10644.95449	2.81E-01
-10620.92524	2.81E-01
-10596.896	2.81E-01
-10572.86676	2.81E-01
-10548.83752	2.82E-01
-10524.80827	2.82E-01
-10500.77903	2.82E-01
-10476.74979	2.82E-01
-10452.72055	2.82E-01
-10428.6913	2.82E-01
-10404.66206	2.82E-01
-10380.63282	2.82E-01
-10356.60358	2.82E-01
-10332.57433	2.82E-01
-10308.54509	2.82E-01
-10284.51585	2.82E-01
-10260.48661	2.83E-01
-10236.45736	2.83E-01
-10212.42812	2.83E-01
-10188.39888	2.83E-01
-10164.36963	2.83E-01
-10140.34039	2.83E-01
-10116.31115	2.83E-01
-10092.28191	2.83E-01
-10068.25266	2.83E-01
-10044.22342	2.83E-01
-10020.19418	2.83E-01
-9996.164936	2.83E-01
-9972.135693	2.83E-01
-9948.106451	2.83E-01
-9924.077208	2.84E-01
-9900.047965	2.84E-01
-9876.018723	2.84E-01
-9851.98948	2.84E-01
-9827.960237	2.84E-01
-9803.930995	2.84E-01
-9779.901752	2.84E-01
-9755.87251	2.85E-01
-9731.843267	2.85E-01
-9707.814024	2.85E-01
-9683.784782	2.85E-01
-9659.755539	2.85E-01
-9635.726296	2.85E-01
-9611.697054	2.85E-01
-9587.667811	2.85E-01
-9563.638568	2.85E-01
-9539.609326	2.85E-01
-9515.580083	2.85E-01
-9491.550841	2.85E-01
-9467.521598	2.85E-01
-9443.492355	2.85E-01
-9419.463113	2.85E-01
-9395.43387	2.86E-01
-9371.404627	2.86E-01
-9347.375385	2.86E-01
-9323.346142	2.86E-01
-9299.316899	2.86E-01
-9275.287657	2.86E-01
-9251.258414	2.86E-01
-9227.229172	2.87E-01
-9203.199929	2.87E-01
-9179.170686	2.87E-01
-9155.141444	2.87E-01
-9131.112201	2.87E-01
-9107.082958	2.87E-01
-9083.053716	2.87E-01
-9059.024473	2.87E-01
-9034.99523	2.87E-01
-9010.965988	2.87E-01
-8986.936745	2.87E-01
-8962.907503	2.87E-01
-8938.87826	2.87E-01
-8914.849017	2.87E-01
-8890.819775	2.88E-01
-8866.790532	2.88E-01
-8842.761289	2.88E-01
-8818.732047	2.88E-01
-8794.702804	2.88E-01
-8770.673562	2.88E-01
-8746.644319	2.88E-01
-8722.615076	2.88E-01
-8698.585834	2.88E-01
-8674.556591	2.88E-01
-8650.527348	2.88E-01
-8626.498106	2.88E-01
-8602.468863	2.88E-01
-8578.43962	2.88E-01
-8554.410378	2.88E-01
-8530.381135	2.88E-01
-8506.351893	2.88E-01
-8482.32265	2.88E-01
-8458.293407	2.89E-01
-8434.264165	2.89E-01
-8410.234922	2.89E-01
-8386.205679	2.89E-01
-8362.176437	2.89E-01
-8338.147194	2.89E-01
-8314.117951	2.89E-01
-8290.088709	2.89E-01
-8266.059466	2.89E-01
-8242.030224	2.89E-01
-8218.000981	2.89E-01
-8193.971738	2.89E-01
-8169.942496	2.89E-01
-8145.913253	2.89E-01
-8121.88401	2.89E-01
-8097.854768	2.90E-01
-8073.825525	2.90E-01
-8049.796282	2.90E-01
-8025.76704	2.90E-01
-8001.737797	2.90E-01
-7977.708555	2.90E-01
-7953.679312	2.90E-01
-7929.650069	2.90E-01
-7905.620827	2.90E-01
-7881.591584	2.90E-01
-7857.562341	2.90E-01
-7833.533099	2.90E-01
-7809.503856	2.90E-01
-7785.474614	2.90E-01
-7761.445371	2.90E-01
-7737.416128	2.91E-01
-7713.386886	2.91E-01
-7689.357643	2.91E-01
-7665.3284	2.91E-01
-7641.299158	2.91E-01
-7617.269915	2.91E-01
-7593.240672	2.91E-01
-7569.21143	2.91E-01
-7545.182187	2.91E-01
-7521.152945	2.91E-01
-7497.123702	2.91E-01
-7473.094459	2.91E-01
-7449.065217	2.91E-01
-7425.035974	2.91E-01
-7401.006731	2.91E-01
-7376.977489	2.92E-01
-7352.948246	2.92E-01
-7328.919003	2.92E-01
-7304.889761	2.92E-01
-7280.860518	2.92E-01
-7256.831276	2.92E-01
-7232.802033	2.92E-01
-7208.77279	2.92E-01
-7184.743548	2.92E-01
-7160.714305	2.92E-01
-7136.685062	2.92E-01
-7112.65582	2.92E-01
-7088.626577	2.92E-01
-7064.597334	2.92E-01
-7040.568092	2.92E-01
-7016.538849	2.92E-01
-6992.509607	2.92E-01
-6968.480364	2.92E-01
-6944.451121	2.92E-01
-6920.421879	2.92E-01
-6896.392636	2.92E-01
-6872.363393	2.92E-01
-6848.334151	2.93E-01
-6824.304908	2.93E-01
-6800.275666	2.93E-01
-6776.246423	2.93E-01
-6752.21718	2.93E-01
-6728.187938	2.93E-01
-6704.158695	2.93E-01
-6680.129452	2.93E-01
-6656.10021	2.93E-01
-6632.070967	2.93E-01
-6608.041724	2.93E-01
-6584.012482	2.93E-01
-6559.983239	2.93E-01
-6535.953997	2.93E-01
-6511.924754	2.93E-01
-6487.895511	2.93E-01
-6463.866269	2.93E-01
-6439.837026	2.93E-01
-6415.807783	2.93E-01
-6391.778541	2.93E-01
-6367.749298	2.93E-01
-6343.720055	2.93E-01
-6319.690813	2.93E-01
-6295.66157	2.93E-01
-6271.632328	2.93E-01
-6247.603085	2.93E-01
-6223.573842	2.93E-01
-6199.5446	2.93E-01
-6175.515357	2.93E-01
-6151.486114	2.94E-01
-6127.456872	2.94E-01
-6103.427629	2.94E-01
-6079.398386	2.94E-01
-6055.369144	2.94E-01
-6031.339901	2.94E-01
-6007.310659	2.94E-01
-5983.281416	2.94E-01
-5959.252173	2.94E-01
-5935.222931	2.94E-01
-5911.193688	2.94E-01
-5887.164445	2.94E-01
-5863.135203	2.94E-01
-5839.10596	2.94E-01
-5815.076717	2.94E-01
-5791.047475	2.94E-01
-5767.018232	2.94E-01
-5742.98899	2.94E-01
-5718.959747	2.94E-01
-5694.930504	2.94E-01
-5670.901262	2.94E-01
-5646.872019	2.94E-01
-5622.842776	2.95E-01
-5598.813534	2.95E-01
-5574.784291	2.95E-01
-5550.755049	2.95E-01
-5526.725806	2.95E-01
-5502.696563	2.95E-01
-5478.667321	2.95E-01
-5454.638078	2.95E-01
-5430.608835	2.95E-01
-5406.579593	2.95E-01
-5382.55035	2.95E-01
-5358.521107	2.95E-01
-5334.491865	2.95E-01
-5310.462622	2.95E-01
-5286.43338	2.95E-01
-5262.404137	2.95E-01
-5238.374894	2.95E-01
-5214.345652	2.95E-01
-5190.316409	2.95E-01
-5166.287166	2.95E-01
-5142.257924	2.95E-01
-5118.228681	2.95E-01
-5094.199438	2.95E-01
-5070.170196	2.96E-01
-5046.140953	2.96E-01
-5022.111711	2.96E-01
-4998.082468	2.96E-01
-4974.053225	2.96E-01
-4950.023983	2.96E-01
-4925.99474	2.96E-01
-4901.965497	2.96E-01
-4877.936255	2.96E-01
-4853.907012	2.96E-01
-4829.877769	2.96E-01
-4805.848527	2.96E-01
-4781.819284	2.96E-01
-4757.790042	2.96E-01
-4733.760799	2.96E-01
-4709.731556	2.96E-01
-4685.702314	2.96E-01
-4661.673071	2.96E-01
-4637.643828	2.96E-01
-4613.614586	2.97E-01
-4589.585343	2.97E-01
-4565.556101	2.97E-01
-4541.526858	2.97E-01
-4517.497615	2.97E-01
-4493.468373	2.97E-01
-4469.43913	2.97E-01
-4445.409887	2.97E-01
-4421.380645	2.97E-01
-4397.351402	2.97E-01
-4373.322159	2.97E-01
-4349.292917	2.97E-01
-4325.263674	2.97E-01
-4301.234432	2.97E-01
-4277.205189	2.97E-01
-4253.175946	2.97E-01
-4229.146704	2.97E-01
-4205.117461	2.97E-01
-4181.088218	2.97E-01
-4157.058976	2.97E-01
-4133.029733	2.97E-01
-4109.00049	2.97E-01
-4084.971248	2.97E-01
-4060.942005	2.97E-01
-4036.912763	2.97E-01
-4012.88352	2.97E-01
-3988.854277	2.97E-01
-3964.825035	2.97E-01
-3940.795792	2.97E-01
-3916.766549	2.97E-01
-3892.737307	2.97E-01
-3868.708064	2.97E-01
-3844.678821	2.97E-01
-3820.649579	2.97E-01
-3796.620336	2.97E-01
-3772.591094	2.97E-01
-3748.561851	2.97E-01
-3724.532608	2.97E-01
-3700.503366	2.97E-01
-3676.474123	2.97E-01
-3652.44488	2.97E-01
-3628.415638	2.98E-01
-3604.386395	2.98E-01
-3580.357153	2.98E-01
-3556.32791	2.98E-01
-3532.298667	2.98E-01
-3508.269425	2.98E-01
-3484.240182	2.98E-01
-3460.210939	2.98E-01
-3436.181697	2.98E-01
-3412.152454	2.98E-01
-3388.123211	2.98E-01
-3364.093969	2.98E-01
-3340.064726	2.98E-01
-3316.035484	2.98E-01
-3292.006241	2.98E-01
-3267.976998	2.98E-01
-3243.947756	2.98E-01
-3219.918513	2.98E-01
-3195.88927	2.98E-01
-3171.860028	2.98E-01
-3147.830785	2.98E-01
-3123.801542	2.98E-01
-3099.7723	2.98E-01
-3075.743057	2.98E-01
-3051.713815	2.98E-01
-3027.684572	2.98E-01
-3003.655329	2.98E-01
-2979.626087	2.98E-01
-2955.596844	2.98E-01
-2931.567601	2.98E-01
-2907.538359	2.98E-01
-2883.509116	2.98E-01
-2859.479873	2.98E-01
-2835.450631	2.98E-01
-2811.421388	2.98E-01
-2787.392146	2.98E-01
-2763.362903	2.98E-01
-2739.33366	2.98E-01
-2715.304418	2.98E-01
-2691.275175	2.98E-01
-2667.245932	2.99E-01
-2643.21669	2.99E-01
-2619.187447	2.99E-01
-2595.158205	2.99E-01
-2571.128962	2.99E-01
-2547.099719	2.99E-01
-2523.070477	2.99E-01
-2499.041234	2.99E-01
-2475.011991	2.99E-01
-2450.982749	2.99E-01
-2426.953506	2.99E-01
-2402.924263	2.99E-01
-2378.895021	2.99E-01
-2354.865778	2.99E-01
-2330.836536	2.99E-01
-2306.807293	2.99E-01
-2282.77805	2.99E-01
-2258.748808	2.99E-01
-2234.719565	2.99E-01
-2210.690322	2.99E-01
-2186.66108	2.99E-01
-2162.631837	2.99E-01
-2138.602594	2.99E-01
-2114.573352	2.99E-01
-2090.544109	2.99E-01
-2066.514867	2.99E-01
-2042.485624	2.99E-01
-2018.456381	2.99E-01
-1994.427139	2.99E-01
-1970.397896	2.99E-01
-1946.368653	2.99E-01
-1922.339411	2.99E-01
-1898.310168	2.99E-01
-1874.280925	2.99E-01
-1850.251683	2.99E-01
-1826.22244	2.99E-01
-1802.193198	2.99E-01
-1778.163955	2.99E-01
-1754.134712	2.99E-01
-1730.10547	2.99E-01
-1706.076227	2.99E-01
-1682.046984	2.99E-01
-1658.017742	2.99E-01
-1633.988499	2.99E-01
-1609.959256	2.99E-01
-1585.930014	2.99E-01
-1561.900771	2.99E-01
-1537.871529	2.99E-01
-1513.842286	2.99E-01
-1489.813043	2.99E-01
-1465.783801	2.99E-01
-1441.754558	2.99E-01
-1417.725315	2.99E-01
-1393.696073	2.99E-01
-1369.66683	2.99E-01
-1345.637588	2.99E-01
-1321.608345	2.99E-01
-1297.579102	2.99E-01
-1273.54986	2.99E-01
-1249.520617	2.99E-01
-1225.491374	2.99E-01
-1201.462132	2.99E-01
-1177.432889	2.99E-01
-1153.403646	2.99E-01
-1129.374404	2.99E-01
-1105.345161	2.99E-01
-1081.315919	2.99E-01
-1057.286676	2.99E-01
-1033.257433	2.99E-01
-1009.228191	2.99E-01
-985.198948	2.99E-01
-961.169705	2.99E-01
-937.140463	2.99E-01
-913.11122	2.99E-01
-889.081977	2.99E-01
-865.052735	2.99E-01
-841.023492	2.99E-01
-816.99425	2.99E-01
-792.965007	2.99E-01
-768.935764	2.99E-01
-744.906522	2.99E-01
-720.877279	2.99E-01
-696.848036	2.99E-01
-672.818794	2.99E-01
-648.789551	2.99E-01
-624.760308	2.99E-01
-600.731066	2.99E-01
-576.701823	2.99E-01
-552.672581	2.99E-01
-528.643338	2.99E-01
-504.614095	2.99E-01
-480.584853	2.99E-01
-456.55561	2.99E-01
-432.526367	2.99E-01
-408.497125	2.99E-01
-384.467882	2.99E-01
-360.43864	2.99E-01
-336.409397	2.99E-01
-312.380154	2.99E-01
-288.350912	2.99E-01
-264.321669	2.99E-01
-240.292426	2.99E-01
-216.263184	2.99E-01
-192.233941	2.99E-01
-168.204698	2.99E-01
-144.175456	2.99E-01
-120.146213	2.99E-01
-96.116971	2.99E-01
-72.087728	2.99E-01
-48.058485	2.99E-01
-24.029243	2.99E-01
0	2.99E-01
24.029243	2.99E-01
48.058485	2.99E-01
72.087728	2.99E-01
96.116971	2.99E-01
120.146213	2.99E-01
144.175456	2.99E-01
168.204698	2.99E-01
192.233941	2.99E-01
216.263184	2.99E-01
240.292426	2.99E-01
264.321669	2.99E-01
288.350912	2.99E-01
312.380154	2.99E-01
336.409397	2.99E-01
360.43864	2.99E-01
384.467882	2.99E-01
408.497125	2.99E-01
432.526367	2.99E-01
456.55561	2.99E-01
480.584853	2.99E-01
504.614095	2.99E-01
528.643338	2.99E-01
552.672581	2.99E-01
576.701823	2.99E-01
600.731066	2.99E-01
624.760308	2.99E-01
648.789551	2.99E-01
672.818794	2.99E-01
696.848036	2.99E-01
720.877279	2.99E-01
744.906522	2.99E-01
768.935764	2.99E-01
792.965007	2.99E-01
816.99425	2.99E-01
841.023492	2.99E-01
865.052735	2.99E-01
889.081977	2.99E-01
913.11122	2.99E-01
937.140463	2.99E-01
961.169705	2.99E-01
985.198948	2.99E-01
1009.228191	2.99E-01
1033.257433	2.99E-01
1057.286676	2.99E-01
1081.315919	2.99E-01
1105.345161	2.99E-01
1129.374404	2.99E-01
1153.403646	2.99E-01
1177.432889	2.99E-01
1201.462132	2.99E-01
1225.491374	2.99E-01
1249.520617	2.99E-01
1273.54986	2.99E-01
1297.579102	2.99E-01
1321.608345	2.99E-01
1345.637588	2.99E-01
1369.66683	2.99E-01
1393.696073	2.99E-01
1417.725315	2.99E-01
1441.754558	2.99E-01
1465.783801	2.99E-01
1489.813043	2.99E-01
1513.842286	2.99E-01
1537.871529	2.99E-01
1561.900771	2.99E-01
1585.930014	2.99E-01
1609.959256	2.99E-01
1633.988499	2.99E-01
1658.017742	2.99E-01
1682.046984	2.99E-01
1706.076227	2.99E-01
1730.10547	2.99E-01
1754.134712	2.99E-01
1778.163955	2.99E-01
1802.193198	2.99E-01
1826.22244	2.99E-01
1850.251683	2.98E-01
1874.280925	2.98E-01
1898.310168	2.98E-01
1922.339411	2.98E-01
1946.368653	2.98E-01
1970.397896	2.98E-01
1994.427139	2.98E-01
2018.456381	2.98E-01
2042.485624	2.98E-01
2066.514867	2.98E-01
2090.544109	2.98E-01
2114.573352	2.98E-01
2138.602594	2.98E-01
2162.631837	2.98E-01
2186.66108	2.98E-01
2210.690322	2.98E-01
2234.719565	2.98E-01
2258.748808	2.98E-01
2282.77805	2.98E-01
2306.807293	2.98E-01
2330.836536	2.98E-01
2354.865778	2.98E-01
2378.895021	2.98E-01
2402.924263	2.98E-01
2426.953506	2.98E-01
2450.982749	2.98E-01
2475.011991	2.98E-01
2499.041234	2.98E-01
2523.070477	2.98E-01
2547.099719	2.98E-01
2571.128962	2.98E-01
2595.158205	2.98E-01
2619.187447	2.98E-01
2643.21669	2.98E-01
2667.245932	2.98E-01
2691.275175	2.98E-01
2715.304418	2.98E-01
2739.33366	2.98E-01
2763.362903	2.98E-01
2787.392146	2.98E-01
2811.421388	2.98E-01
2835.450631	2.98E-01
2859.479873	2.98E-01
2883.509116	2.98E-01
2907.538359	2.98E-01
2931.567601	2.98E-01
2955.596844	2.98E-01
2979.626087	2.98E-01
3003.655329	2.98E-01
3027.684572	2.98E-01
3051.713815	2.97E-01
3075.743057	2.97E-01
3099.7723	2.97E-01
3123.801542	2.97E-01
3147.830785	2.97E-01
3171.860028	2.97E-01
3195.88927	2.97E-01
3219.918513	2.97E-01
3243.947756	2.97E-01
3267.976998	2.97E-01
3292.006241	2.97E-01
3316.035484	2.97E-01
3340.064726	2.97E-01
3364.093969	2.97E-01
3388.123211	2.97E-01
3412.152454	2.97E-01
3436.181697	2.97E-01
3460.210939	2.97E-01
3484.240182	2.97E-01
3508.269425	2.97E-01
3532.298667	2.97E-01
3556.32791	2.97E-01
3580.357153	2.97E-01
3604.386395	2.97E-01
3628.415638	2.97E-01
3652.44488	2.96E-01
3676.474123	2.96E-01
3700.503366	2.96E-01
3724.532608	2.96E-01
3748.561851	2.96E-01
3772.591094	2.96E-01
3796.620336	2.96E-01
3820.649579	2.96E-01
3844.678821	2.96E-01
3868.708064	2.96E-01
3892.737307	2.96E-01
3916.766549	2.96E-01
3940.795792	2.96E-01
3964.825035	2.96E-01
3988.854277	2.96E-01
4012.88352	2.95E-01
4036.912763	2.95E-01
4060.942005	2.95E-01
4084.971248	2.95E-01
4109.00049	2.95E-01
4133.029733	2.95E-01
4157.058976	2.95E-01
4181.088218	2.95E-01
4205.117461	2.95E-01
4229.146704	2.95E-01
4253.175946	2.95E-01
4277.205189	2.95E-01
4301.234432	2.95E-01
4325.263674	2.95E-01
4349.292917	2.95E-01
4373.322159	2.95E-01
4397.351402	2.95E-01
4421.380645	2.95E-01
4445.409887	2.94E-01
4469.43913	2.94E-01
4493.468373	2.94E-01
4517.497615	2.94E-01
4541.526858	2.94E-01
4565.556101	2.94E-01
4589.585343	2.94E-01
4613.614586	2.94E-01
4637.643828	2.94E-01
4661.673071	2.94E-01
4685.702314	2.94E-01
4709.731556	2.94E-01
4733.760799	2.94E-01
4757.790042	2.94E-01
4781.819284	2.94E-01
4805.848527	2.93E-01
4829.877769	2.93E-01
4853.907012	2.93E-01
4877.936255	2.93E-01
4901.965497	2.93E-01
4925.99474	2.93E-01
4950.023983	2.93E-01
4974.053225	2.93E-01
4998.082468	2.93E-01
5022.111711	2.93E-01
5046.140953	2.93E-01
5070.170196	2.93E-01
5094.199438	2.93E-01
5118.228681	2.93E-01
5142.257924	2.93E-01
5166.287166	2.93E-01
5190.316409	2.93E-01
5214.345652	2.93E-01
5238.374894	2.93E-01
5262.404137	2.93E-01
5286.43338	2.93E-01
5310.462622	2.92E-01
5334.491865	2.92E-01
5358.521107	2.92E-01
5382.55035	2.92E-01
5406.579593	2.92E-01
5430.608835	2.92E-01
5454.638078	2.92E-01
5478.667321	2.92E-01
5502.696563	2.92E-01
5526.725806	2.92E-01
5550.755049	2.92E-01
5574.784291	2.92E-01
5598.813534	2.92E-01
5622.842776	2.91E-01
5646.872019	2.91E-01
5670.901262	2.91E-01
5694.930504	2.91E-01
5718.959747	2.91E-01
5742.98899	2.91E-01
5767.018232	2.91E-01
5791.047475	2.91E-01
5815.076717	2.91E-01
5839.10596	2.91E-01
5863.135203	2.91E-01
5887.164445	2.91E-01
5911.193688	2.91E-01
5935.222931	2.91E-01
5959.252173	2.91E-01
5983.281416	2.91E-01
6007.310659	2.90E-01
6031.339901	2.90E-01
6055.369144	2.90E-01
6079.398386	2.90E-01
6103.427629	2.90E-01
6127.456872	2.90E-01
6151.486114	2.90E-01
6175.515357	2.90E-01
6199.5446	2.90E-01
6223.573842	2.90E-01
6247.603085	2.90E-01
6271.632328	2.90E-01
6295.66157	2.89E-01
6319.690813	2.89E-01
6343.720055	2.89E-01
6367.749298	2.89E-01
6391.778541	2.89E-01
6415.807783	2.89E-01
6439.837026	2.89E-01
6463.866269	2.89E-01
6487.895511	2.89E-01
6511.924754	2.89E-01
6535.953997	2.89E-01
6559.983239	2.89E-01
6584.012482	2.89E-01
6608.041724	2.89E-01
6632.070967	2.88E-01
6656.10021	2.88E-01
6680.129452	2.88E-01
6704.158695	2.88E-01
6728.187938	2.88E-01
6752.21718	2.88E-01
6776.246423	2.88E-01
6800.275666	2.88E-01
6824.304908	2.88E-01
6848.334151	2.88E-01
6872.363393	2.88E-01
6896.392636	2.88E-01
6920.421879	2.87E-01
6944.451121	2.87E-01
6968.480364	2.87E-01
6992.509607	2.87E-01
7016.538849	2.87E-01
7040.568092	2.87E-01
7064.597334	2.87E-01
7088.626577	2.87E-01
7112.65582	2.87E-01
7136.685062	2.86E-01
7160.714305	2.86E-01
7184.743548	2.86E-01
7208.77279	2.86E-01
7232.802033	2.86E-01
7256.831276	2.86E-01
7280.860518	2.86E-01
7304.889761	2.86E-01
7328.919003	2.86E-01
7352.948246	2.85E-01
7376.977489	2.85E-01
7401.006731	2.85E-01
7425.035974	2.85E-01
7449.065217	2.85E-01
7473.094459	2.85E-01
7497.123702	2.85E-01
7521.152945	2.85E-01
7545.182187	2.85E-01
7569.21143	2.85E-01
7593.240672	2.84E-01
7617.269915	2.84E-01
7641.299158	2.84E-01
7665.3284	2.84E-01
7689.357643	2.84E-01
7713.386886	2.84E-01
7737.416128	2.83E-01
7761.445371	2.83E-01
7785.474614	2.83E-01
7809.503856	2.83E-01
7833.533099	2.83E-01
7857.562341	2.83E-01
7881.591584	2.83E-01
7905.620827	2.82E-01
7929.650069	2.82E-01
7953.679312	2.82E-01
7977.708555	2.82E-01
8001.737797	2.82E-01
8025.76704	2.82E-01
8049.796282	2.82E-01
8073.825525	2.81E-01
8097.854768	2.81E-01
8121.88401	2.81E-01
8145.913253	2.81E-01
8169.942496	2.81E-01
8193.971738	2.81E-01
8218.000981	2.81E-01
8242.030224	2.81E-01
8266.059466	2.81E-01
8290.088709	2.81E-01
8314.117951	2.81E-01
8338.147194	2.80E-01
8362.176437	2.80E-01
8386.205679	2.80E-01
8410.234922	2.80E-01
8434.264165	2.80E-01
8458.293407	2.80E-01
8482.32265	2.80E-01
8506.351893	2.80E-01
8530.381135	2.80E-01
8554.410378	2.80E-01
8578.43962	2.80E-01
8602.468863	2.79E-01
8626.498106	2.79E-01
8650.527348	2.79E-01
8674.556591	2.79E-01
8698.585834	2.79E-01
8722.615076	2.79E-01
8746.644319	2.79E-01
8770.673562	2.79E-01
8794.702804	2.79E-01
8818.732047	2.79E-01
8842.761289	2.78E-01
8866.790532	2.78E-01
8890.819775	2.78E-01
8914.849017	2.78E-01
8938.87826	2.78E-01
8962.907503	2.78E-01
8986.936745	2.78E-01
9010.965988	2.78E-01
9034.99523	2.78E-01
9059.024473	2.78E-01
9083.053716	2.77E-01
9107.082958	2.77E-01
9131.112201	2.77E-01
9155.141444	2.77E-01
9179.170686	2.77E-01
9203.199929	2.77E-01
9227.229172	2.77E-01
9251.258414	2.77E-01
9275.287657	2.77E-01
9299.316899	2.76E-01
9323.346142	2.76E-01
9347.375385	2.76E-01
9371.404627	2.76E-01
9395.43387	2.76E-01
9419.463113	2.76E-01
9443.492355	2.75E-01
9467.521598	2.75E-01
9491.550841	2.75E-01
9515.580083	2.75E-01
9539.609326	2.75E-01
9563.638568	2.75E-01
9587.667811	2.74E-01
9611.697054	2.74E-01
9635.726296	2.74E-01
9659.755539	2.74E-01
9683.784782	2.74E-01
9707.814024	2.74E-01
9731.843267	2.74E-01
9755.87251	2.74E-01
9779.901752	2.74E-01
9803.930995	2.73E-01
9827.960237	2.73E-01
9851.98948	2.73E-01
9876.018723	2.73E-01
9900.047965	2.72E-01
9924.077208	2.72E-01
9948.106451	2.71E-01
9972.135693	2.71E-01
9996.164936	2.71E-01
10020.19418	2.71E-01
10044.22342	2.71E-01
10068.25266	2.71E-01
10092.28191	2.71E-01
10116.31115	2.70E-01
10140.34039	2.69E-01
10164.36963	2.69E-01
10188.39888	2.69E-01
10212.42812	2.69E-01
10236.45736	2.69E-01
10260.48661	2.69E-01
10284.51585	2.69E-01
10308.54509	2.69E-01
10332.57433	2.69E-01
10356.60358	2.68E-01
10380.63282	2.68E-01
10404.66206	2.68E-01
10428.6913	2.68E-01
10452.72055	2.67E-01
10476.74979	2.67E-01
10500.77903	2.66E-01
10524.80827	2.66E-01
10548.83752	2.66E-01
10572.86676	2.66E-01
10596.896	2.66E-01
10620.92524	2.66E-01
10644.95449	2.66E-01
10668.98373	2.66E-01
10693.01297	2.66E-01
10717.04222	2.65E-01
10741.07146	2.65E-01
10765.1007	2.65E-01
10789.12994	2.65E-01
10813.15919	2.65E-01
10837.18843	2.64E-01
10861.21767	2.64E-01
10885.24691	2.64E-01
10909.27616	2.63E-01
10933.3054	2.63E-01
10957.33464	2.63E-01
10981.36388	2.63E-01
11005.39313	2.63E-01
11029.42237	2.62E-01
11053.45161	2.62E-01
11077.48085	2.62E-01
11101.5101	2.62E-01
11125.53934	2.62E-01
11149.56858	2.62E-01
11173.59783	2.61E-01
11197.62707	2.61E-01
11221.65631	2.61E-01
11245.68555	2.61E-01
11269.7148	2.61E-01
11293.74404	2.61E-01
11317.77328	2.61E-01
11341.80252	2.60E-01
11365.83177	2.59E-01
11389.86101	2.59E-01
11413.89025	2.58E-01
11437.91949	2.58E-01
11461.94874	2.58E-01
11485.97798	2.57E-01
11510.00722	2.57E-01
11534.03646	2.57E-01
11558.06571	2.56E-01
11582.09495	2.56E-01
11606.12419	2.56E-01
11630.15344	2.56E-01
11654.18268	2.55E-01
11678.21192	2.55E-01
11702.24116	2.55E-01
11726.27041	2.55E-01
11750.29965	2.54E-01
11774.32889	2.54E-01
11798.35813	2.54E-01
11822.38738	2.54E-01
11846.41662	2.54E-01
11870.44586	2.54E-01
11894.4751	2.53E-01
11918.50435	2.53E-01
11942.53359	2.53E-01
11966.56283	2.53E-01
11990.59208	2.52E-01
12014.62132	2.52E-01
12038.65056	2.52E-01
12062.6798	2.52E-01
12086.70905	2.51E-01
12110.73829	2.51E-01
12134.76753	2.50E-01
12158.79677	2.50E-01
12182.82602	2.50E-01
12206.85526	2.50E-01
12230.8845	2.50E-01
12254.91374	2.50E-01
12278.94299	2.50E-01
12302.97223	2.49E-01
12327.00147	2.49E-01
12351.03071	2.49E-01
12375.05996	2.49E-01
12399.0892	2.48E-01
12423.11844	2.48E-01
12447.14769	2.48E-01
12471.17693	2.48E-01
12495.20617	2.48E-01
12519.23541	2.48E-01
12543.26466	2.47E-01
12567.2939	2.47E-01
12591.32314	2.46E-01
12615.35238	2.46E-01
12639.38163	2.46E-01
12663.41087	2.46E-01
12687.44011	2.45E-01
12711.46935	2.45E-01
12735.4986	2.45E-01
12759.52784	2.44E-01
12783.55708	2.44E-01
12807.58632	2.43E-01
12831.61557	2.43E-01
12855.64481	2.43E-01
12879.67405	2.43E-01
12903.7033	2.42E-01
12927.73254	2.42E-01
12951.76178	2.41E-01
12975.79102	2.41E-01
12999.82027	2.41E-01
13023.84951	2.40E-01
13047.87875	2.40E-01
13071.90799	2.39E-01
13095.93724	2.39E-01
13119.96648	2.39E-01
13143.99572	2.38E-01
13168.02496	2.38E-01
13192.05421	2.37E-01
13216.08345	2.37E-01
13240.11269	2.37E-01
13264.14193	2.37E-01
13288.17118	2.37E-01
13312.20042	2.37E-01
13336.22966	2.37E-01
13360.25891	2.37E-01
13384.28815	2.37E-01
13408.31739	2.37E-01
13432.34663	2.37E-01
13456.37588	2.36E-01
13480.40512	2.36E-01
13504.43436	2.36E-01
13528.4636	2.36E-01
13552.49285	2.36E-01
13576.52209	2.35E-01
13600.55133	2.35E-01
13624.58057	2.35E-01
13648.60982	2.35E-01
13672.63906	2.35E-01
13696.6683	2.35E-01
13720.69754	2.35E-01
13744.72679	2.35E-01
13768.75603	2.35E-01
13792.78527	2.35E-01
13816.81452	2.34E-01
13840.84376	2.34E-01
13864.873	2.34E-01
13888.90224	2.34E-01
13912.93149	2.34E-01
13936.96073	2.34E-01
13960.98997	2.34E-01
13985.01921	2.34E-01
14009.04846	2.34E-01
14033.0777	2.34E-01
14057.10694	2.34E-01
14081.13618	2.33E-01
14105.16543	2.33E-01
14129.19467	2.33E-01
14153.22391	2.33E-01
14177.25315	2.32E-01
14201.2824	2.32E-01
14225.31164	2.32E-01
14249.34088	2.32E-01
14273.37013	2.32E-01
14297.39937	2.32E-01
14321.42861	2.31E-01
14345.45785	2.31E-01
14369.4871	2.31E-01
14393.51634	2.31E-01
14417.54558	2.31E-01
14441.57482	2.30E-01
14465.60407	2.30E-01
14489.63331	2.30E-01
14513.66255	2.30E-01
14537.69179	2.30E-01
14561.72104	2.30E-01
14585.75028	2.30E-01
14609.77952	2.30E-01
14633.80876	2.30E-01
14657.83801	2.29E-01
14681.86725	2.29E-01
14705.89649	2.29E-01
14729.92574	2.29E-01
14753.95498	2.29E-01
14777.98422	2.29E-01
14802.01346	2.28E-01
14826.04271	2.28E-01
14850.07195	2.28E-01
14874.10119	2.28E-01
14898.13043	2.28E-01
14922.15968	2.27E-01
14946.18892	2.27E-01
14970.21816	2.27E-01
14994.2474	2.27E-01
15018.27665	2.27E-01
15042.30589	2.27E-01
15066.33513	2.27E-01
15090.36437	2.27E-01
15114.39362	2.26E-01
15138.42286	2.26E-01
15162.4521	2.26E-01
15186.48135	2.26E-01
15210.51059	2.26E-01
15234.53983	2.26E-01
15258.56907	2.26E-01
15282.59832	2.25E-01
15306.62756	2.25E-01
15330.6568	2.24E-01
15354.68604	2.24E-01
15378.71529	2.24E-01
15402.74453	2.24E-01
15426.77377	2.23E-01
15450.80301	2.23E-01
15474.83226	2.23E-01
15498.8615	2.23E-01
15522.89074	2.23E-01
15546.91998	2.22E-01
15570.94923	2.22E-01
15594.97847	2.22E-01
15619.00771	2.22E-01
15643.03696	2.22E-01
15667.0662	2.22E-01
15691.09544	2.22E-01
15715.12468	2.21E-01
15739.15393	2.21E-01
15763.18317	2.21E-01
15787.21241	2.21E-01
15811.24165	2.21E-01
15835.2709	2.21E-01
15859.30014	2.20E-01
15883.32938	2.20E-01
15907.35862	2.20E-01
15931.38787	2.20E-01
15955.41711	2.19E-01
15979.44635	2.19E-01
16003.47559	2.19E-01
16027.50484	2.19E-01
16051.53408	2.19E-01
16075.56332	2.19E-01
16099.59257	2.19E-01
16123.62181	2.19E-01
16147.65105	2.18E-01
16171.68029	2.18E-01
16195.70954	2.18E-01
16219.73878	2.18E-01
16243.76802	2.18E-01
16267.79726	2.18E-01
16291.82651	2.18E-01
16315.85575	2.18E-01
16339.88499	2.18E-01
16363.91423	2.17E-01
16387.94348	2.17E-01
16411.97272	2.17E-01
16436.00196	2.17E-01
16460.0312	2.17E-01
16484.06045	2.17E-01
16508.08969	2.17E-01
16532.11893	2.17E-01
16556.14818	2.17E-01
16580.17742	2.17E-01
16604.20666	2.17E-01
16628.2359	2.17E-01
16652.26515	2.16E-01
16676.29439	2.16E-01
16700.32363	2.16E-01
16724.35287	2.16E-01
16748.38212	2.16E-01
16772.41136	2.16E-01
16796.4406	2.15E-01
16820.46984	2.15E-01
16844.49909	2.15E-01
16868.52833	2.15E-01
16892.55757	2.15E-01
16916.58682	2.14E-01
16940.61606	2.14E-01
16964.6453	2.14E-01
16988.67454	2.14E-01
17012.70379	2.14E-01
17036.73303	2.14E-01
17060.76227	2.14E-01
17084.79151	2.13E-01
17108.82076	2.13E-01
17132.85	2.13E-01
17156.87924	2.13E-01
17180.90848	2.13E-01
17204.93773	2.13E-01
17228.96697	2.13E-01
17252.99621	2.12E-01
17277.02545	2.12E-01
17301.0547	2.12E-01
17325.08394	2.12E-01
17349.11318	2.12E-01
17373.14243	2.12E-01
17397.17167	2.11E-01
17421.20091	2.11E-01
17445.23015	2.11E-01
17469.2594	2.11E-01
17493.28864	2.11E-01
17517.31788	2.11E-01
17541.34712	2.10E-01
17565.37637	2.10E-01
17589.40561	2.10E-01
17613.43485	2.10E-01
17637.46409	2.10E-01
17661.49334	2.10E-01
17685.52258	2.10E-01
17709.55182	2.09E-01
17733.58106	2.09E-01
17757.61031	2.08E-01
17781.63955	2.08E-01
17805.66879	2.08E-01
17829.69804	2.08E-01
17853.72728	2.08E-01
17877.75652	2.08E-01
17901.78576	2.08E-01
17925.81501	2.08E-01
17949.84425	2.07E-01
17973.87349	2.07E-01
17997.90273	2.07E-01
18021.93198	2.07E-01
18045.96122	2.07E-01
18069.99046	2.06E-01
18094.0197	2.06E-01
18118.04895	2.06E-01
18142.07819	2.06E-01
18166.10743	2.05E-01
18190.13667	2.05E-01
18214.16592	2.05E-01
18238.19516	2.05E-01
18262.2244	2.04E-01
18286.25365	2.04E-01
18310.28289	2.04E-01
18334.31213	2.03E-01
18358.34137	2.03E-01
18382.37062	2.03E-01
18406.39986	2.03E-01
18430.4291	2.03E-01
18454.45834	2.03E-01
18478.48759	2.03E-01
18502.51683	2.03E-01
18526.54607	2.03E-01
18550.57531	2.02E-01
18574.60456	2.02E-01
18598.6338	2.02E-01
18622.66304	2.02E-01
18646.69228	2.02E-01
18670.72153	2.01E-01
18694.75077	2.01E-01
18718.78001	2.01E-01
18742.80926	2.01E-01
18766.8385	2.01E-01
18790.86774	2.00E-01
18814.89698	2.00E-01
18838.92623	2.00E-01
18862.95547	1.99E-01
18886.98471	1.99E-01
18911.01395	1.99E-01
18935.0432	1.99E-01
18959.07244	1.99E-01
18983.10168	1.99E-01
19007.13092	1.99E-01
19031.16017	1.99E-01
19055.18941	1.98E-01
19079.21865	1.98E-01
19103.24789	1.97E-01
19127.27714	1.97E-01
19151.30638	1.97E-01
19175.33562	1.97E-01
19199.36487	1.96E-01
19223.39411	1.96E-01
19247.42335	1.96E-01
19271.45259	1.96E-01
19295.48184	1.95E-01
19319.51108	1.95E-01
19343.54032	1.95E-01
19367.56956	1.95E-01
19391.59881	1.95E-01
19415.62805	1.95E-01
19439.65729	1.95E-01
19463.68653	1.94E-01
19487.71578	1.94E-01
19511.74502	1.93E-01
19535.77426	1.93E-01
19559.8035	1.93E-01
19583.83275	1.92E-01
19607.86199	1.92E-01
19631.89123	1.92E-01
19655.92048	1.92E-01
19679.94972	1.91E-01
19703.97896	1.91E-01
19728.0082	1.91E-01
19752.03745	1.91E-01
19776.06669	1.91E-01
19800.09593	1.90E-01
19824.12517	1.90E-01
19848.15442	1.90E-01
19872.18366	1.89E-01
19896.2129	1.87E-01
19920.24214	1.87E-01
19944.27139	1.86E-01
19968.30063	1.86E-01
19992.32987	1.85E-01
20016.35911	1.85E-01
20040.38836	1.84E-01
20064.4176	1.84E-01
20088.44684	1.84E-01
20112.47609	1.84E-01
20136.50533	1.84E-01
20160.53457	1.83E-01
20184.56381	1.83E-01
20208.59306	1.83E-01
20232.6223	1.83E-01
20256.65154	1.83E-01
20280.68078	1.82E-01
20304.71003	1.81E-01
20328.73927	1.81E-01
20352.76851	1.81E-01
20376.79775	1.81E-01
20400.827	1.80E-01
20424.85624	1.80E-01
20448.88548	1.80E-01
20472.91472	1.80E-01
20496.94397	1.79E-01
20520.97321	1.79E-01
20545.00245	1.78E-01
20569.0317	1.78E-01
20593.06094	1.78E-01
20617.09018	1.78E-01
20641.11942	1.76E-01
20665.14867	1.76E-01
20689.17791	1.75E-01
20713.20715	1.75E-01
20737.23639	1.75E-01
20761.26564	1.75E-01
20785.29488	1.75E-01
20809.32412	1.75E-01
20833.35336	1.75E-01
20857.38261	1.74E-01
20881.41185	1.73E-01
20905.44109	1.72E-01
20929.47033	1.72E-01
20953.49958	1.72E-01
20977.52882	1.71E-01
21001.55806	1.70E-01
21025.58731	1.70E-01
21049.61655	1.69E-01
21073.64579	1.69E-01
21097.67503	1.69E-01
21121.70428	1.68E-01
21145.73352	1.68E-01
21169.76276	1.68E-01
21193.792	1.68E-01
21217.82125	1.68E-01
21241.85049	1.68E-01
21265.87973	1.67E-01
21289.90897	1.67E-01
21313.93822	1.67E-01
21337.96746	1.66E-01
21361.9967	1.66E-01
21386.02595	1.65E-01
21410.05519	1.65E-01
21434.08443	1.65E-01
21458.11367	1.65E-01
21482.14292	1.63E-01
21506.17216	1.63E-01
21530.2014	1.63E-01
21554.23064	1.63E-01
21578.25989	1.62E-01
21602.28913	1.62E-01
21626.31837	1.62E-01
21650.34761	1.62E-01
21674.37686	1.62E-01
21698.4061	1.61E-01
21722.43534	1.61E-01
21746.46458	1.61E-01
21770.49383	1.60E-01
21794.52307	1.60E-01
21818.55231	1.60E-01
21842.58156	1.59E-01
21866.6108	1.59E-01
21890.64004	1.59E-01
21914.66928	1.59E-01
21938.69853	1.58E-01
21962.72777	1.58E-01
21986.75701	1.58E-01
22010.78625	1.58E-01
22034.8155	1.57E-01
22058.84474	1.56E-01
22082.87398	1.56E-01
22106.90322	1.56E-01
22130.93247	1.55E-01
22154.96171	1.55E-01
22178.99095	1.53E-01
22203.02019	1.52E-01
22227.04944	1.50E-01
22251.07868	1.50E-01
22275.10792	1.50E-01
22299.13717	1.49E-01
22323.16641	1.48E-01
22347.19565	1.48E-01
22371.22489	1.47E-01
22395.25414	1.47E-01
22419.28338	1.45E-01
22443.31262	1.44E-01
22467.34186	1.43E-01
22491.37111	1.43E-01
22515.40035	1.43E-01
22539.42959	1.42E-01
22563.45883	1.42E-01
22587.48808	1.42E-01
22611.51732	1.41E-01
22635.54656	1.40E-01
22659.5758	1.40E-01
22683.60505	1.39E-01
22707.63429	1.39E-01
22731.66353	1.38E-01
22755.69278	1.36E-01
22779.72202	1.36E-01
22803.75126	1.35E-01
22827.7805	1.35E-01
22851.80975	1.34E-01
22875.83899	1.33E-01
22899.86823	1.33E-01
22923.89747	1.32E-01
22947.92672	1.31E-01
22971.95596	1.31E-01
22995.9852	1.31E-01
23020.01444	1.30E-01
23044.04369	1.30E-01
23068.07293	1.29E-01
23092.10217	1.29E-01
23116.13141	1.29E-01
23140.16066	1.28E-01
23164.1899	1.28E-01
23188.21914	1.28E-01
23212.24839	1.27E-01
23236.27763	1.27E-01
23260.30687	1.27E-01
23284.33611	1.27E-01
23308.36536	1.26E-01
23332.3946	1.26E-01
23356.42384	1.25E-01
23380.45308	1.25E-01
23404.48233	1.25E-01
23428.51157	1.24E-01
23452.54081	1.23E-01
23476.57005	1.23E-01
23500.5993	1.23E-01
23524.62854	1.23E-01
23548.65778	1.22E-01
23572.68702	1.22E-01
23596.71627	1.21E-01
23620.74551	1.21E-01
23644.77475	1.21E-01
23668.804	1.21E-01
23692.83324	1.21E-01
23716.86248	1.20E-01
23740.89172	1.20E-01
23764.92097	1.18E-01
23788.95021	1.18E-01
23812.97945	1.18E-01
23837.00869	1.17E-01
23861.03794	1.17E-01
23885.06718	1.16E-01
23909.09642	1.16E-01
23933.12566	1.16E-01
23957.15491	1.16E-01
23981.18415	1.15E-01
24005.21339	1.15E-01
24029.24263	1.15E-01
24053.27188	1.15E-01
24077.30112	1.15E-01
24101.33036	1.14E-01
24125.35961	1.14E-01
24149.38885	1.14E-01
24173.41809	1.13E-01
24197.44733	1.13E-01
24221.47658	1.13E-01
24245.50582	1.13E-01
24269.53506	1.12E-01
24293.5643	1.12E-01
24317.59355	1.12E-01
24341.62279	1.11E-01
24365.65203	1.11E-01
24389.68127	1.11E-01
24413.71052	1.11E-01
24437.73976	1.11E-01
24461.769	1.10E-01
24485.79824	1.10E-01
24509.82749	1.10E-01
24533.85673	1.09E-01
24557.88597	1.08E-01
24581.91522	1.08E-01
24605.94446	1.08E-01
24629.9737	1.07E-01
24654.00294	1.07E-01
24678.03219	1.07E-01
24702.06143	1.07E-01
24726.09067	1.06E-01
24750.11991	1.06E-01
24774.14916	1.06E-01
24798.1784	1.06E-01
24822.20764	1.05E-01
24846.23688	1.05E-01
24870.26613	1.05E-01
24894.29537	1.05E-01
24918.32461	1.05E-01
24942.35385	1.04E-01
24966.3831	1.04E-01
24990.41234	1.04E-01
25014.44158	1.03E-01
25038.47083	1.03E-01
25062.50007	1.03E-01
25086.52931	1.02E-01
25110.55855	1.02E-01
25134.5878	1.02E-01
25158.61704	1.02E-01
25182.64628	1.01E-01
25206.67552	1.01E-01
25230.70477	1.01E-01
25254.73401	1.01E-01
25278.76325	1.01E-01
25302.79249	1.01E-01
25326.82174	1.00E-01
25350.85098	1.00E-01
25374.88022	9.96E-02
25398.90946	9.95E-02
25422.93871	9.93E-02
25446.96795	9.91E-02
25470.99719	9.90E-02
25495.02644	9.88E-02
25519.05568	9.85E-02
25543.08492	9.84E-02
25567.11416	9.81E-02
25591.14341	9.75E-02
25615.17265	9.74E-02
25639.20189	9.72E-02
25663.23113	9.70E-02
25687.26038	9.65E-02
25711.28962	9.63E-02
25735.31886	9.61E-02
25759.3481	9.58E-02
25783.37735	9.57E-02
25807.40659	9.54E-02
25831.43583	9.49E-02
25855.46507	9.46E-02
25879.49432	9.41E-02
25903.52356	9.39E-02
25927.5528	9.39E-02
25951.58205	9.38E-02
25975.61129	9.37E-02
25999.64053	9.37E-02
26023.66977	9.36E-02
26047.69902	9.35E-02
26071.72826	9.33E-02
26095.7575	9.32E-02
26119.78674	9.30E-02
26143.81599	9.24E-02
26167.84523	9.22E-02
26191.87447	9.21E-02
26215.90371	9.19E-02
26239.93296	9.18E-02
26263.9622	9.12E-02
26287.99144	9.11E-02
26312.02069	9.10E-02
26336.04993	9.09E-02
26360.07917	9.07E-02
26384.10841	9.06E-02
26408.13766	9.04E-02
26432.1669	9.03E-02
26456.19614	8.97E-02
26480.22538	8.95E-02
26504.25463	8.94E-02
26528.28387	8.89E-02
26552.31311	8.87E-02
26576.34235	8.83E-02
26600.3716	8.78E-02
26624.40084	8.76E-02
26648.43008	8.73E-02
26672.45932	8.71E-02
26696.48857	8.70E-02
26720.51781	8.65E-02
26744.54705	8.64E-02
26768.5763	8.58E-02
26792.60554	8.54E-02
26816.63478	8.54E-02
26840.66402	8.51E-02
26864.69327	8.49E-02
26888.72251	8.49E-02
26912.75175	8.48E-02
26936.78099	8.44E-02
26960.81024	8.43E-02
26984.83948	8.42E-02
27008.86872	8.39E-02
27032.89796	8.35E-02
27056.92721	8.33E-02
27080.95645	8.33E-02
27104.98569	8.31E-02
27129.01493	8.29E-02
27153.04418	8.28E-02
27177.07342	8.28E-02
27201.10266	8.24E-02
27225.13191	8.24E-02
27249.16115	8.22E-02
27273.19039	8.21E-02
27297.21963	8.15E-02
27321.24888	8.12E-02
27345.27812	8.10E-02
27369.30736	8.09E-02
27393.3366	8.06E-02
27417.36585	7.96E-02
27441.39509	7.95E-02
27465.42433	7.91E-02
27489.45357	7.84E-02
27513.48282	7.79E-02
27537.51206	7.78E-02
27561.5413	7.77E-02
27585.57054	7.69E-02
27609.59979	7.65E-02
27633.62903	7.63E-02
27657.65827	7.54E-02
27681.68752	7.51E-02
27705.71676	7.42E-02
27729.746	7.41E-02
27753.77524	7.39E-02
27777.80449	7.38E-02
27801.83373	7.36E-02
27825.86297	7.34E-02
27849.89221	7.32E-02
27873.92146	7.30E-02
27897.9507	7.29E-02
27921.97994	7.26E-02
27946.00918	7.24E-02
27970.03843	7.24E-02
27994.06767	7.20E-02
28018.09691	7.14E-02
28042.12615	7.12E-02
28066.1554	7.11E-02
28090.18464	7.10E-02
28114.21388	7.09E-02
28138.24313	7.07E-02
28162.27237	7.06E-02
28186.30161	7.05E-02
28210.33085	7.02E-02
28234.3601	6.99E-02
28258.38934	6.97E-02
28282.41858	6.96E-02
28306.44782	6.95E-02
28330.47707	6.94E-02
28354.50631	6.93E-02
28378.53555	6.91E-02
28402.56479	6.89E-02
28426.59404	6.89E-02
28450.62328	6.88E-02
28474.65252	6.87E-02
28498.68176	6.86E-02
28522.71101	6.85E-02
28546.74025	6.84E-02
28570.76949	6.83E-02
28594.79874	6.80E-02
28618.82798	6.79E-02
28642.85722	6.78E-02
28666.88646	6.76E-02
28690.91571	6.76E-02
28714.94495	6.71E-02
28738.97419	6.69E-02
28763.00343	6.69E-02
28787.03268	6.68E-02
28811.06192	6.66E-02
28835.09116	6.66E-02
28859.1204	6.64E-02
28883.14965	6.63E-02
28907.17889	6.61E-02
28931.20813	6.59E-02
28955.23737	6.55E-02
28979.26662	6.54E-02
29003.29586	6.53E-02
29027.3251	6.51E-02
29051.35435	6.50E-02
29075.38359	6.49E-02
29099.41283	6.45E-02
29123.44207	6.44E-02
29147.47132	6.39E-02
29171.50056	6.37E-02
29195.5298	6.36E-02
29219.55904	6.35E-02
29243.58829	6.34E-02
29267.61753	6.33E-02
29291.64677	6.32E-02
29315.67601	6.31E-02
29339.70526	6.30E-02
29363.7345	6.29E-02
29387.76374	6.28E-02
29411.79298	6.27E-02
29435.82223	6.25E-02
29459.85147	6.24E-02
29483.88071	6.22E-02
29507.90996	6.20E-02
29531.9392	6.20E-02
29555.96844	6.18E-02
29579.99768	6.17E-02
29604.02693	6.17E-02
29628.05617	6.16E-02
29652.08541	6.13E-02
29676.11465	6.11E-02
29700.1439	6.11E-02
29724.17314	6.10E-02
29748.20238	6.08E-02
29772.23162	6.06E-02
29796.26087	6.05E-02
29820.29011	6.05E-02
29844.31935	6.04E-02
29868.34859	6.03E-02
29892.37784	6.02E-02
29916.40708	6.00E-02
29940.43632	5.99E-02
29964.46557	5.99E-02
29988.49481	5.96E-02
30012.52405	5.94E-02
30036.55329	5.93E-02
30060.58254	5.91E-02
30084.61178	5.90E-02
30108.64102	5.88E-02
30132.67026	5.87E-02
30156.69951	5.86E-02
30180.72875	5.85E-02
30204.75799	5.83E-02
30228.78723	5.81E-02
30252.81648	5.79E-02
30276.84572	5.77E-02
30300.87496	5.76E-02
30324.9042	5.75E-02
30348.93345	5.74E-02
30372.96269	5.73E-02
30396.99193	5.72E-02
30421.02118	5.71E-02
30445.05042	5.70E-02
30469.07966	5.70E-02
30493.1089	5.69E-02
30517.13815	5.68E-02
30541.16739	5.66E-02
30565.19663	5.65E-02
30589.22587	5.64E-02
30613.25512	5.63E-02
30637.28436	5.62E-02
30661.3136	5.61E-02
30685.34284	5.60E-02
30709.37209	5.59E-02
30733.40133	5.58E-02
30757.43057	5.57E-02
30781.45982	5.55E-02
30805.48906	5.55E-02
30829.5183	5.54E-02
30853.54754	5.52E-02
30877.57679	5.50E-02
30901.60603	5.48E-02
30925.63527	5.47E-02
30949.66451	5.46E-02
30973.69376	5.44E-02
30997.723	5.41E-02
31021.75224	5.40E-02
31045.78148	5.37E-02
31069.81073	5.35E-02
31093.83997	5.32E-02
31117.86921	5.30E-02
31141.89845	5.30E-02
31165.9277	5.28E-02
31189.95694	5.28E-02
31213.98618	5.26E-02
31238.01543	5.25E-02
31262.04467	5.24E-02
31286.07391	5.24E-02
31310.10315	5.22E-02
31334.1324	5.22E-02
31358.16164	5.20E-02
31382.19088	5.19E-02
31406.22012	5.19E-02
31430.24937	5.18E-02
31454.27861	5.16E-02
31478.30785	5.13E-02
31502.33709	5.12E-02
31526.36634	5.10E-02
31550.39558	5.07E-02
31574.42482	5.06E-02
31598.45406	5.05E-02
31622.48331	5.04E-02
31646.51255	5.04E-02
31670.54179	5.02E-02
31694.57104	5.02E-02
31718.60028	5.00E-02
31742.62952	5.00E-02
31766.65876	4.98E-02
31790.68801	4.97E-02
31814.71725	4.96E-02
31838.74649	4.93E-02
31862.77573	4.93E-02
31886.80498	4.92E-02
31910.83422	4.90E-02
31934.86346	4.88E-02
31958.8927	4.87E-02
31982.92195	4.86E-02
32006.95119	4.85E-02
32030.98043	4.80E-02
32055.00967	4.79E-02
32079.03892	4.79E-02
32103.06816	4.76E-02
32127.0974	4.75E-02
32151.12665	4.75E-02
32175.15589	4.71E-02
32199.18513	4.70E-02
32223.21437	4.70E-02
32247.24362	4.69E-02
32271.27286	4.67E-02
32295.3021	4.65E-02
32319.33134	4.63E-02
32343.36059	4.59E-02
32367.38983	4.58E-02
32391.41907	4.55E-02
32415.44831	4.54E-02
32439.47756	4.49E-02
32463.5068	4.47E-02
32487.53604	4.47E-02
32511.56528	4.45E-02
32535.59453	4.44E-02
32559.62377	4.43E-02
32583.65301	4.39E-02
32607.68226	4.38E-02
32631.7115	4.37E-02
32655.74074	4.35E-02
32679.76998	4.34E-02
32703.79923	4.33E-02
32727.82847	4.33E-02
32751.85771	4.32E-02
32775.88695	4.31E-02
32799.9162	4.29E-02
32823.94544	4.28E-02
32847.97468	4.27E-02
32872.00392	4.26E-02
32896.03317	4.25E-02
32920.06241	4.24E-02
32944.09165	4.23E-02
32968.12089	4.22E-02
32992.15014	4.19E-02
33016.17938	4.18E-02
33040.20862	4.17E-02
33064.23787	4.16E-02
33088.26711	4.15E-02
33112.29635	4.14E-02
33136.32559	4.13E-02
33160.35484	4.12E-02
33184.38408	4.11E-02
33208.41332	4.09E-02
33232.44256	4.08E-02
33256.47181	4.08E-02
33280.50105	4.07E-02
33304.53029	4.05E-02
33328.55953	4.04E-02
33352.58878	4.04E-02
33376.61802	4.03E-02
33400.64726	4.02E-02
33424.6765	4.01E-02
33448.70575	4.00E-02
33472.73499	3.97E-02
33496.76423	3.95E-02
33520.79348	3.94E-02
33544.82272	3.93E-02
33568.85196	3.90E-02
33592.8812	3.89E-02
33616.91045	3.87E-02
33640.93969	3.86E-02
33664.96893	3.86E-02
33688.99817	3.84E-02
33713.02742	3.83E-02
33737.05666	3.80E-02
33761.0859	3.79E-02
33785.11514	3.77E-02
33809.14439	3.77E-02
33833.17363	3.76E-02
33857.20287	3.75E-02
33881.23211	3.74E-02
33905.26136	3.73E-02
33929.2906	3.71E-02
33953.31984	3.70E-02
33977.34909	3.69E-02
34001.37833	3.68E-02
34025.40757	3.67E-02
34049.43681	3.66E-02
34073.46606	3.65E-02
34097.4953	3.64E-02
34121.52454	3.63E-02
34145.55378	3.62E-02
34169.58303	3.61E-02
34193.61227	3.61E-02
34217.64151	3.59E-02
34241.67075	3.59E-02
34265.7	3.58E-02
34289.72924	3.56E-02
34313.75848	3.56E-02
34337.78772	3.54E-02
34361.81697	3.53E-02
34385.84621	3.52E-02
34409.87545	3.50E-02
34433.9047	3.49E-02
34457.93394	3.48E-02
34481.96318	3.47E-02
34505.99242	3.46E-02
34530.02167	3.45E-02
34554.05091	3.44E-02
34578.08015	3.43E-02
34602.10939	3.43E-02
34626.13864	3.42E-02
34650.16788	3.41E-02
34674.19712	3.40E-02
34698.22636	3.38E-02
34722.25561	3.37E-02
34746.28485	3.36E-02
34770.31409	3.35E-02
34794.34333	3.34E-02
34818.37258	3.32E-02
34842.40182	3.32E-02
34866.43106	3.30E-02
34890.46031	3.30E-02
34914.48955	3.28E-02
34938.51879	3.27E-02
34962.54803	3.26E-02
34986.57728	3.25E-02
35010.60652	3.22E-02
35034.63576	3.21E-02
35058.665	3.20E-02
35082.69425	3.19E-02
35106.72349	3.17E-02
35130.75273	3.16E-02
35154.78197	3.15E-02
35178.81122	3.14E-02
35202.84046	3.13E-02
35226.8697	3.12E-02
35250.89894	3.10E-02
35274.92819	3.10E-02
35298.95743	3.08E-02
35322.98667	3.06E-02
35347.01592	3.05E-02
35371.04516	3.04E-02
35395.0744	3.03E-02
35419.10364	3.00E-02
35443.13289	2.97E-02
35467.16213	2.96E-02
35491.19137	2.95E-02
35515.22061	2.94E-02
35539.24986	2.92E-02
35563.2791	2.91E-02
35587.30834	2.89E-02
35611.33758	2.88E-02
35635.36683	2.86E-02
35659.39607	2.86E-02
35683.42531	2.85E-02
35707.45456	2.84E-02
35731.4838	2.83E-02
35755.51304	2.81E-02
35779.54228	2.79E-02
35803.57153	2.76E-02
35827.60077	2.75E-02
35851.63001	2.73E-02
35875.65925	2.72E-02
35899.6885	2.70E-02
35923.71774	2.69E-02
35947.74698	2.68E-02
35971.77622	2.67E-02
35995.80547	2.66E-02
36019.83471	2.65E-02
36043.86395	2.64E-02
36067.89319	2.62E-02
36091.92244	2.60E-02
36115.95168	2.58E-02
36139.98092	2.56E-02
36164.01017	2.55E-02
36188.03941	2.54E-02
36212.06865	2.53E-02
36236.09789	2.52E-02
36260.12714	2.51E-02
36284.15638	2.50E-02
36308.18562	2.49E-02
36332.21486	2.47E-02
36356.24411	2.47E-02
36380.27335	2.46E-02
36404.30259	2.45E-02
36428.33183	2.44E-02
36452.36108	2.43E-02
36476.39032	2.41E-02
36500.41956	2.40E-02
36524.4488	2.39E-02
36548.47805	2.39E-02
36572.50729	2.38E-02
36596.53653	2.36E-02
36620.56578	2.35E-02
36644.59502	2.34E-02
36668.62426	2.33E-02
36692.6535	2.32E-02
36716.68275	2.31E-02
36740.71199	2.30E-02
36764.74123	2.28E-02
36788.77047	2.27E-02
36812.79972	2.26E-02
36836.82896	2.26E-02
36860.8582	2.25E-02
36884.88744	2.24E-02
36908.91669	2.21E-02
36932.94593	2.20E-02
36956.97517	2.19E-02
36981.00441	2.18E-02
37005.03366	2.18E-02
37029.0629	2.17E-02
37053.09214	2.15E-02
37077.12139	2.14E-02
37101.15063	2.14E-02
37125.17987	2.10E-02
37149.20911	2.09E-02
37173.23836	2.08E-02
37197.2676	2.05E-02
37221.29684	2.04E-02
37245.32608	2.03E-02
37269.35533	2.02E-02
37293.38457	2.01E-02
37317.41381	1.99E-02
37341.44305	1.95E-02
37365.4723	1.94E-02
37389.50154	1.92E-02
37413.53078	1.91E-02
37437.56002	1.90E-02
37461.58927	1.90E-02
37485.61851	1.89E-02
37509.64775	1.88E-02
37533.677	1.87E-02
37557.70624	1.86E-02
37581.73548	1.84E-02
37605.76472	1.81E-02
37629.79397	1.80E-02
37653.82321	1.79E-02
37677.85245	1.78E-02
37701.88169	1.75E-02
37725.91094	1.74E-02
37749.94018	1.73E-02
37773.96942	1.70E-02
37797.99866	1.69E-02
37822.02791	1.65E-02
37846.05715	1.64E-02
37870.08639	1.62E-02
37894.11563	1.59E-02
37918.14488	1.58E-02
37942.17412	1.57E-02
37966.20336	1.56E-02
37990.23261	1.55E-02
38014.26185	1.55E-02
38038.29109	1.54E-02
38062.32033	1.53E-02
38086.34958	1.50E-02
38110.37882	1.49E-02
38134.40806	1.47E-02
38158.4373	1.46E-02
38182.46655	1.42E-02
38206.49579	1.40E-02
38230.52503	1.39E-02
38254.55427	1.37E-02
38278.58352	1.36E-02
38302.61276	1.35E-02
38326.642	1.33E-02
38350.67124	1.32E-02
38374.70049	1.31E-02
38398.72973	1.30E-02
38422.75897	1.28E-02
38446.78822	1.27E-02
38470.81746	1.27E-02
38494.8467	1.25E-02
38518.87594	1.24E-02
38542.90519	1.21E-02
38566.93443	1.19E-02
38590.96367	1.18E-02
38614.99291	1.13E-02
38639.02216	1.10E-02
38663.0514	1.09E-02
38687.08064	1.08E-02
38711.10988	1.07E-02
38735.13913	1.05E-02
38759.16837	1.03E-02
38783.19761	1.02E-02
38807.22685	1.02E-02
38831.2561	1.01E-02
38855.28534	9.96E-03
38879.31458	9.89E-03
38903.34383	9.82E-03
38927.37307	9.60E-03
38951.40231	9.51E-03
38975.43155	9.43E-03
38999.4608	9.30E-03
39023.49004	9.19E-03
39047.51928	9.09E-03
39071.54852	9.02E-03
39095.57777	8.83E-03
39119.60701	8.53E-03
39143.63625	8.42E-03
39167.66549	8.32E-03
39191.69474	8.23E-03
39215.72398	8.16E-03
39239.75322	8.10E-03
39263.78246	7.99E-03
39287.81171	7.83E-03
39311.84095	7.69E-03
39335.87019	7.47E-03
39359.89944	7.22E-03
39383.92868	7.10E-03
39407.95792	7.02E-03
39431.98716	6.82E-03
39456.01641	6.69E-03
39480.04565	6.60E-03
39504.07489	6.42E-03
39528.10413	6.21E-03
39552.13338	6.05E-03
39576.16262	5.92E-03
39600.19186	5.83E-03
39624.2211	5.67E-03
39648.25035	5.45E-03
39672.27959	5.35E-03
39696.30883	5.28E-03
39720.33807	5.16E-03
39744.36732	5.09E-03
39768.39656	4.89E-03
39792.4258	4.72E-03
39816.45505	4.60E-03
39840.48429	4.48E-03
39864.51353	4.31E-03
39888.54277	4.16E-03
39912.57202	4.06E-03
39936.60126	3.93E-03
39960.6305	3.75E-03
39984.65974	3.65E-03
40008.68899	3.59E-03
40032.71823	3.48E-03
40056.74747	3.37E-03
40080.77671	3.29E-03
40104.80596	3.19E-03
40128.8352	3.05E-03
40152.86444	2.97E-03
40176.89369	2.87E-03
40200.92293	2.60E-03
40224.95217	2.34E-03
40248.98141	2.21E-03
40273.01066	1.95E-03
40297.0399	1.85E-03
40321.06914	1.77E-03
40345.09838	1.63E-03
40369.12763	1.55E-03
40393.15687	1.42E-03
40417.18611	1.35E-03
40441.21535	1.10E-03
40465.2446	1.04E-03
40489.27384	9.15E-04
40513.30308	7.74E-04
40537.33232	4.53E-04
40561.36157	3.42E-04
40585.39081	2.03E-04
40609.42005	8.58E-05