-80868.479639	1.2890972913313367e-04
-80747.960296	2.9554335129449870e-04
-80627.440952	1.1296454853738315e-03
-80506.921608	1.5220707628419096e-03
-80386.402264	1.8334683121510526e-03
-80265.882921	2.8480401954115724e-03
-80145.363577	2.9620829842825782e-03
-80024.844233	5.8045383981430842e-03
-79904.324889	6.4190627933017755e-03
-79783.805546	6.7875083542645962e-03
-79663.286202	6.9213979276374652e-03
-79542.766858	8.9831502368167161e-03
-79422.247515	9.1370608166611925e-03
-79301.728171	1.3637272021194739e-02
-79181.208827	1.4839519667527772e-02
-79060.689483	1.7087491050968667e-02
-78940.170140	1.7192096817221090e-02
-78819.650796	1.8188138259795223e-02
-78699.131452	2.1956941494630261e-02
-78578.612108	2.3778582072045768e-02
-78458.092765	2.7369175603597036e-02
-78337.573421	2.7423087620069495e-02
-78217.054077	3.1079812902527062e-02
-78096.534734	3.1578126413490656e-02
-77976.015390	3.1825836158835517e-02
-77855.496046	3.2656647433869042e-02
-77734.976702	3.4368595931808382e-02
-77614.457359	3.4456950661138477e-02
-77493.938015	3.6596009124407726e-02
-77373.418671	3.6648086970840418e-02
-77252.899327	3.9261764759018547e-02
-77132.379984	4.0088849619987120e-02
-77011.860640	4.0852183763451969e-02
-76891.341296	4.1614438698330640e-02
-76770.821953	4.5588039839018886e-02
-76650.302609	4.7083628863332116e-02
-76529.783265	4.8001647905615077e-02
-76409.263921	4.8636454639729369e-02
-76288.744578	5.1412725065983524e-02
-76168.225234	5.3403143161666541e-02
-76047.705890	5.5095336823961859e-02
-75927.186547	5.7226502062695583e-02
-75806.667203	5.7510599999141203e-02
-75686.147859	5.7564787866993157e-02
-75565.628515	5.8157001421545812e-02
-75445.109172	6.2978373490330544e-02
-75324.589828	6.4338934924488986e-02
-75204.070484	6.4679128379354064e-02
-75083.551140	6.6780640498109722e-02
-74963.031797	6.7081593876267109e-02
-74842.512453	6.7193654469799649e-02
-74721.993109	6.7888008399475869e-02
-74601.473766	6.8839263621992330e-02
-74480.954422	7.0001758076330314e-02
-74360.435078	7.2902407310262471e-02
-74239.915734	7.4472314081268032e-02
-74119.396391	7.4561192673650745e-02
-73998.877047	8.0087598444826241e-02
-73878.357703	8.0250754020146170e-02
-73757.838359	8.0436124956218949e-02
-73637.319016	8.1146941289080732e-02
-73516.799672	8.2532942411827695e-02
-73396.280328	8.5470677916739707e-02
-73275.760985	8.9256237425618473e-02
-73155.241641	8.9380009518015696e-02
-73034.722297	9.2618218922291620e-02
-72914.202953	9.2984538573366846e-02
-72793.683610	9.7068695567000041e-02
-72673.164266	9.7658335443944796e-02
-72552.644922	9.8216030174650013e-02
-72432.125579	9.8540115401299033e-02
-72311.606235	9.8744912509341851e-02
-72191.086891	9.8909743882779136e-02
-72070.567547	9.9951568142630717e-02
-71950.048204	1.0254942498015132e-01
-71829.528860	1.0570676068650608e-01
-71709.009516	1.0845740487829512e-01
-71588.490172	1.0942329351834533e-01
-71467.970829	1.1013100640445629e-01
-71347.451485	1.1283777835781403e-01
-71226.932141	1.1460450895806834e-01
-71106.412798	1.1481918203064211e-01
-70985.893454	1.1503336894764495e-01
-70865.374110	1.1506126951522967e-01
-70744.854766	1.1564142097911499e-01
-70624.335423	1.1571135283963065e-01
-70503.816079	1.1635698478154625e-01
-70383.296735	1.1839432303679352e-01
-70262.777391	1.2030016612510251e-01
-70142.258048	1.2140389309211021e-01
-70021.738704	1.2161751526094663e-01
-69901.219360	1.2200896530749265e-01
-69780.700017	1.2230979521798076e-01
-69660.180673	1.2378972866035451e-01
-69539.661329	1.3236628271698925e-01
-69419.141985	1.3569946089469520e-01
-69298.622642	1.3724595699139094e-01
-69178.103298	1.3728974193659033e-01
-69057.583954	1.3898589315769583e-01
-68937.064610	1.3942552039229200e-01
-68816.545267	1.4048559939895897e-01
-68696.025923	1.4328533244705713e-01
-68575.506579	1.4390381821595846e-01
-68454.987236	1.4508850665317624e-01
-68334.467892	1.4529461737094243e-01
-68213.948548	1.5421744417537289e-01
-68093.429204	1.5797943143803769e-01
-67972.909861	1.5991977206382438e-01
-67852.390517	1.6490921176002821e-01
-67731.871173	1.6768927800682348e-01
-67611.351830	1.7025751323659302e-01
-67490.832486	1.7148136578151946e-01
-67370.313142	1.7278412629067239e-01
-67249.793798	1.7330997147831095e-01
-67129.274455	1.7336965369761057e-01
-67008.755111	1.7427698261873448e-01
-66888.235767	1.7467924618504238e-01
-66767.716423	1.7490262640983487e-01
-66647.197080	1.7536407806020651e-01
-66526.677736	1.7820109923433997e-01
-66406.158392	1.7832146071495594e-01
-66285.639049	1.7836795649302292e-01
-66165.119705	1.7863548892639394e-01
-66044.600361	1.7971960660641284e-01
-65924.081017	1.8002114998143567e-01
-65803.561674	1.8017801684090423e-01
-65683.042330	1.8029983506471328e-01
-65562.522986	1.8043482006530165e-01
-65442.003642	1.8160580931848580e-01
-65321.484299	1.8282876526529382e-01
-65200.964955	1.8325556724852768e-01
-65080.445611	1.8402068934270840e-01
-64959.926268	1.8409736760330864e-01
-64839.406924	1.8571139563422068e-01
-64718.887580	1.8584191505222966e-01
-64598.368236	1.8641068216086934e-01
-64477.848893	1.8652040843562631e-01
-64357.329549	1.8663417683418440e-01
-64236.810205	1.8671520839927158e-01
-64116.290862	1.8712482046934484e-01
-63995.771518	1.8720869571719237e-01
-63875.252174	1.8755800436135142e-01
-63754.732830	1.8831871167473865e-01
-63634.213487	1.8843315940584784e-01
-63513.694143	1.8844438089808435e-01
-63393.174799	1.8916924466413312e-01
-63272.655455	1.8950422867224787e-01
-63152.136112	1.9008300827655725e-01
-63031.616768	1.9009155504617037e-01
-62911.097424	1.9030061561470224e-01
-62790.578081	1.9077061990445734e-01
-62670.058737	1.9751107717792665e-01
-62549.539393	2.0291113344148684e-01
-62429.020049	2.0489487601036405e-01
-62308.500706	2.0989143154878254e-01
-62187.981362	2.1073528026018820e-01
-62067.462018	2.1087567046673941e-01
-61946.942674	2.1357237615219318e-01
-61826.423331	2.1387647261097367e-01
-61705.903987	2.1962692652339874e-01
-61585.384643	2.2019958655797722e-01
-61464.865300	2.2592390245569924e-01
-61344.345956	2.3050082939988634e-01
-61223.826612	2.3092283455460494e-01
-61103.307268	2.3342423781767754e-01
-60982.787925	2.3554000469484698e-01
-60862.268581	2.3577803363876706e-01
-60741.749237	2.3596548591548733e-01
-60621.229893	2.3658858674135183e-01
-60500.710550	2.3745876789446774e-01
-60380.191206	2.3777702393305986e-01
-60259.671862	2.3935648453849434e-01
-60139.152519	2.4094962754454810e-01
-60018.633175	2.4207827664669904e-01
-59898.113831	2.4423428986036586e-01
-59777.594487	2.4495439780697034e-01
-59657.075144	2.4497576786395819e-01
-59536.555800	2.4549914039302245e-01
-59416.036456	2.4551152717972324e-01
-59295.517113	2.4617720549611855e-01
-59174.997769	2.4855736064338380e-01
-59054.478425	2.5122479851129997e-01
-58933.959081	2.5136829820830414e-01
-58813.439738	2.5185448364271490e-01
-58692.920394	2.5207071641820972e-01
-58572.401050	2.5291775189940763e-01
-58451.881706	2.5466455204200611e-01
-58331.362363	2.5725056775628680e-01
-58210.843019	2.6052541029842180e-01
-58090.323675	2.6081210735333549e-01
-57969.804332	2.6090994428287412e-01
-57849.284988	2.6145983725723770e-01
-57728.765644	2.6219212750777299e-01
-57608.246300	2.6273655319138267e-01
-57487.726957	2.6289453903380450e-01
-57367.207613	2.6343912414990389e-01
-57246.688269	2.6375083231793328e-01
-57126.168925	2.6398713119523853e-01
-57005.649582	2.6403757949327888e-01
-56885.130238	2.6505785694514400e-01
-56764.610894	2.6511537494694487e-01
-56644.091551	2.6545108570190440e-01
-56523.572207	2.6566765677622428e-01
-56403.052863	2.6571343672253067e-01
-56282.533519	2.6656176788057012e-01
-56162.014176	2.6667046478681672e-01
-56041.494832	2.6694981876424428e-01
-55920.975488	2.6766263134315837e-01
-55800.456145	2.6788310387559416e-01
-55679.936801	2.6903328173553326e-01
-55559.417457	2.6939389411297932e-01
-55438.898113	2.7009222963837132e-01
-55318.378770	2.7025070070360502e-01
-55197.859426	2.7034233579204142e-01
-55077.340082	2.7073185938639960e-01
-54956.820738	2.7088504799926316e-01
-54836.301395	2.7156449302665403e-01
-54715.782051	2.7201979240494312e-01
-54595.262707	2.7266293910819189e-01
-54474.743364	2.7307101751309437e-01
-54354.224020	2.7308575271054819e-01
-54233.704676	2.7315235355605688e-01
-54113.185332	2.7353539766297624e-01
-53992.665989	2.7379937604276117e-01
-53872.146645	2.7421198777351474e-01
-53751.627301	2.7433056126223931e-01
-53631.107957	2.7435449596777667e-01
-53510.588614	2.7437995507212942e-01
-53390.069270	2.7447886070695854e-01
-53269.549926	2.7487055024321133e-01
-53149.030583	2.7492785031959593e-01
-53028.511239	2.7514154705910754e-01
-52907.991895	2.7608668531611019e-01
-52787.472551	2.7616564528520560e-01
-52666.953208	2.7640712910538739e-01
-52546.433864	2.7652558362062546e-01
-52425.914520	2.7655414204176604e-01
-52305.395176	2.7657384751328068e-01
-52184.875833	2.7671558544490177e-01
-52064.356489	2.7678853663791392e-01
-51943.837145	2.7703427533045988e-01
-51823.317802	2.7708715755357471e-01
-51702.798458	2.7734932665908302e-01
-51582.279114	2.7735561274287535e-01
-51461.759770	2.7752096768681700e-01
-51341.240427	2.7765690215620553e-01
-51220.721083	2.7769193031377037e-01
-51100.201739	2.7784995287917974e-01
-50979.682396	2.7814174149222015e-01
-50859.163052	2.7819377288978142e-01
-50738.643708	2.7847143891043147e-01
-50618.124364	2.7848781696443914e-01
-50497.605021	2.7851745902453634e-01
-50377.085677	2.7866418435670326e-01
-50256.566333	2.7883006271488170e-01
-50136.046989	2.7882825624359969e-01
-50015.527646	2.7891147225604374e-01
-49895.008302	2.7921871408900095e-01
-49774.488958	2.7939713761410567e-01
-49653.969615	2.7946772792588437e-01
-49533.450271	2.7955535692405625e-01
-49412.930927	2.7984444884386694e-01
-49292.411583	2.7988153901223084e-01
-49171.892240	2.7993845801616452e-01
-49051.372896	2.8014098864338893e-01
-48930.853552	2.8031973362219537e-01
-48810.334208	2.8032267660783083e-01
-48689.814865	2.8062091149575458e-01
-48569.295521	2.8074558609425682e-01
-48448.776177	2.8081565486533516e-01
-48328.256834	2.8081507693475699e-01
-48207.737490	2.8112892673694573e-01
-48087.218146	2.8117020379422841e-01
-47966.698802	2.8119115006622791e-01
-47846.179459	2.8123185773049142e-01
-47725.660115	2.8135580912430841e-01
-47605.140771	2.8177388741651938e-01
-47484.621428	2.8177522577689551e-01
-47364.102084	2.8183731682646707e-01
-47243.582740	2.8212178197194837e-01
-47123.063396	2.8215996520999675e-01
-47002.544053	2.8234263513942270e-01
-46882.024709	2.8241029106244353e-01
-46761.505365	2.8274797359764064e-01
-46640.986021	2.8288396224751455e-01
-46520.466678	2.8289581098187355e-01
-46399.947334	2.8333352628292646e-01
-46279.427990	2.8333888219488546e-01
-46158.908647	2.8336117252589405e-01
-46038.389303	2.8336943746796228e-01
-45917.869959	2.8347710251691222e-01
-45797.350615	2.8349560359529580e-01
-45676.831272	2.8349886071526570e-01
-45556.311928	2.8350590738249304e-01
-45435.792584	2.8358528167290625e-01
-45315.273240	2.8360780172846561e-01
-45194.753897	2.8364967114117295e-01
-45074.234553	2.8368760317557451e-01
-44953.715209	2.8417379996566339e-01
-44833.195866	2.8417669558921332e-01
-44712.676522	2.8418477627943639e-01
-44592.157178	2.8431741060050253e-01
-44471.637834	2.8444756858766651e-01
-44351.118491	2.8448706958850151e-01
-44230.599147	2.8493125007294889e-01
-44110.079803	2.8495559942411641e-01
-43989.560459	2.8496537771806596e-01
-43869.041116	2.8497277733596121e-01
-43748.521772	2.8498032430855624e-01
-43628.002428	2.8504599715034973e-01
-43507.483085	2.8517495948971761e-01
-43386.963741	2.8533633884970205e-01
-43266.444397	2.8535744863903878e-01
-43145.925053	2.8540197921311589e-01
-43025.405710	2.8546383618937082e-01
-42904.886366	2.8564701490934452e-01
-42784.367022	2.8607936797759959e-01
-42663.847679	2.8616687120542167e-01
-42543.328335	2.8629401366388585e-01
-42422.808991	2.8630673746778174e-01
-42302.289647	2.8633301846201764e-01
-42181.770304	2.8639861159478081e-01
-42061.250960	2.8640564717887657e-01
-41940.731616	2.8643568498614913e-01
-41820.212272	2.8668195087271103e-01
-41699.692929	2.8683870301501679e-01
-41579.173585	2.8687463512569755e-01
-41458.654241	2.8693174900013430e-01
-41338.134898	2.8706120609632557e-01
-41217.615554	2.8710693608529159e-01
-41097.096210	2.8714245833856150e-01
-40976.576866	2.8716910556417097e-01
-40856.057523	2.8717165918961463e-01
-40735.538179	2.8718161642084122e-01
-40615.018835	2.8726978783748097e-01
-40494.499491	2.8732006528316723e-01
-40373.980148	2.8742540642186837e-01
-40253.460804	2.8760517803950703e-01
-40132.941460	2.8761936293912943e-01
-40012.422117	2.8773271506769454e-01
-39891.902773	2.8778054856277657e-01
-39771.383429	2.8780232996861416e-01
-39650.864085	2.8794027776843290e-01
-39530.344742	2.8796587354998598e-01
-39409.825398	2.8798070040460144e-01
-39289.306054	2.8800944461123162e-01
-39168.786711	2.8808830712738032e-01
-39048.267367	2.8809661592981850e-01
-38927.748023	2.8810137945914427e-01
-38807.228679	2.8811377130757698e-01
-38686.709336	2.8820856491617430e-01
-38566.189992	2.8832016874000232e-01
-38445.670648	2.8836492281562359e-01
-38325.151304	2.8840112880516661e-01
-38204.631961	2.8844848238007659e-01
-38084.112617	2.8846548884912637e-01
-37963.593273	2.8847160016087103e-01
-37843.073930	2.8851872533095529e-01
-37722.554586	2.8858558315622196e-01
-37602.035242	2.8858823063802047e-01
-37481.515898	2.8866740554319109e-01
-37360.996555	2.8875214514534830e-01
-37240.477211	2.8876086899461290e-01
-37119.957867	2.8878218135793715e-01
-36999.438523	2.8884273754434253e-01
-36878.919180	2.8893147865843194e-01
-36758.399836	2.8896811936949773e-01
-36637.880492	2.8897537575200516e-01
-36517.361149	2.8900361750165238e-01
-36396.841805	2.8901894937077444e-01
-36276.322461	2.8903361279302026e-01
-36155.803117	2.8905497628551530e-01
-36035.283774	2.8909638793489406e-01
-35914.764430	2.8928694637363622e-01
-35794.245086	2.8933140392781348e-01
-35673.725742	2.8936204685940020e-01
-35553.206399	2.8940874748766915e-01
-35432.687055	2.8943810088787536e-01
-35312.167711	2.8943566433808188e-01
-35191.648368	2.8953980294889942e-01
-35071.129024	2.8955655513190826e-01
-34950.609680	2.8961225002531987e-01
-34830.090336	2.8973402344375682e-01
-34709.570993	2.8979281929660217e-01
-34589.051649	2.8982437442421655e-01
-34468.532305	2.8988626982580062e-01
-34348.012962	2.8989830640067771e-01
-34227.493618	2.8993092071109167e-01
-34106.974274	2.8997645635056907e-01
-33986.454930	2.8998200855041095e-01
-33865.935587	2.9002061768768589e-01
-33745.416243	2.9010823667895708e-01
-33624.896899	2.9012975163143401e-01
-33504.377555	2.9031776737479237e-01
-33383.858212	2.9031797102335377e-01
-33263.338868	2.9032653499703348e-01
-33142.819524	2.9036585137446319e-01
-33022.300181	2.9038594851044469e-01
-32901.780837	2.9042988929546598e-01
-32781.261493	2.9045090982490768e-01
-32660.742149	2.9049270140002953e-01
-32540.222806	2.9050448632389103e-01
-32419.703462	2.9051855921840536e-01
-32299.184118	2.9052448648933582e-01
-32178.664774	2.9070784602344807e-01
-32058.145431	2.9072586878197565e-01
-31937.626087	2.9075209748570285e-01
-31817.106743	2.9076232422736670e-01
-31696.587400	2.9080841433390603e-01
-31576.068056	2.9086151520562975e-01
-31455.548712	2.9087340498167791e-01
-31335.029368	2.9089646087651844e-01
-31214.510025	2.9093157613796405e-01
-31093.990681	2.9095256827901422e-01
-30973.471337	2.9095915062987060e-01
-30852.951994	2.9096268511691403e-01
-30732.432650	2.9099053524956348e-01
-30611.913306	2.9107175607704544e-01
-30491.393962	2.9107855975537567e-01
-30370.874619	2.9108558392326217e-01
-30250.355275	2.9108742551235123e-01
-30129.835931	2.9112263767553337e-01
-30009.316587	2.9116126974020695e-01
-29888.797244	2.9119309671921040e-01
-29768.277900	2.9126377192207603e-01
-29647.758556	2.9127285272287134e-01
-29527.239213	2.9134978332611422e-01
-29406.719869	2.9135882670906138e-01
-29286.200525	2.9135872754296266e-01
-29165.681181	2.9137111597549908e-01
-29045.161838	2.9139594560245846e-01
-28924.642494	2.9141807073700005e-01
-28804.123150	2.9143400249475326e-01
-28683.603806	2.9145317515549107e-01
-28563.084463	2.9151755717054062e-01
-28442.565119	2.9153096197427808e-01
-28322.045775	2.9154890416825213e-01
-28201.526432	2.9160728620574766e-01
-28081.007088	2.9162807353809717e-01
-27960.487744	2.9163136410592888e-01
-27839.968400	2.9163400318484534e-01
-27719.449057	2.9164677037090686e-01
-27598.929713	2.9167180120286113e-01
-27478.410369	2.9181925521416147e-01
-27357.891025	2.9185092852973998e-01
-27237.371682	2.9185858283482952e-01
-27116.852338	2.9189550830962235e-01
-26996.332994	2.9194013831112076e-01
-26875.813651	2.9198266094779979e-01
-26755.294307	2.9198746724943819e-01
-26634.774963	2.9199000235147754e-01
-26514.255619	2.9204179263012248e-01
-26393.736276	2.9207072802098122e-01
-26273.216932	2.9210694963544037e-01
-26152.697588	2.9219821614625574e-01
-26032.178245	2.9220308237722137e-01
-25911.658901	2.9223157150984785e-01
-25791.139557	2.9229876018721745e-01
-25670.620213	2.9233956917139120e-01
-25550.100870	2.9234628775088273e-01
-25429.581526	2.9238374561838804e-01
-25309.062182	2.9245211088121631e-01
-25188.542838	2.9245561883402910e-01
-25068.023495	2.9246831364471376e-01
-24947.504151	2.9253088509684499e-01
-24826.984807	2.9257053597985150e-01
-24706.465464	2.9261069683779500e-01
-24585.946120	2.9262369661016324e-01
-24465.426776	2.9263339403989364e-01
-24344.907432	2.9263461367448518e-01
-24224.388089	2.9268930861481107e-01
-24103.868745	2.9274291937520369e-01
-23983.349401	2.9275050170849953e-01
-23862.830057	2.9279965164730387e-01
-23742.310714	2.9285888897301465e-01
-23621.791370	2.9290452817252849e-01
-23501.272026	2.9290350290310974e-01
-23380.752683	2.9290662605000262e-01
-23260.233339	2.9292426204077765e-01
-23139.713995	2.9295228865020673e-01
-23019.194651	2.9295547920618020e-01
-22898.675308	2.9310041729227743e-01
-22778.155964	2.9321077201517071e-01
-22657.636620	2.9338613803748465e-01
-22537.117277	2.9342120787802906e-01
-22416.597933	2.9350259853870547e-01
-22296.078589	2.9351784544928278e-01
-22175.559245	2.9355736990330650e-01
-22055.039902	2.9356576275351587e-01
-21934.520558	2.9358107102471254e-01
-21814.001214	2.9375384157169332e-01
-21693.481870	2.9376679812240303e-01
-21572.962527	2.9379262187232857e-01
-21452.443183	2.9380829328275021e-01
-21331.923839	2.9391736673325181e-01
-21211.404496	2.9391866159282271e-01
-21090.885152	2.9393710106102666e-01
-20970.365808	2.9393761942471558e-01
-20849.846464	2.9405124684154382e-01
-20729.327121	2.9406928320988174e-01
-20608.807777	2.9408834869122119e-01
-20488.288433	2.9412325888771107e-01
-20367.769089	2.9413919531325206e-01
-20247.249746	2.9416883429236318e-01
-20126.730402	2.9421205859709110e-01
-20006.211058	2.9422795390043993e-01
-19885.691715	2.9423320332255415e-01
-19765.172371	2.9425649522072922e-01
-19644.653027	2.9427009033736201e-01
-19524.133683	2.9431230075070913e-01
-19403.614340	2.9432208242902869e-01
-19283.094996	2.9436041299610405e-01
-19162.575652	2.9439728981148477e-01
-19042.056308	2.9441879200868815e-01
-18921.536965	2.9458189519926042e-01
-18801.017621	2.9464885561338383e-01
-18680.498277	2.9477424551628972e-01
-18559.978934	2.9478553849759581e-01
-18439.459590	2.9481108980417453e-01
-18318.940246	2.9486062797654350e-01
-18198.420902	2.9486289126157683e-01
-18077.901559	2.9489907279823319e-01
-17957.382215	2.9490058048091733e-01
-17836.862871	2.9493803562283349e-01
-17716.343528	2.9499542948327906e-01
-17595.824184	2.9504192912092919e-01
-17475.304840	2.9509187200481590e-01
-17354.785496	2.9517315609391304e-01
-17234.266153	2.9517444572595236e-01
-17113.746809	2.9519569766564230e-01
-16993.227465	2.9520443290679083e-01
-16872.708121	2.9529222630758495e-01
-16752.188778	2.9530497655875559e-01
-16631.669434	2.9547464135264306e-01
-16511.150090	2.9548071400514414e-01
-16390.630747	2.9548786706079444e-01
-16270.111403	2.9551364335604496e-01
-16149.592059	2.9554387684059730e-01
-16029.072715	2.9560416480609980e-01
-15908.553372	2.9561521317181916e-01
-15788.034028	2.9561125511833747e-01
-15667.514684	2.9561516313010938e-01
-15546.995340	2.9561570371079365e-01
-15426.475997	2.9563415558788347e-01
-15305.956653	2.9564448119279629e-01
-15185.437309	2.9565542340248485e-01
-15064.917966	2.9566565699394037e-01
-14944.398622	2.9568190848908760e-01
-14823.879278	2.9568246664202763e-01
-14703.359934	2.9571150482987352e-01
-14582.840591	2.9571567647160041e-01
-14462.321247	2.9572571189809199e-01
-14341.801903	2.9572990852661574e-01
-14221.282560	2.9573319493828015e-01
-14100.763216	2.9574329951923700e-01
-13980.243872	2.9585233874729999e-01
-13859.724528	2.9585321231501560e-01
-13739.205185	2.9589342377616973e-01
-13618.685841	2.9589717509169905e-01
-13498.166497	2.9602075465607453e-01
-13377.647153	2.9611807326750356e-01
-13257.127810	2.9615302027641383e-01
-13136.608466	2.9619686923481797e-01
-13016.089122	2.9621001213558484e-01
-12895.569779	2.9621545767375773e-01
-12775.050435	2.9626654175189637e-01
-12654.531091	2.9638722613963142e-01
-12534.011747	2.9640001384479120e-01
-12413.492404	2.9641060556149318e-01
-12292.973060	2.9643091803772420e-01
-12172.453716	2.9644960720613139e-01
-12051.934372	2.9649359350491317e-01
-11931.415029	2.9652585260733200e-01
-11810.895685	2.9667391031934481e-01
-11690.376341	2.9678128082761251e-01
-11569.856998	2.9685233919741250e-01
-11449.337654	2.9688784008536406e-01
-11328.818310	2.9690603349616540e-01
-11208.298966	2.9694133366763936e-01
-11087.779623	2.9698771615207464e-01
-10967.260279	2.9705222737903508e-01
-10846.740935	2.9706302580688271e-01
-10726.221591	2.9711110049490980e-01
-10605.702248	2.9715982642921562e-01
-10485.182904	2.9717107190672859e-01
-10364.663560	2.9719411900970355e-01
-10244.144217	2.9721964566539605e-01
-10123.624873	2.9729638882893678e-01
-10003.105529	2.9729752796745756e-01
-9882.586185	2.9737007908225810e-01
-9762.066842	2.9736765897070971e-01
-9641.547498	2.9741801981831223e-01
-9521.028154	2.9752136663529982e-01
-9400.508811	2.9768731596014936e-01
-9279.989467	2.9782758231435885e-01
-9159.470123	2.9791424080081741e-01
-9038.950779	2.9791211893036446e-01
-8918.431436	2.9801754773041383e-01
-8797.912092	2.9811351740931435e-01
-8677.392748	2.9813039445843642e-01
-8556.873404	2.9816146638725394e-01
-8436.354061	2.9826062492823752e-01
-8315.834717	2.9828360802308101e-01
-8195.315373	2.9830730398334460e-01
-8074.796030	2.9844268882147218e-01
-7954.276686	2.9856726410363804e-01
-7833.757342	2.9856631642769710e-01
-7713.237998	2.9864269194731008e-01
-7592.718655	2.9865546462422360e-01
-7472.199311	2.9867718385976899e-01
-7351.679967	2.9875592732295231e-01
-7231.160623	2.9889123689325214e-01
-7110.641280	2.9890524207708696e-01
-6990.121936	2.9892495538071140e-01
-6869.602592	2.9896610070977808e-01
-6749.083249	2.9897263151278280e-01
-6628.563905	2.9900354737436902e-01
-6508.044561	2.9904088098132109e-01
-6387.525217	2.9906263180545223e-01
-6267.005874	2.9919973170034569e-01
-6146.486530	2.9925883024158056e-01
-6025.967186	2.9933922665989726e-01
-5905.447843	2.9957431644580368e-01
-5784.928499	2.9959685922375406e-01
-5664.409155	2.9964950800626333e-01
-5543.889811	2.9973497925895026e-01
-5423.370468	2.9978326686441986e-01
-5302.851124	2.9978667092139200e-01
-5182.331780	2.9988492583013604e-01
-5061.812436	2.9988879155694270e-01
-4941.293093	3.0002206670105763e-01
-4820.773749	3.0006588167329640e-01
-4700.254405	3.0027018813921563e-01
-4579.735062	3.0027059491331576e-01
-4459.215718	3.0033469219724757e-01
-4338.696374	3.0035825977103248e-01
-4218.177030	3.0038311451604777e-01
-4097.657687	3.0039872848860882e-01
-3977.138343	3.0059604960743724e-01
-3856.618999	3.0062789946632995e-01
-3736.099655	3.0062679724361224e-01
-3615.580312	3.0062100020016341e-01
-3495.060968	3.0062548049519311e-01
-3374.541624	3.0065171677760000e-01
-3254.022281	3.0111419935640193e-01
-3133.502937	3.0124411660099731e-01
-3012.983593	3.0125305296398219e-01
-2892.464249	3.0130470117886810e-01
-2771.944906	3.0129682418497677e-01
-2651.425562	3.0140280706264128e-01
-2530.906218	3.0140613934434890e-01
-2410.386874	3.0140198057301004e-01
-2289.867531	3.0151678779220925e-01
-2169.348187	3.0164025607033612e-01
-2048.828843	3.0171824262107261e-01
-1928.309500	3.0172546952084345e-01
-1807.790156	3.0174676437113818e-01
-1687.270812	3.0186820637396872e-01
-1566.751468	3.0188103295131052e-01
-1446.232125	3.0189520894420141e-01
-1325.712781	3.0189132728314411e-01
-1205.193437	3.0189810836023084e-01
-1084.674094	3.0189701076678982e-01
-964.154750	3.0190828374848716e-01
-843.635406	3.0190901340430665e-01
-723.116062	3.0190991360088826e-01
-602.596719	3.0190370571219338e-01
-482.077375	3.0188379635913870e-01
-361.558031	3.0189157823470630e-01
-241.038687	3.0189594000916781e-01
-120.519344	3.0189210917611542e-01
0.000000	3.0188962283619941e-01
120.519344	3.0189047746516207e-01
241.038687	3.0186790918237905e-01
361.558031	3.0186356584617835e-01
482.077375	3.0184625163116285e-01
602.596719	3.0183269503972276e-01
723.116062	3.0182720295162258e-01
843.635406	3.0182309836889731e-01
964.154750	3.0178070525541245e-01
1084.674094	3.0178597180224476e-01
1205.193437	3.0177661716264720e-01
1325.712781	3.0169583955848284e-01
1446.232125	3.0169392436488002e-01
1566.751468	3.0168513069228481e-01
1687.270812	3.0168887355085050e-01
1807.790156	3.0168849105471846e-01
1928.309500	3.0167475463242444e-01
2048.828843	3.0162924277628778e-01
2169.348187	3.0162076843552821e-01
2289.867531	3.0161596614398140e-01
2410.386874	3.0159640995868769e-01
2530.906218	3.0158991822812697e-01
2651.425562	3.0157723162392164e-01
2771.944906	3.0158087595955357e-01
2892.464249	3.0155105072770083e-01
3012.983593	3.0155620513109510e-01
3133.502937	3.0153270159479095e-01
3254.022281	3.0153587546145783e-01
3374.541624	3.0151581368215646e-01
3495.060968	3.0151204372287532e-01
3615.580312	3.0145273850556259e-01
3736.099655	3.0137119075602131e-01
3856.618999	3.0136936859736191e-01
3977.138343	3.0128154043402444e-01
4097.657687	3.0125679732594662e-01
4218.177030	3.0123356150795971e-01
4338.696374	3.0120768624255240e-01
4459.215718	3.0110331003805335e-01
4579.735062	3.0107940293919055e-01
4700.254405	3.0101864550721591e-01
4820.773749	3.0100565957499692e-01
4941.293093	3.0096519415670442e-01
5061.812436	3.0082288619136244e-01
5182.331780	3.0081810788972801e-01
5302.851124	3.0075524598545877e-01
5423.370468	3.0067336108657816e-01
5543.889811	3.0066822572458890e-01
5664.409155	3.0067965195139279e-01
5784.928499	3.0043804250603612e-01
5905.447843	3.0042341837064951e-01
6025.967186	3.0041620975340583e-01
6146.486530	3.0039618705812510e-01
6267.005874	3.0034903918105710e-01
6387.525217	3.0035123013497506e-01
6508.044561	3.0034397916638744e-01
6628.563905	3.0034004341228077e-01
6749.083249	3.0034097840772267e-01
6869.602592	3.0030928628432013e-01
6990.121936	3.0030967567040012e-01
7110.641280	3.0029292240080468e-01
7231.160623	3.0028276869929804e-01
7351.679967	3.0026363208358220e-01
7472.199311	3.0025347038267736e-01
7592.718655	3.0023999003490898e-01
7713.237998	3.0023540614293448e-01
7833.757342	3.0024352200533216e-01
7954.276686	3.0024511542803994e-01
8074.796030	3.0022835743929593e-01
8195.315373	3.0023500098520001e-01
8315.834717	3.0022731239566836e-01
8436.354061	3.0021732798886075e-01
8556.873404	3.0021389915914615e-01
8677.392748	3.0021116682514770e-01
8797.912092	3.0019760623331682e-01
8918.431436	3.0016826461388207e-01
9038.950779	3.0015716647782703e-01
9159.470123	3.0014119270582568e-01
9279.989467	3.0013867595969113e-01
9400.508811	3.0013897840064191e-01
9521.028154	3.0014543604142879e-01
9641.547498	3.0011031598319921e-01
9762.066842	3.0011044974393525e-01
9882.586185	3.0005270274855272e-01
10003.105529	3.0002817653577402e-01
10123.624873	3.0001522565141819e-01
10244.144217	2.9998696755815724e-01
10364.663560	2.9998159627508569e-01
10485.182904	2.9996875459392069e-01
10605.702248	2.9996888497270263e-01
10726.221591	2.9994200584595937e-01
10846.740935	2.9993478832759990e-01
10967.260279	2.9988977735672678e-01
11087.779623	2.9988063381397306e-01
11208.298966	2.9987483966410056e-01
11328.818310	2.9984829470942165e-01
11449.337654	2.9984518711407843e-01
11569.856998	2.9983816408406666e-01
11690.376341	2.9982485408166526e-01
11810.895685	2.9982419126310733e-01
11931.415029	2.9981507101262300e-01
12051.934372	2.9980986724392217e-01
12172.453716	2.9980815981790676e-01
12292.973060	2.9979702490097626e-01
12413.492404	2.9979007107016598e-01
12534.011747	2.9975009554391907e-01
12654.531091	2.9974492293746852e-01
12775.050435	2.9973364297100308e-01
12895.569779	2.9972305940717286e-01
13016.089122	2.9969332771338886e-01
13136.608466	2.9967352067072783e-01
13257.127810	2.9966848938590263e-01
13377.647153	2.9965559251026347e-01
13498.166497	2.9964328730338091e-01
13618.685841	2.9962394098127343e-01
13739.205185	2.9961339316326896e-01
13859.724528	2.9959140367895098e-01
13980.243872	2.9954671359234858e-01
14100.763216	2.9954709234963267e-01
14221.282560	2.9953945637741791e-01
14341.801903	2.9951883455551004e-01
14462.321247	2.9951074411748091e-01
14582.840591	2.9949361536801955e-01
14703.359934	2.9945953711224110e-01
14823.879278	2.9944839587093974e-01
14944.398622	2.9938161090216175e-01
15064.917966	2.9936191547639884e-01
15185.437309	2.9935805373226837e-01
15305.956653	2.9934938367241182e-01
15426.475997	2.9932890789326566e-01
15546.995340	2.9931498021260838e-01
15667.514684	2.9928602161715862e-01
15788.034028	2.9924464344841745e-01
15908.553372	2.9923737304117382e-01
16029.072715	2.9919603214438562e-01
16149.592059	2.9919579001998964e-01
16270.111403	2.9918888136064797e-01
16390.630747	2.9914830050491303e-01
16511.150090	2.9914650883494914e-01
16631.669434	2.9914297974806792e-01
16752.188778	2.9911714633145087e-01
16872.708121	2.9911561496641692e-01
16993.227465	2.9907387211036451e-01
17113.746809	2.9903163981395015e-01
17234.266153	2.9899526908573987e-01
17354.785496	2.9899023579385847e-01
17475.304840	2.9898304994026514e-01
17595.824184	2.9895947274132884e-01
17716.343528	2.9895435896222855e-01
17836.862871	2.9893850258562615e-01
17957.382215	2.9891842572925104e-01
18077.901559	2.9890735755818632e-01
18198.420902	2.9888361334660474e-01
18318.940246	2.9886442990213841e-01
18439.459590	2.9883874312721670e-01
18559.978934	2.9882724316296022e-01
18680.498277	2.9880898502770387e-01
18801.017621	2.9877925723632609e-01
18921.536965	2.9877962919903217e-01
19042.056308	2.9877308116740275e-01
19162.575652	2.9877604737046720e-01
19283.094996	2.9877296278794063e-01
19403.614340	2.9873178696039576e-01
19524.133683	2.9871444356396892e-01
19644.653027	2.9871872462273341e-01
19765.172371	2.9871234853995077e-01
19885.691715	2.9870628597368726e-01
20006.211058	2.9867829343198987e-01
20126.730402	2.9866773206003056e-01
20247.249746	2.9867276998726061e-01
20367.769089	2.9866772195730878e-01
20488.288433	2.9866334933327149e-01
20608.807777	2.9864611693252274e-01
20729.327121	2.9863463132403911e-01
20849.846464	2.9862040442562093e-01
20970.365808	2.9861774535527741e-01
21090.885152	2.9861221463521737e-01
21211.404496	2.9860547107792534e-01
21331.923839	2.9859106478017017e-01
21452.443183	2.9856491895386167e-01
21572.962527	2.9853436957922797e-01
21693.481870	2.9852291786556490e-01
21814.001214	2.9850988519493271e-01
21934.520558	2.9850003920629103e-01
22055.039902	2.9848738594999924e-01
22175.559245	2.9847822441982197e-01
22296.078589	2.9848222198462260e-01
22416.597933	2.9845730711635976e-01
22537.117277	2.9842308676339685e-01
22657.636620	2.9842040294920186e-01
22778.155964	2.9840272777595600e-01
22898.675308	2.9839738251288661e-01
23019.194651	2.9838973194691254e-01
23139.713995	2.9838152117565897e-01
23260.233339	2.9836429434305700e-01
23380.752683	2.9835939921442478e-01
23501.272026	2.9829693404518659e-01
23621.791370	2.9828789771350150e-01
23742.310714	2.9823417076428554e-01
23862.830057	2.9820090348912881e-01
23983.349401	2.9818805200055548e-01
24103.868745	2.9818370519468834e-01
24224.388089	2.9818015315809754e-01
24344.907432	2.9811498902084943e-01
24465.426776	2.9811363854757084e-01
24585.946120	2.9810053153463228e-01
24706.465464	2.9808366513273177e-01
24826.984807	2.9807956407712044e-01
24947.504151	2.9807200586305937e-01
25068.023495	2.9806093561122038e-01
25188.542838	2.9805469478334390e-01
25309.062182	2.9802737300214466e-01
25429.581526	2.9801507407583566e-01
25550.100870	2.9799380217728583e-01
25670.620213	2.9797020874019009e-01
25791.139557	2.9794333677438284e-01
25911.658901	2.9794076076964499e-01
26032.178245	2.9790525838753007e-01
26152.697588	2.9788143933765976e-01
26273.216932	2.9785665107161524e-01
26393.736276	2.9780166569759575e-01
26514.255619	2.9779947293471765e-01
26634.774963	2.9774427089494121e-01
26755.294307	2.9773040761537206e-01
26875.813651	2.9768641254091799e-01
26996.332994	2.9751807311131601e-01
27116.852338	2.9751582774264418e-01
27237.371682	2.9750367971600106e-01
27357.891025	2.9749991429232053e-01
27478.410369	2.9745082861372801e-01
27598.929713	2.9742323929914644e-01
27719.449057	2.9741118145658274e-01
27839.968400	2.9740113822821512e-01
27960.487744	2.9729685215839674e-01
28081.007088	2.9729285943669737e-01
28201.526432	2.9728767359155778e-01
28322.045775	2.9720333817511091e-01
28442.565119	2.9718882520840267e-01
28563.084463	2.9714802919505973e-01
28683.603806	2.9711716747225775e-01
28804.123150	2.9710842012834976e-01
28924.642494	2.9710156528261289e-01
29045.161838	2.9709188533742487e-01
29165.681181	2.9705849933923628e-01
29286.200525	2.9699632775998380e-01
29406.719869	2.9698259942777916e-01
29527.239213	2.9696366394376128e-01
29647.758556	2.9695822096467955e-01
29768.277900	2.9693432129119585e-01
29888.797244	2.9691421543856228e-01
30009.316587	2.9679524461785689e-01
30129.835931	2.9679101343095238e-01
30250.355275	2.9679047938349068e-01
30370.874619	2.9678008978593912e-01
30491.393962	2.9673559551907264e-01
30611.913306	2.9672175682009877e-01
30732.432650	2.9671997905145014e-01
30852.951994	2.9665259110906195e-01
30973.471337	2.9665071455749881e-01
31093.990681	2.9662977051160921e-01
31214.510025	2.9653338314977606e-01
31335.029368	2.9651625276359334e-01
31455.548712	2.9648772093879355e-01
31576.068056	2.9645888791224906e-01
31696.587400	2.9641037306687329e-01
31817.106743	2.9639749601507603e-01
31937.626087	2.9636693315089491e-01
32058.145431	2.9620999324080050e-01
32178.664774	2.9619221540734625e-01
32299.184118	2.9617099019191118e-01
32419.703462	2.9613552842400342e-01
32540.222806	2.9611978779125947e-01
32660.742149	2.9612420114360988e-01
32781.261493	2.9611738388285852e-01
32901.780837	2.9607039505743099e-01
33022.300181	2.9606904527666578e-01
33142.819524	2.9605563207721225e-01
33263.338868	2.9602589982689609e-01
33383.858212	2.9600135394934068e-01
33504.377555	2.9596775463925301e-01
33624.896899	2.9588207387090049e-01
33745.416243	2.9586221438628996e-01
33865.935587	2.9583129197374075e-01
33986.454930	2.9576310808029360e-01
34106.974274	2.9574450305290595e-01
34227.493618	2.9573418964035258e-01
34348.012962	2.9570411021840126e-01
34468.532305	2.9567906336628180e-01
34589.051649	2.9564333069033294e-01
34709.570993	2.9565299988353427e-01
34830.090336	2.9561611515284003e-01
34950.609680	2.9559375712661079e-01
35071.129024	2.9547407373841589e-01
35191.648368	2.9544590674289473e-01
35312.167711	2.9539540252153995e-01
35432.687055	2.9538231533675785e-01
35553.206399	2.9533007998116467e-01
35673.725742	2.9530922547642613e-01
35794.245086	2.9526454641748257e-01
35914.764430	2.9523106327840704e-01
36035.283774	2.9519633784057797e-01
36155.803117	2.9515015527411526e-01
36276.322461	2.9515141347084878e-01
36396.841805	2.9514678628374291e-01
36517.361149	2.9514147105244404e-01
36637.880492	2.9509248139200556e-01
36758.399836	2.9507835613073224e-01
36878.919180	2.9501952781010143e-01
36999.438523	2.9495087016433857e-01
37119.957867	2.9494019752281891e-01
37240.477211	2.9493213557764170e-01
37360.996555	2.9490511847397582e-01
37481.515898	2.9489258623484882e-01
37602.035242	2.9486459397239329e-01
37722.554586	2.9483382267312608e-01
37843.073930	2.9476172487119617e-01
37963.593273	2.9475995089324919e-01
38084.112617	2.9468365873970515e-01
38204.631961	2.9460415938654100e-01
38325.151304	2.9455996738436457e-01
38445.670648	2.9452358888382124e-01
38566.189992	2.9450802764715472e-01
38686.709336	2.9443904335186993e-01
38807.228679	2.9442896111574746e-01
38927.748023	2.9440112384856965e-01
39048.267367	2.9437789003972470e-01
39168.786711	2.9436984301229174e-01
39289.306054	2.9433617148899693e-01
39409.825398	2.9431065410443491e-01
39530.344742	2.9427754354201557e-01
39650.864085	2.9425663451743317e-01
39771.383429	2.9422890140473973e-01
39891.902773	2.9420961055586431e-01
40012.422117	2.9420121083582751e-01
40132.941460	2.9412299832742389e-01
40253.460804	2.9403292927230229e-01
40373.980148	2.9389539346902521e-01
40494.499491	2.9389434045812823e-01
40615.018835	2.9373167849592413e-01
40735.538179	2.9368625303219170e-01
40856.057523	2.9368610173369097e-01
40976.576866	2.9361346621160272e-01
41097.096210	2.9360030806732318e-01
41217.615554	2.9358525418759690e-01
41338.134898	2.9357705088655250e-01
41458.654241	2.9356096680816152e-01
41579.173585	2.9351161440213364e-01
41699.692929	2.9346529791245957e-01
41820.212272	2.9337417173831204e-01
41940.731616	2.9335841885935104e-01
42061.250960	2.9330896917008958e-01
42181.770304	2.9330636553111022e-01
42302.289647	2.9320350279547441e-01
42422.808991	2.9315277346721003e-01
42543.328335	2.9311255228622440e-01
42663.847679	2.9308932039373126e-01
42784.367022	2.9308541867326909e-01
42904.886366	2.9305882408474671e-01
43025.405710	2.9303122762674794e-01
43145.925053	2.9299084685202892e-01
43266.444397	2.9291894236016697e-01
43386.963741	2.9282827068377226e-01
43507.483085	2.9251721956226129e-01
43628.002428	2.9249152695437614e-01
43748.521772	2.9242502200021575e-01
43869.041116	2.9233881888636687e-01
43989.560459	2.9228567463418026e-01
44110.079803	2.9219844665543226e-01
44230.599147	2.9215129705011145e-01
44351.118491	2.9213572207886318e-01
44471.637834	2.9211771026447692e-01
44592.157178	2.9205615223732451e-01
44712.676522	2.9204797043282682e-01
44833.195866	2.9203810119709622e-01
44953.715209	2.9199970357462496e-01
45074.234553	2.9191259447788293e-01
45194.753897	2.9189228492555408e-01
45315.273240	2.9187103812807763e-01
45435.792584	2.9180604515628078e-01
45556.311928	2.9168087097637158e-01
45676.831272	2.9159380406429186e-01
45797.350615	2.9157466055276482e-01
45917.869959	2.9155079473292350e-01
46038.389303	2.9151999891628722e-01
46158.908647	2.9151160961150213e-01
46279.427990	2.9150627264184353e-01
46399.947334	2.9140416317665807e-01
46520.466678	2.9131373352660894e-01
46640.986021	2.9126945058368647e-01
46761.505365	2.9121113317248448e-01
46882.024709	2.9119790609158597e-01
47002.544053	2.9116193444472743e-01
47123.063396	2.9111514697054852e-01
47243.582740	2.9104763213040952e-01
47364.102084	2.9102275470591532e-01
47484.621428	2.9099709758947856e-01
47605.140771	2.9098863213154652e-01
47725.660115	2.9088332173040043e-01
47846.179459	2.9085985070936932e-01
47966.698802	2.9073164305597593e-01
48087.218146	2.9072537252030944e-01
48207.737490	2.9071409174068158e-01
48328.256834	2.9069698559165574e-01
48448.776177	2.9052246859604941e-01
48569.295521	2.9051460751736813e-01
48689.814865	2.9045983801847264e-01
48810.334208	2.9019569461705158e-01
48930.853552	2.8978021384692043e-01
49051.372896	2.8972379252037861e-01
49171.892240	2.8958312010582427e-01
49292.411583	2.8950567085951545e-01
49412.930927	2.8945974434120220e-01
49533.450271	2.8941125937049667e-01
49653.969615	2.8940183533515129e-01
49774.488958	2.8931435360168767e-01
49895.008302	2.8929731471141296e-01
50015.527646	2.8925003761482376e-01
50136.046989	2.8919495072626572e-01
50256.566333	2.8890548197432453e-01
50377.085677	2.8888831782882857e-01
50497.605021	2.8878404925188089e-01
50618.124364	2.8872430009525257e-01
50738.643708	2.8830590873521161e-01
50859.163052	2.8822693054133447e-01
50979.682396	2.8812668359076599e-01
51100.201739	2.8804063828255122e-01
51220.721083	2.8793289204876793e-01
51341.240427	2.8791413406789029e-01
51461.759770	2.8780102554780990e-01
51582.279114	2.8773376805330658e-01
51702.798458	2.8769013208123145e-01
51823.317802	2.8750125787151098e-01
51943.837145	2.8748815814575657e-01
52064.356489	2.8725905791686462e-01
52184.875833	2.8723637003949770e-01
52305.395176	2.8686403975655966e-01
52425.914520	2.8678529857512208e-01
52546.433864	2.8678058456380373e-01
52666.953208	2.8660856060778178e-01
52787.472551	2.8646208143535323e-01
52907.991895	2.8639089558388947e-01
53028.511239	2.8607043232283796e-01
53149.030583	2.8605277653986316e-01
53269.549926	2.8580657163966650e-01
53390.069270	2.8577069775456937e-01
53510.588614	2.8562684621001050e-01
53631.107957	2.8549677761991604e-01
53751.627301	2.8515067625527080e-01
53872.146645	2.8500302040903996e-01
53992.665989	2.8489629388832460e-01
54113.185332	2.8464983526294052e-01
54233.704676	2.8450665637193262e-01
54354.224020	2.8399190162472143e-01
54474.743364	2.8383891624606294e-01
54595.262707	2.8383075272431235e-01
54715.782051	2.8380743873952141e-01
54836.301395	2.8360755904448476e-01
54956.820738	2.8336608031747945e-01
55077.340082	2.8328931186048545e-01
55197.859426	2.8328102594843751e-01
55318.378770	2.8320455429422331e-01
55438.898113	2.8310902631284524e-01
55559.417457	2.8283997225759638e-01
55679.936801	2.8283464263953773e-01
55800.456145	2.8276268521088627e-01
55920.975488	2.8268420270133116e-01
56041.494832	2.8253882951142401e-01
56162.014176	2.8248799601701502e-01
56282.533519	2.8224022299340146e-01
56403.052863	2.8182923974846125e-01
56523.572207	2.8172502261072357e-01
56644.091551	2.8155357367514933e-01
56764.610894	2.8074324415203039e-01
56885.130238	2.8073890507782817e-01
57005.649582	2.7897061462854850e-01
57126.168925	2.7864598313429290e-01
57246.688269	2.7853332689134197e-01
57367.207613	2.7812677352351584e-01
57487.726957	2.7810565384818153e-01
57608.246300	2.7798465405329975e-01
57728.765644	2.7756377927988957e-01
57849.284988	2.7742916751575258e-01
57969.804332	2.7662595107280297e-01
58090.323675	2.7653490911226553e-01
58210.843019	2.7642529199504789e-01
58331.362363	2.7565854080046609e-01
58451.881706	2.7560859243789215e-01
58572.401050	2.7529719814310993e-01
58692.920394	2.7525649323935736e-01
58813.439738	2.7471888690868201e-01
58933.959081	2.7443133686820198e-01
59054.478425	2.7437692826449867e-01
59174.997769	2.7431263438206382e-01
59295.517113	2.7421927028195592e-01
59416.036456	2.7377464292709247e-01
59536.555800	2.7373608402313265e-01
59657.075144	2.7352128221094180e-01
59777.594487	2.7337044222937573e-01
59898.113831	2.7300157776373857e-01
60018.633175	2.7231873779420407e-01
60139.152519	2.7200393556712227e-01
60259.671862	2.7178588225000078e-01
60380.191206	2.7098481084105086e-01
60500.710550	2.7071434916094445e-01
60621.229893	2.7004751899851270e-01
60741.749237	2.6919801187332842e-01
60862.268581	2.6877164259622111e-01
60982.787925	2.6876405236875106e-01
61103.307268	2.6859262006057505e-01
61223.826612	2.6822129490101304e-01
61344.345956	2.6791200991546743e-01
61464.865300	2.6764627770281701e-01
61585.384643	2.6730119002294206e-01
61705.903987	2.6718592783065320e-01
61826.423331	2.6696532461285399e-01
61946.942674	2.6574539894553778e-01
62067.462018	2.6508674859338355e-01
62187.981362	2.6476327445209236e-01
62308.500706	2.6358963883952058e-01
62429.020049	2.6312974083629775e-01
62549.539393	2.6304331950161991e-01
62670.058737	2.6287586989051659e-01
62790.578081	2.6247356079475048e-01
62911.097424	2.5870824633727069e-01
63031.616768	2.5853642683177347e-01
63152.136112	2.5716443445723747e-01
63272.655455	2.5661017629730759e-01
63393.174799	2.5603793412364034e-01
63513.694143	2.5560571611744515e-01
63634.213487	2.5343738933756366e-01
63754.732830	2.5281123906356623e-01
63875.252174	2.5270676774468409e-01
63995.771518	2.5096546781237850e-01
64116.290862	2.4976954223799522e-01
64236.810205	2.4935294336900207e-01
64357.329549	2.4784038808085201e-01
64477.848893	2.4492744428808721e-01
64598.368236	2.4212743853291699e-01
64718.887580	2.4103436772022041e-01
64839.406924	2.3544200456280845e-01
64959.926268	2.3449217096655259e-01
65080.445611	2.3402804329671545e-01
65200.964955	2.3035376536787663e-01
65321.484299	2.3031511750348790e-01
65442.003642	2.2834444900990178e-01
65562.522986	2.2386842610292224e-01
65683.042330	2.2381902781677077e-01
65803.561674	2.2333834037556255e-01
65924.081017	2.1997381494621243e-01
66044.600361	2.1808844474984335e-01
66165.119705	2.1781792107194412e-01
66285.639049	2.1613982792813288e-01
66406.158392	2.1518342271369550e-01
66526.677736	2.0961015376489647e-01
66647.197080	2.0549626078324187e-01
66767.716423	2.0002221695901026e-01
66888.235767	1.9379603330273087e-01
67008.755111	1.9246996189521276e-01
67129.274455	1.9178803695833771e-01
67249.793798	1.8744548817551324e-01
67370.313142	1.8234510611709243e-01
67490.832486	1.8061228525254600e-01
67611.351830	1.7897148269910826e-01
67731.871173	1.7266178489295103e-01
67852.390517	1.7169983452290702e-01
67972.909861	1.6978229885082319e-01
68093.429204	1.6539417382006727e-01
68213.948548	1.6449964602221603e-01
68334.467892	1.5558183213342539e-01
68454.987236	1.5328457300623838e-01
68575.506579	1.5110179669940493e-01
68696.025923	1.4630235861678423e-01
68816.545267	1.4602742304049118e-01
68937.064610	1.4465321664554470e-01
69057.583954	1.4250671533275378e-01
69178.103298	1.3893520495261238e-01
69298.622642	1.3748202456576178e-01
69419.141985	1.2422915734749106e-01
69539.661329	1.2317361690345917e-01
69660.180673	1.1842807562352228e-01
69780.700017	1.1813808194653407e-01
69901.219360	1.1594611165258344e-01
70021.738704	1.1333646323876378e-01
70142.258048	1.0718777807878718e-01
70262.777391	1.0373172295994443e-01
70383.296735	8.2224541256565559e-02
70503.816079	7.8423593750379328e-02
70624.335423	7.7907964306383470e-02
70744.854766	7.6796582178122935e-02
70865.374110	7.6347373397446711e-02
70985.893454	7.5823316131929400e-02
71106.412798	6.7937026345068180e-02
71226.932141	6.7210996042109575e-02
71347.451485	5.8564110096888736e-02
71467.970829	3.2353467292094235e-02
71588.490172	3.0605195280542185e-02
71709.009516	2.6283844528687015e-02
71829.528860	1.7409996759155961e-02
71950.048204	9.1908374888268404e-03
72070.567547	6.1465963767481195e-03
