-69559.667804	8.2817914722947228e-04
-69463.191150	2.4342092880770628e-03
-69366.714495	3.9254682461046806e-03
-69270.237841	4.0155096559718172e-03
-69173.761187	1.0210994782454028e-02
-69077.284532	1.2404816882035511e-02
-68980.807878	1.3782939683591592e-02
-68884.331223	1.5035318742818195e-02
-68787.854569	1.7392349679394320e-02
-68691.377915	1.8367183022423388e-02
-68594.901260	1.9319023807961837e-02
-68498.424606	2.0308687350572278e-02
-68401.947952	2.0913608764506788e-02
-68305.471297	2.1510661614322271e-02
-68208.994643	2.3957874470833793e-02
-68112.517988	2.5416215750603915e-02
-68016.041334	2.6818582926527515e-02
-67919.564680	2.8100686253342704e-02
-67823.088025	2.9693291295591517e-02
-67726.611371	3.0136843276976098e-02
-67630.134717	3.0625920522202827e-02
-67533.658062	3.1198409656567963e-02
-67437.181408	3.1731836990475930e-02
-67340.704753	3.4826801286801615e-02
-67244.228099	3.5984770350517115e-02
-67147.751445	3.6608647850885870e-02
-67051.274790	3.6869089659100671e-02
-66954.798136	3.7067030031855408e-02
-66858.321482	4.0702038409190719e-02
-66761.844827	4.1005897830143849e-02
-66665.368173	4.1516166549196071e-02
-66568.891518	4.3432915557566738e-02
-66472.414864	4.3832896642496351e-02
-66375.938210	4.5412166001397469e-02
-66279.461555	5.1682466356140627e-02
-66182.984901	5.2432074825083518e-02
-66086.508247	5.3262872569273506e-02
-65990.031592	5.5826172294432617e-02
-65893.554938	5.5938771957947900e-02
-65797.078283	5.6498487449259685e-02
-65700.601629	6.1119710485815104e-02
-65604.124975	6.1226459820811978e-02
-65507.648320	6.1634654358224877e-02
-65411.171666	6.1964278217216631e-02
-65314.695012	6.2224771120003644e-02
-65218.218357	6.2529537469613553e-02
-65121.741703	6.3650897272338108e-02
-65025.265048	6.3981223681697785e-02
-64928.788394	6.4393772566805743e-02
-64832.311740	6.5152809489994079e-02
-64735.835085	6.5444108446102434e-02
-64639.358431	6.5668728375815499e-02
-64542.881777	6.6240471564801409e-02
-64446.405122	6.6502815108961166e-02
-64349.928468	6.6578505789694875e-02
-64253.451813	6.7220269056464957e-02
-64156.975159	6.7499182333563307e-02
-64060.498505	6.7893808839416397e-02
-63964.021850	6.8383805266467951e-02
-63867.545196	6.8460558821888270e-02
-63771.068542	6.8579306883934890e-02
-63674.591887	6.9676335797555528e-02
-63578.115233	7.2371741513846760e-02
-63481.638578	7.2448938754482634e-02
-63385.161924	7.2868609420572231e-02
-63288.685270	7.3624282131230692e-02
-63192.208615	7.4233926316512558e-02
-63095.731961	7.4381416447001331e-02
-62999.255307	7.4896737661179991e-02
-62902.778652	7.7093943763912195e-02
-62806.301998	7.7520793649463710e-02
-62709.825344	7.8953504068673699e-02
-62613.348689	8.1099488264668743e-02
-62516.872035	8.1810449672408039e-02
-62420.395380	8.2075942758236556e-02
-62323.918726	8.3672720002664597e-02
-62227.442072	8.4576608345512200e-02
-62130.965417	8.5035922365496716e-02
-62034.488763	8.5125909650008560e-02
-61938.012109	8.5274456956132685e-02
-61841.535454	8.5578499312682063e-02
-61745.058800	8.6713784062258922e-02
-61648.582145	8.7096046576498290e-02
-61552.105491	8.7552954663720997e-02
-61455.628837	8.7677060691052522e-02
-61359.152182	8.8512635800219175e-02
-61262.675528	8.9022173695170570e-02
-61166.198874	8.9112768326612635e-02
-61069.722219	8.9400026594505119e-02
-60973.245565	8.9609059599094210e-02
-60876.768910	9.0472453787009521e-02
-60780.292256	9.0638652017737659e-02
-60683.815602	9.0749584424897375e-02
-60587.338947	9.1890447393889296e-02
-60490.862293	9.1953835409087442e-02
-60394.385639	9.2616146096131766e-02
-60297.908984	9.3628035369436299e-02
-60201.432330	9.3760563055444460e-02
-60104.955675	9.4073928944824969e-02
-60008.479021	9.4501191836810591e-02
-59912.002367	9.5429933798258412e-02
-59815.525712	9.5812972767463103e-02
-59719.049058	9.8815098274380744e-02
-59622.572404	9.9780416787768722e-02
-59526.095749	1.0204757103680316e-01
-59429.619095	1.0359777968340757e-01
-59333.142440	1.0445277494584776e-01
-59236.665786	1.0524787036731710e-01
-59140.189132	1.0542352229263433e-01
-59043.712477	1.0687085152326330e-01
-58947.235823	1.0762357841265065e-01
-58850.759169	1.0971706491691702e-01
-58754.282514	1.1146962643504627e-01
-58657.805860	1.1260593510998185e-01
-58561.329205	1.1659458181997209e-01
-58464.852551	1.1696324882432134e-01
-58368.375897	1.1753022629403813e-01
-58271.899242	1.1791665534581959e-01
-58175.422588	1.1886189444772741e-01
-58078.945934	1.2151136059744139e-01
-57982.469279	1.2214942375699139e-01
-57885.992625	1.2292457241771938e-01
-57789.515970	1.2328116701178719e-01
-57693.039316	1.2349227656845974e-01
-57596.562662	1.2451214870372579e-01
-57500.086007	1.2585211627784840e-01
-57403.609353	1.2648389503174054e-01
-57307.132699	1.2681001709245948e-01
-57210.656044	1.2741676954920755e-01
-57114.179390	1.2788246905591327e-01
-57017.702735	1.2845889275073058e-01
-56921.226081	1.2866068806596970e-01
-56824.749427	1.2986725282486636e-01
-56728.272772	1.3016520719064076e-01
-56631.796118	1.3193552967468336e-01
-56535.319464	1.3344688468728724e-01
-56438.842809	1.3353303070402603e-01
-56342.366155	1.3381943022526610e-01
-56245.889500	1.3393768054177668e-01
-56149.412846	1.3456661579159720e-01
-56052.936192	1.3555389412202840e-01
-55956.459537	1.3728024327322108e-01
-55859.982883	1.3764785227183798e-01
-55763.506229	1.3792347116725057e-01
-55667.029574	1.3854374588687768e-01
-55570.552920	1.3865947122094324e-01
-55474.076265	1.3885869635175016e-01
-55377.599611	1.4207549655902171e-01
-55281.122957	1.4248516454618823e-01
-55184.646302	1.4319311852716907e-01
-55088.169648	1.4427755729848671e-01
-54991.692994	1.4453388310655160e-01
-54895.216339	1.4466330121499979e-01
-54798.739685	1.4498810696408099e-01
-54702.263030	1.4515888067470939e-01
-54605.786376	1.4587175555476573e-01
-54509.309722	1.4609550140564245e-01
-54412.833067	1.4648694303744211e-01
-54316.356413	1.4683500879747344e-01
-54219.879759	1.4749981482319058e-01
-54123.403104	1.4787205664109371e-01
-54026.926450	1.4793133718193208e-01
-53930.449795	1.4808860028878004e-01
-53833.973141	1.5029260782024406e-01
-53737.496487	1.5049479474684513e-01
-53641.019832	1.5142338643678363e-01
-53544.543178	1.5186284378689255e-01
-53448.066524	1.5447553678216830e-01
-53351.589869	1.5477354166888108e-01
-53255.113215	1.5601297347651191e-01
-53158.636560	1.5703758662145492e-01
-53062.159906	1.5811235471228366e-01
-52965.683252	1.5870426058567091e-01
-52869.206597	1.5882884566358091e-01
-52772.729943	1.5914078481225036e-01
-52676.253289	1.5976089315902556e-01
-52579.776634	1.6019286079038852e-01
-52483.299980	1.6203482562990176e-01
-52386.823325	1.6214033431996597e-01
-52290.346671	1.6219754811495288e-01
-52193.870017	1.6232228624672959e-01
-52097.393362	1.6235845449906841e-01
-52000.916708	1.6300572635880778e-01
-51904.440054	1.6325887475935824e-01
-51807.963399	1.6388207103845578e-01
-51711.486745	1.6407751854687819e-01
-51615.010090	1.6423664836397497e-01
-51518.533436	1.6440599155639354e-01
-51422.056782	1.6458313641108771e-01
-51325.580127	1.6536501649086821e-01
-51229.103473	1.6545532932592197e-01
-51132.626819	1.6559771165371795e-01
-51036.150164	1.6584979141531023e-01
-50939.673510	1.6708615547279670e-01
-50843.196855	1.6741564958304414e-01
-50746.720201	1.6792875852239100e-01
-50650.243547	1.6802253332675318e-01
-50553.766892	1.6829710567479209e-01
-50457.290238	1.6896905804512438e-01
-50360.813584	1.6990124790638744e-01
-50264.336929	1.7025654809040441e-01
-50167.860275	1.7142542624239052e-01
-50071.383620	1.7146726469590173e-01
-49974.906966	1.7159496421622486e-01
-49878.430312	1.7485789718929401e-01
-49781.953657	1.7623132424924845e-01
-49685.477003	1.7647590295791948e-01
-49589.000349	1.7668768524621226e-01
-49492.523694	1.7732100633875394e-01
-49396.047040	1.7744496094692574e-01
-49299.570385	1.7789308859026881e-01
-49203.093731	1.7901424132706528e-01
-49106.617077	1.7914807381436210e-01
-49010.140422	1.7953228905018501e-01
-48913.663768	1.7983531331117705e-01
-48817.187114	1.8036617337448863e-01
-48720.710459	1.8418764372543209e-01
-48624.233805	1.8566745424011705e-01
-48527.757150	1.8603237244922582e-01
-48431.280496	1.8620163530109399e-01
-48334.803842	1.8668605793503076e-01
-48238.327187	1.8672562962062642e-01
-48141.850533	1.8707388002603764e-01
-48045.373879	1.8760065638134710e-01
-47948.897224	1.8765478329984409e-01
-47852.420570	1.8772644449856152e-01
-47755.943915	1.8856480942504159e-01
-47659.467261	1.8858561014666803e-01
-47562.990607	1.8883719108892502e-01
-47466.513952	1.8940836237139272e-01
-47370.037298	1.9010656146434252e-01
-47273.560644	1.9030303200702489e-01
-47177.083989	1.9107092835369516e-01
-47080.607335	1.9164660921891347e-01
-46984.130680	1.9170338883069218e-01
-46887.654026	1.9180831910983404e-01
-46791.177372	1.9214802253209742e-01
-46694.700717	1.9312213641024387e-01
-46598.224063	1.9373049889847802e-01
-46501.747409	1.9392923891274294e-01
-46405.270754	1.9424675196695820e-01
-46308.794100	1.9487673158113133e-01
-46212.317445	1.9572059099558861e-01
-46115.840791	1.9672745409358025e-01
-46019.364137	1.9721949936027872e-01
-45922.887482	1.9820145946923434e-01
-45826.410828	1.9854498102033816e-01
-45729.934174	1.9976951436239537e-01
-45633.457519	1.9989955796150927e-01
-45536.980865	2.0039723547528682e-01
-45440.504210	2.0053114526811525e-01
-45344.027556	2.0122850179339338e-01
-45247.550902	2.0125229050246440e-01
-45151.074247	2.0181419655798399e-01
-45054.597593	2.0183830465050165e-01
-44958.120939	2.0230243704959008e-01
-44861.644284	2.0237694977431869e-01
-44765.167630	2.0303858891795518e-01
-44668.690975	2.0315311402970279e-01
-44572.214321	2.0316855563136776e-01
-44475.737667	2.0319263280613972e-01
-44379.261012	2.0399665256872379e-01
-44282.784358	2.0469417820764260e-01
-44186.307704	2.0486229772769621e-01
-44089.831049	2.0510350408962330e-01
-43993.354395	2.0528490365560439e-01
-43896.877740	2.0556631166930681e-01
-43800.401086	2.0562369465301633e-01
-43703.924432	2.0595799019296573e-01
-43607.447777	2.0613036538999252e-01
-43510.971123	2.0618315943697388e-01
-43414.494469	2.0679034675950997e-01
-43318.017814	2.0693111982420986e-01
-43221.541160	2.0736194864352414e-01
-43125.064505	2.0748667176273652e-01
-43028.587851	2.0759550046503281e-01
-42932.111197	2.0837908929047899e-01
-42835.634542	2.0844974262543201e-01
-42739.157888	2.0862031962969324e-01
-42642.681234	2.0870122574990893e-01
-42546.204579	2.0880294103704775e-01
-42449.727925	2.0884619050735967e-01
-42353.251270	2.0894574704024074e-01
-42256.774616	2.0937766773083200e-01
-42160.297962	2.0974701518847133e-01
-42063.821307	2.0985298039139419e-01
-41967.344653	2.1002379897591486e-01
-41870.867999	2.1029722970741946e-01
-41774.391344	2.1036199441799316e-01
-41677.914690	2.1061198971381864e-01
-41581.438035	2.1073678240822966e-01
-41484.961381	2.1130701596026327e-01
-41388.484727	2.1179223353874410e-01
-41292.008072	2.1191822496351459e-01
-41195.531418	2.1231630377788194e-01
-41099.054764	2.1299370108615770e-01
-41002.578109	2.1328220676084464e-01
-40906.101455	2.1340074948596932e-01
-40809.624800	2.1360965291902670e-01
-40713.148146	2.1390369367542336e-01
-40616.671492	2.1400098136691884e-01
-40520.194837	2.1425793416017205e-01
-40423.718183	2.1533415617571611e-01
-40327.241529	2.1537243793798749e-01
-40230.764874	2.1546270532505363e-01
-40134.288220	2.1553723243860617e-01
-40037.811565	2.1566913897481713e-01
-39941.334911	2.1570935698559740e-01
-39844.858257	2.1577182779183135e-01
-39748.381602	2.1587462187377143e-01
-39651.904948	2.1618592372938011e-01
-39555.428294	2.1640496498193670e-01
-39458.951639	2.1688224966941377e-01
-39362.474985	2.1697944145535891e-01
-39265.998330	2.1733038949098377e-01
-39169.521676	2.1746115803933205e-01
-39073.045022	2.1764050398926493e-01
-38976.568367	2.1773499278961267e-01
-38880.091713	2.1778879126974429e-01
-38783.615059	2.1794615494645192e-01
-38687.138404	2.1796836206215059e-01
-38590.661750	2.1801987016238047e-01
-38494.185095	2.1806666592433954e-01
-38397.708441	2.1849182075415052e-01
-38301.231787	2.1887740459168903e-01
-38204.755132	2.1911147315447904e-01
-38108.278478	2.1971623123277723e-01
-38011.801824	2.2024184809362038e-01
-37915.325169	2.2121748342805297e-01
-37818.848515	2.2137317947573301e-01
-37722.371860	2.2149468154761137e-01
-37625.895206	2.2157270884829530e-01
-37529.418552	2.2169759158833754e-01
-37432.941897	2.2212122413846125e-01
-37336.465243	2.2215095857170369e-01
-37239.988589	2.2229030330509281e-01
-37143.511934	2.2242285090453878e-01
-37047.035280	2.2269552007223833e-01
-36950.558625	2.2281239559289581e-01
-36854.081971	2.2337332103013299e-01
-36757.605317	2.2384531315203499e-01
-36661.128662	2.2467855321721411e-01
-36564.652008	2.2474773777809595e-01
-36468.175354	2.2496577759153683e-01
-36371.698699	2.2568642577119730e-01
-36275.222045	2.2599718979021768e-01
-36178.745390	2.2607402778587868e-01
-36082.268736	2.2635286330927673e-01
-35985.792082	2.2659312537224224e-01
-35889.315427	2.2695291061523082e-01
-35792.838773	2.2754337675406699e-01
-35696.362119	2.2761277120622475e-01
-35599.885464	2.2807481038690247e-01
-35503.408810	2.2826281964596407e-01
-35406.932155	2.2851903506182250e-01
-35310.455501	2.2857345842495294e-01
-35213.978847	2.2861556462542892e-01
-35117.502192	2.2952426282112309e-01
-35021.025538	2.3046479734617442e-01
-34924.548884	2.3083816886150110e-01
-34828.072229	2.3090269977961927e-01
-34731.595575	2.3108685191976891e-01
-34635.118920	2.3113281004924466e-01
-34538.642266	2.3164799662909646e-01
-34442.165612	2.3174237751628324e-01
-34345.688957	2.3226427653696169e-01
-34249.212303	2.3290126502520250e-01
-34152.735649	2.3320006181203212e-01
-34056.258994	2.3331863306649450e-01
-33959.782340	2.3340574434505026e-01
-33863.305685	2.3561767035011744e-01
-33766.829031	2.3587636860375275e-01
-33670.352377	2.3629474158041849e-01
-33573.875722	2.3649071365235774e-01
-33477.399068	2.3958262150157483e-01
-33380.922414	2.3970805430436284e-01
-33284.445759	2.4015822179076868e-01
-33187.969105	2.4287825055834011e-01
-33091.492450	2.4326720229016210e-01
-32995.015796	2.4372090787911377e-01
-32898.539142	2.4392473156136979e-01
-32802.062487	2.4420096436446820e-01
-32705.585833	2.4436169169034758e-01
-32609.109179	2.4464338552803938e-01
-32512.632524	2.4515096097204617e-01
-32416.155870	2.4654767876276062e-01
-32319.679215	2.4678691464934999e-01
-32223.202561	2.4702970892389980e-01
-32126.725907	2.4856729248497808e-01
-32030.249252	2.4887342926520314e-01
-31933.772598	2.4903277403501606e-01
-31837.295944	2.4964854470849701e-01
-31740.819289	2.5020654717265822e-01
-31644.342635	2.5044709850339014e-01
-31547.865980	2.5088378564396541e-01
-31451.389326	2.5103288775144700e-01
-31354.912672	2.5120922455312578e-01
-31258.436017	2.5179240585861884e-01
-31161.959363	2.5306940469030370e-01
-31065.482709	2.5312753249337816e-01
-30969.006054	2.5326449827715158e-01
-30872.529400	2.5332639909326665e-01
-30776.052746	2.5339820209874814e-01
-30679.576091	2.5536379816104782e-01
-30583.099437	2.5634637498500901e-01
-30486.622782	2.5661338778814158e-01
-30390.146128	2.5760409657083461e-01
-30293.669474	2.5839853250154715e-01
-30197.192819	2.5858689734011714e-01
-30100.716165	2.6067603848624749e-01
-30004.239511	2.6085053956797793e-01
-29907.762856	2.6116957792458512e-01
-29811.286202	2.6224469706664727e-01
-29714.809547	2.6232797223737236e-01
-29618.332893	2.6479574816776946e-01
-29521.856239	2.6505359115547922e-01
-29425.379584	2.6523467659380662e-01
-29328.902930	2.6634453940928848e-01
-29232.426276	2.6637049951442154e-01
-29135.949621	2.6642295389854531e-01
-29039.472967	2.6644462008108916e-01
-28942.996312	2.6662160989011519e-01
-28846.519658	2.6755907549790209e-01
-28750.043004	2.6763563374240762e-01
-28653.566349	2.6779649864191551e-01
-28557.089695	2.6801320093246611e-01
-28460.613041	2.6802276806898273e-01
-28364.136386	2.6826341039321078e-01
-28267.659732	2.6843764337803960e-01
-28171.183077	2.6850268104268238e-01
-28074.706423	2.6878988912692636e-01
-27978.229769	2.6897033954922267e-01
-27881.753114	2.6931050069603141e-01
-27785.276460	2.6992930431568984e-01
-27688.799806	2.6996254532104363e-01
-27592.323151	2.7030546464567429e-01
-27495.846497	2.7060661772235300e-01
-27399.369842	2.7082645818488421e-01
-27302.893188	2.7165501837850931e-01
-27206.416534	2.7183854496011878e-01
-27109.939879	2.7205466615627794e-01
-27013.463225	2.7222971234548360e-01
-26916.986571	2.7227151366937430e-01
-26820.509916	2.7234099575784232e-01
-26724.033262	2.7296384260214313e-01
-26627.556607	2.7320420762193082e-01
-26531.079953	2.7400503042381685e-01
-26434.603299	2.7407673699960056e-01
-26338.126644	2.7444705048552454e-01
-26241.649990	2.7462975887952856e-01
-26145.173336	2.7501855869975805e-01
-26048.696681	2.7523410484969618e-01
-25952.220027	2.7530314051086902e-01
-25855.743372	2.7552119943815179e-01
-25759.266718	2.7576740331778204e-01
-25662.790064	2.7583510322788379e-01
-25566.313409	2.7627295385068601e-01
-25469.836755	2.7673017307449038e-01
-25373.360101	2.7681467809837351e-01
-25276.883446	2.7733155733550185e-01
-25180.406792	2.7752922647298617e-01
-25083.930137	2.7754056649655301e-01
-24987.453483	2.7800880243543319e-01
-24890.976829	2.7844115975210770e-01
-24794.500174	2.7945715866234455e-01
-24698.023520	2.7990205269336799e-01
-24601.546866	2.8027983212973656e-01
-24505.070211	2.8040597395171379e-01
-24408.593557	2.8046388926087745e-01
-24312.116902	2.8055829021857731e-01
-24215.640248	2.8064484080968788e-01
-24119.163594	2.8100016654166093e-01
-24022.686939	2.8137606503413604e-01
-23926.210285	2.8143614860841443e-01
-23829.733631	2.8174348133973071e-01
-23733.256976	2.8211338738727415e-01
-23636.780322	2.8242102663456720e-01
-23540.303667	2.8258060624071307e-01
-23443.827013	2.8264438471349468e-01
-23347.350359	2.8265031514821060e-01
-23250.873704	2.8270130535812932e-01
-23154.397050	2.8270902241374801e-01
-23057.920396	2.8273619278982010e-01
-22961.443741	2.8277530835402848e-01
-22864.967087	2.8278332672085665e-01
-22768.490432	2.8295357315039432e-01
-22672.013778	2.8327700536385197e-01
-22575.537124	2.8338300714380799e-01
-22479.060469	2.8357979772148884e-01
-22382.583815	2.8379489411653558e-01
-22286.107161	2.8398199592764617e-01
-22189.630506	2.8449579452761892e-01
-22093.153852	2.8457882543248286e-01
-21996.677197	2.8486425060092896e-01
-21900.200543	2.8522214239416677e-01
-21803.723889	2.8560225185601218e-01
-21707.247234	2.8574187986495098e-01
-21610.770580	2.8603725665284757e-01
-21514.293926	2.8631861246286611e-01
-21417.817271	2.8655197480786027e-01
-21321.340617	2.8679499991956858e-01
-21224.863962	2.8683384729922379e-01
-21128.387308	2.8689719216864518e-01
-21031.910654	2.8707922993871909e-01
-20935.433999	2.8708370653882026e-01
-20838.957345	2.8722699748621150e-01
-20742.480691	2.8725449807811820e-01
-20646.004036	2.8738299180517679e-01
-20549.527382	2.8763800546225493e-01
-20453.050727	2.8839676736562619e-01
-20356.574073	2.8842955618599070e-01
-20260.097419	2.8860904444616753e-01
-20163.620764	2.8865623214342090e-01
-20067.144110	2.8893815162381165e-01
-19970.667456	2.8899159843509431e-01
-19874.190801	2.8901136975023378e-01
-19777.714147	2.8906769898031337e-01
-19681.237492	2.8906285443507879e-01
-19584.760838	2.8921410724542140e-01
-19488.284184	2.8922931726820311e-01
-19391.807529	2.8936258914979324e-01
-19295.330875	2.8942257426429391e-01
-19198.854221	2.8946088329877068e-01
-19102.377566	2.8965224116275179e-01
-19005.900912	2.8974830140537283e-01
-18909.424257	2.8977034584505690e-01
-18812.947603	2.8983361327442986e-01
-18716.470949	2.8989248671294920e-01
-18619.994294	2.8996239193578394e-01
-18523.517640	2.9003055808710942e-01
-18427.040986	2.9033733375697457e-01
-18330.564331	2.9035544305840510e-01
-18234.087677	2.9077000856017787e-01
-18137.611022	2.9077852197458565e-01
-18041.134368	2.9087164958832668e-01
-17944.657714	2.9087442375340256e-01
-17848.181059	2.9086207513468382e-01
-17751.704405	2.9124222966037344e-01
-17655.227751	2.9132656203703294e-01
-17558.751096	2.9135550284161144e-01
-17462.274442	2.9150038606194595e-01
-17365.797787	2.9154001355495412e-01
-17269.321133	2.9156030108877101e-01
-17172.844479	2.9162496954119665e-01
-17076.367824	2.9188653851721957e-01
-16979.891170	2.9221191563531845e-01
-16883.414516	2.9234156351234919e-01
-16786.937861	2.9259666857522276e-01
-16690.461207	2.9267501911895871e-01
-16593.984552	2.9277962704138183e-01
-16497.507898	2.9288256172779287e-01
-16401.031244	2.9298129353925223e-01
-16304.554589	2.9309310887029383e-01
-16208.077935	2.9346193265825238e-01
-16111.601281	2.9380119959168977e-01
-16015.124626	2.9395452119418308e-01
-15918.647972	2.9404592804603974e-01
-15822.171317	2.9410498824915149e-01
-15725.694663	2.9414265793508776e-01
-15629.218009	2.9422384590035461e-01
-15532.741354	2.9423595447097411e-01
-15436.264700	2.9424530686345646e-01
-15339.788046	2.9426775867613203e-01
-15243.311391	2.9429776226628468e-01
-15146.834737	2.9432256704723436e-01
-15050.358082	2.9440027264495372e-01
-14953.881428	2.9465821869469944e-01
-14857.404774	2.9489349385752572e-01
-14760.928119	2.9500592597441816e-01
-14664.451465	2.9500597518140009e-01
-14567.974811	2.9516873321952380e-01
-14471.498156	2.9523978237332910e-01
-14375.021502	2.9524821700761106e-01
-14278.544847	2.9526254012839082e-01
-14182.068193	2.9528502582041743e-01
-14085.591539	2.9534053760646239e-01
-13989.114884	2.9537760150558662e-01
-13892.638230	2.9543195926205207e-01
-13796.161576	2.9543348804013292e-01
-13699.684921	2.9546977728854107e-01
-13603.208267	2.9546807385991247e-01
-13506.731612	2.9548785074581030e-01
-13410.254958	2.9548626702815833e-01
-13313.778304	2.9553539883949859e-01
-13217.301649	2.9565864242630324e-01
-13120.824995	2.9569249182868462e-01
-13024.348341	2.9570000747817210e-01
-12927.871686	2.9575018211157350e-01
-12831.395032	2.9582129181621902e-01
-12734.918377	2.9584989007914153e-01
-12638.441723	2.9605253824318090e-01
-12541.965069	2.9646041807684020e-01
-12445.488414	2.9650640889020580e-01
-12349.011760	2.9652227265734488e-01
-12252.535106	2.9651471624676190e-01
-12156.058451	2.9648449991947512e-01
-12059.581797	2.9663028527316732e-01
-11963.105142	2.9666196217025598e-01
-11866.628488	2.9673253498137331e-01
-11770.151834	2.9679149253176929e-01
-11673.675179	2.9683136899105728e-01
-11577.198525	2.9682798726816684e-01
-11480.721871	2.9683591224294620e-01
-11384.245216	2.9684605492545169e-01
-11287.768562	2.9693836573521631e-01
-11191.291907	2.9694796798219869e-01
-11094.815253	2.9707903396494129e-01
-10998.338599	2.9709110907499137e-01
-10901.861944	2.9715239101540875e-01
-10805.385290	2.9718164725367413e-01
-10708.908636	2.9719428475262949e-01
-10612.431981	2.9721242017930405e-01
-10515.955327	2.9728187941127315e-01
-10419.478672	2.9735873270598268e-01
-10323.002018	2.9747345442122231e-01
-10226.525364	2.9757359218491469e-01
-10130.048709	2.9758305381462680e-01
-10033.572055	2.9770891554699253e-01
-9937.095401	2.9781126810520825e-01
-9840.618746	2.9785074061318351e-01
-9744.142092	2.9785177900164839e-01
-9647.665437	2.9787688300278642e-01
-9551.188783	2.9786516423930165e-01
-9454.712129	2.9785298862836601e-01
-9358.235474	2.9784318476461241e-01
-9261.758820	2.9783684867764332e-01
-9165.282166	2.9808096363224762e-01
-9068.805511	2.9812903567465593e-01
-8972.328857	2.9818400413146051e-01
-8875.852202	2.9823065010846800e-01
-8779.375548	2.9823172941593273e-01
-8682.898894	2.9823835645553359e-01
-8586.422239	2.9823690777936807e-01
-8489.945585	2.9831671233846019e-01
-8393.468931	2.9839374012091952e-01
-8296.992276	2.9843283027651873e-01
-8200.515622	2.9848329699497661e-01
-8104.038967	2.9851701976748057e-01
-8007.562313	2.9853110799789245e-01
-7911.085659	2.9855893852452597e-01
-7814.609004	2.9854641082363004e-01
-7718.132350	2.9861720548884763e-01
-7621.655696	2.9864384878953548e-01
-7525.179041	2.9872079040518207e-01
-7428.702387	2.9876446997503131e-01
-7332.225732	2.9887539634282351e-01
-7235.749078	2.9896746805147661e-01
-7139.272424	2.9905465956424010e-01
-7042.795769	2.9909977330689647e-01
-6946.319115	2.9916080985406657e-01
-6849.842461	2.9917474074299027e-01
-6753.365806	2.9917082641800696e-01
-6656.889152	2.9917492925627454e-01
-6560.412497	2.9930492064127662e-01
-6463.935843	2.9930488206073358e-01
-6367.459189	2.9930601248328592e-01
-6270.982534	2.9940027962962495e-01
-6174.505880	2.9945680535244024e-01
-6078.029226	2.9949200098339379e-01
-5981.552571	2.9951826353850297e-01
-5885.075917	2.9962959097620429e-01
-5788.599262	2.9963910770634689e-01
-5692.122608	2.9967082841333192e-01
-5595.645954	2.9972380394230808e-01
-5499.169299	2.9973130853975449e-01
-5402.692645	2.9972919862666142e-01
-5306.215991	2.9972292285840890e-01
-5209.739336	2.9972408643129184e-01
-5113.262682	2.9976473398695158e-01
-5016.786027	2.9979615361298995e-01
-4920.309373	2.9982067700545623e-01
-4823.832719	2.9982066039578115e-01
-4727.356064	2.9981141097677810e-01
-4630.879410	2.9981840016212757e-01
-4534.402756	2.9980342054020775e-01
-4437.926101	2.9981703696705453e-01
-4341.449447	2.9991892889128091e-01
-4244.972792	2.9992721472609479e-01
-4148.496138	2.9999740089219357e-01
-4052.019484	3.0003893786898078e-01
-3955.542829	3.0009450896060563e-01
-3859.066175	3.0009724437324481e-01
-3762.589521	3.0011143768077569e-01
-3666.112866	3.0010966891307306e-01
-3569.636212	3.0007117778549053e-01
-3473.159557	3.0005807030114789e-01
-3376.682903	3.0008075829669639e-01
-3280.206249	3.0009225755914304e-01
-3183.729594	3.0009680591231075e-01
-3087.252940	3.0019233485521563e-01
-2990.776286	3.0020022890480724e-01
-2894.299631	3.0020454512541311e-01
-2797.822977	3.0022632593877246e-01
-2701.346322	3.0027094917639358e-01
-2604.869668	3.0028891661135249e-01
-2508.393014	3.0029150018419359e-01
-2411.916359	3.0030525419759657e-01
-2315.439705	3.0030095284281649e-01
-2218.963051	3.0027187413222062e-01
-2122.486396	3.0029374822366123e-01
-2026.009742	3.0031584511232162e-01
-1929.533087	3.0038911571281030e-01
-1833.056433	3.0051116924260890e-01
-1736.579779	3.0053092339518572e-01
-1640.103124	3.0055351806258346e-01
-1543.626470	3.0054559791020113e-01
-1447.149816	3.0055632322682302e-01
-1350.673161	3.0056366681853536e-01
-1254.196507	3.0055957829656238e-01
-1157.719852	3.0054742943081475e-01
-1061.243198	3.0055803689053606e-01
-964.766544	3.0057477875655370e-01
-868.289889	3.0057802309688914e-01
-771.813235	3.0056701573471084e-01
-675.336581	3.0052102449115697e-01
-578.859926	3.0052820545588016e-01
-482.383272	3.0051536733042622e-01
-385.906617	3.0052894672346597e-01
-289.429963	3.0053785640827924e-01
-192.953309	3.0052608618451265e-01
-96.476654	3.0053798148801347e-01
0.000000	3.0052461815619430e-01
96.476654	3.0052900415589401e-01
192.953309	3.0057460754292203e-01
289.429963	3.0057206468660302e-01
385.906617	3.0058287218202273e-01
482.383272	3.0059385222946805e-01
578.859926	3.0057845401854272e-01
675.336581	3.0058991595273510e-01
771.813235	3.0058255119219807e-01
868.289889	3.0051119100844631e-01
964.766544	3.0050659169109700e-01
1061.243198	3.0050550562730022e-01
1157.719852	3.0051246968036810e-01
1254.196507	3.0055419591073157e-01
1350.673161	3.0055911333103152e-01
1447.149816	3.0055824068120351e-01
1543.626470	3.0054839063575695e-01
1640.103124	3.0056643481738965e-01
1736.579779	3.0056304303226017e-01
1833.056433	3.0053372383956106e-01
1929.533087	3.0054956943680533e-01
2026.009742	3.0053669162400226e-01
2122.486396	3.0051987475982322e-01
2218.963051	3.0047765788488623e-01
2315.439705	3.0043293083776856e-01
2411.916359	3.0043611808399201e-01
2508.393014	3.0045403825444289e-01
2604.869668	3.0044075596264569e-01
2701.346322	3.0042478058695815e-01
2797.822977	3.0043457724633743e-01
2894.299631	3.0042774423009588e-01
2990.776286	3.0038164388083527e-01
3087.252940	3.0038169155446381e-01
3183.729594	3.0040974898639639e-01
3280.206249	3.0042462188201918e-01
3376.682903	3.0042666447939526e-01
3473.159557	3.0039750004516819e-01
3569.636212	3.0038744048096039e-01
3666.112866	3.0040421218710806e-01
3762.589521	3.0039770973941959e-01
3859.066175	3.0046031442690435e-01
3955.542829	3.0046071001562508e-01
4052.019484	3.0047175125948589e-01
4148.496138	3.0045257010580756e-01
4244.972792	3.0043933611934420e-01
4341.449447	3.0043553940077633e-01
4437.926101	3.0042333462322418e-01
4534.402756	3.0040348740227152e-01
4630.879410	3.0039758504578040e-01
4727.356064	3.0038723455275745e-01
4823.832719	3.0036326218032966e-01
4920.309373	3.0035524271916814e-01
5016.786027	3.0038034088448723e-01
5113.262682	3.0038806160175729e-01
5209.739336	3.0036924846655028e-01
5306.215991	3.0034860303482758e-01
5402.692645	3.0034952440227780e-01
5499.169299	3.0034462072421980e-01
5595.645954	3.0032409902685420e-01
5692.122608	3.0024064902051639e-01
5788.599262	3.0022999315942406e-01
5885.075917	3.0022495355240242e-01
5981.552571	3.0019513147365107e-01
6078.029226	3.0020770618836451e-01
6174.505880	3.0019133267602111e-01
6270.982534	3.0015914213433892e-01
6367.459189	3.0012207628716697e-01
6463.935843	3.0010676860572494e-01
6560.412497	3.0008342187621567e-01
6656.889152	3.0006996603754027e-01
6753.365806	3.0003422649080341e-01
6849.842461	3.0003261218730876e-01
6946.319115	2.9992022210565389e-01
7042.795769	2.9986803574912252e-01
7139.272424	2.9988110719688305e-01
7235.749078	2.9986949787569966e-01
7332.225732	2.9981323492727358e-01
7428.702387	2.9978367160200714e-01
7525.179041	2.9974831961343529e-01
7621.655696	2.9970845927087647e-01
7718.132350	2.9970428246921871e-01
7814.609004	2.9971194283728991e-01
7911.085659	2.9970452155452748e-01
8007.562313	2.9971088934639206e-01
8104.038967	2.9969850324863295e-01
8200.515622	2.9964460429554662e-01
8296.992276	2.9965194290809954e-01
8393.468931	2.9961421513600572e-01
8489.945585	2.9959034891172126e-01
8586.422239	2.9958029985539880e-01
8682.898894	2.9951212750371697e-01
8779.375548	2.9952031732121620e-01
8875.852202	2.9952960263137191e-01
8972.328857	2.9948144636557794e-01
9068.805511	2.9944959170009749e-01
9165.282166	2.9935091481740422e-01
9261.758820	2.9933168355241146e-01
9358.235474	2.9931708462396345e-01
9454.712129	2.9925887827413672e-01
9551.188783	2.9922505978540948e-01
9647.665437	2.9918563409162879e-01
9744.142092	2.9916647853526684e-01
9840.618746	2.9905754431146558e-01
9937.095401	2.9905609920784226e-01
10033.572055	2.9903511217225648e-01
10130.048709	2.9896222437582931e-01
10226.525364	2.9895767296485076e-01
10323.002018	2.9892107601436496e-01
10419.478672	2.9886259579961871e-01
10515.955327	2.9885634430128960e-01
10612.431981	2.9884127541585520e-01
10708.908636	2.9883538247431107e-01
10805.385290	2.9880203320864285e-01
10901.861944	2.9873092580965832e-01
10998.338599	2.9869201681081470e-01
11094.815253	2.9863854370199744e-01
11191.291907	2.9860678139299501e-01
11287.768562	2.9860404077537667e-01
11384.245216	2.9858190536041745e-01
11480.721871	2.9856443387705134e-01
11577.198525	2.9855994191871382e-01
11673.675179	2.9855377162689584e-01
11770.151834	2.9850162004152431e-01
11866.628488	2.9829312234314237e-01
11963.105142	2.9827764138884827e-01
12059.581797	2.9824353457345865e-01
12156.058451	2.9820221350071219e-01
12252.535106	2.9820829527686071e-01
12349.011760	2.9821622893573474e-01
12445.488414	2.9821020219696942e-01
12541.965069	2.9818392932142918e-01
12638.441723	2.9817233967399437e-01
12734.918377	2.9816780402197385e-01
12831.395032	2.9812092597028289e-01
12927.871686	2.9812320928425362e-01
13024.348341	2.9811138103431156e-01
13120.824995	2.9804325437756074e-01
13217.301649	2.9801242442498727e-01
13313.778304	2.9789202003572346e-01
13410.254958	2.9789955140396945e-01
13506.731612	2.9789441970200592e-01
13603.208267	2.9784865105927499e-01
13699.684921	2.9781071341454174e-01
13796.161576	2.9772923539333496e-01
13892.638230	2.9763824599510169e-01
13989.114884	2.9752532672101806e-01
14085.591539	2.9752232986460064e-01
14182.068193	2.9740479283314103e-01
14278.544847	2.9735822414988416e-01
14375.021502	2.9713794521635373e-01
14471.498156	2.9707016418725746e-01
14567.974811	2.9703854683801162e-01
14664.451465	2.9702577176210654e-01
14760.928119	2.9694662854232479e-01
14857.404774	2.9686876798068906e-01
14953.881428	2.9681659972361701e-01
15050.358082	2.9674723138212611e-01
15146.834737	2.9676969755511778e-01
15243.311391	2.9675988018453647e-01
15339.788046	2.9674045041264691e-01
15436.264700	2.9673244416225564e-01
15532.741354	2.9668768541767360e-01
15629.218009	2.9663094465039286e-01
15725.694663	2.9661069658346423e-01
15822.171317	2.9659816728776695e-01
15918.647972	2.9635250481568354e-01
16015.124626	2.9632060397473498e-01
16111.601281	2.9626316546544973e-01
16208.077935	2.9624626726133552e-01
16304.554589	2.9623449947977765e-01
16401.031244	2.9621106864144686e-01
16497.507898	2.9618695514401383e-01
16593.984552	2.9618715801072032e-01
16690.461207	2.9617576685231328e-01
16786.937861	2.9605402221426103e-01
16883.414516	2.9603553132190891e-01
16979.891170	2.9595243612883987e-01
17076.367824	2.9593843912106904e-01
17172.844479	2.9585894044919470e-01
17269.321133	2.9577860272195206e-01
17365.797787	2.9566184343107538e-01
17462.274442	2.9556889768512240e-01
17558.751096	2.9555350653681639e-01
17655.227751	2.9548945901182261e-01
17751.704405	2.9532814324321610e-01
17848.181059	2.9521579699772976e-01
17944.657714	2.9519454009342272e-01
18041.134368	2.9516154764836239e-01
18137.611022	2.9508192650932680e-01
18234.087677	2.9506056886650589e-01
18330.564331	2.9503881275911420e-01
18427.040986	2.9494995766770460e-01
18523.517640	2.9493095615980985e-01
18619.994294	2.9488969239588680e-01
18716.470949	2.9485991345630747e-01
18812.947603	2.9483239696204944e-01
18909.424257	2.9462049373893900e-01
19005.900912	2.9455366199397964e-01
19102.377566	2.9426512666971166e-01
19198.854221	2.9423937032697040e-01
19295.330875	2.9421364563300584e-01
19391.807529	2.9405523007767070e-01
19488.284184	2.9402822195097811e-01
19584.760838	2.9400064235032658e-01
19681.237492	2.9393364785986514e-01
19777.714147	2.9377222162304661e-01
19874.190801	2.9373197767167436e-01
19970.667456	2.9358204360077483e-01
20067.144110	2.9351227961830201e-01
20163.620764	2.9343688233022414e-01
20260.097419	2.9341476758165980e-01
20356.574073	2.9340822755089518e-01
20453.050727	2.9327278285928565e-01
20549.527382	2.9322336682134353e-01
20646.004036	2.9310120803416828e-01
20742.480691	2.9305091509797859e-01
20838.957345	2.9300000018187017e-01
20935.433999	2.9296430641890558e-01
21031.910654	2.9293055074188618e-01
21128.387308	2.9273729586186448e-01
21224.863962	2.9271839160972318e-01
21321.340617	2.9266914139879779e-01
21417.817271	2.9267214785212586e-01
21514.293926	2.9265915990559466e-01
21610.770580	2.9263154209082326e-01
21707.247234	2.9257026358651977e-01
21803.723889	2.9251635616538829e-01
21900.200543	2.9227246208037233e-01
21996.677197	2.9204056181934412e-01
22093.153852	2.9200469090180559e-01
22189.630506	2.9199896760054317e-01
22286.107161	2.9199030207078702e-01
22382.583815	2.9164527806720841e-01
22479.060469	2.9147443630194347e-01
22575.537124	2.9093238638013613e-01
22672.013778	2.9090064002265592e-01
22768.490432	2.9082656044552807e-01
22864.967087	2.9076698385275107e-01
22961.443741	2.9065138485720166e-01
23057.920396	2.9057524556529057e-01
23154.397050	2.9048512572281193e-01
23250.873704	2.8987654576696187e-01
23347.350359	2.8977834309128619e-01
23443.827013	2.8964309462003623e-01
23540.303667	2.8960033253658807e-01
23636.780322	2.8955787993774984e-01
23733.256976	2.8945367354429541e-01
23829.733631	2.8943774449029636e-01
23926.210285	2.8942267182943660e-01
24022.686939	2.8929928132012489e-01
24119.163594	2.8914794950210088e-01
24215.640248	2.8909935624846556e-01
24312.116902	2.8904784832735592e-01
24408.593557	2.8903017657311986e-01
24505.070211	2.8888586671609340e-01
24601.546866	2.8886418681674952e-01
24698.023520	2.8883284466937886e-01
24794.500174	2.8880039863427165e-01
24890.976829	2.8874341160548872e-01
24987.453483	2.8863596798769531e-01
25083.930137	2.8851296119393111e-01
25180.406792	2.8848719924041349e-01
25276.883446	2.8839594529447443e-01
25373.360101	2.8831727303719545e-01
25469.836755	2.8830130410380689e-01
25566.313409	2.8782604254131849e-01
25662.790064	2.8774389465657668e-01
25759.266718	2.8770584534359295e-01
25855.743372	2.8762570971277629e-01
25952.220027	2.8742169115351046e-01
26048.696681	2.8731014995523702e-01
26145.173336	2.8730731323795189e-01
26241.649990	2.8716221361601540e-01
26338.126644	2.8714612511026649e-01
26434.603299	2.8697835169386054e-01
26531.079953	2.8690856982187529e-01
26627.556607	2.8685949024314483e-01
26724.033262	2.8681006953679750e-01
26820.509916	2.8678269244467214e-01
26916.986571	2.8673213026914462e-01
27013.463225	2.8613427940115410e-01
27109.939879	2.8609894582975731e-01
27206.416534	2.8571185416506084e-01
27302.893188	2.8568527526289406e-01
27399.369842	2.8565640384075663e-01
27495.846497	2.8564239107108985e-01
27592.323151	2.8560223317921185e-01
27688.799806	2.8546259029641757e-01
27785.276460	2.8543465802162105e-01
27881.753114	2.8537702999848868e-01
27978.229769	2.8508826474283361e-01
28074.706423	2.8497577084080300e-01
28171.183077	2.8480718800555316e-01
28267.659732	2.8472957624316808e-01
28364.136386	2.8466910805311896e-01
28460.613041	2.8464964565251721e-01
28557.089695	2.8460703088333750e-01
28653.566349	2.8448211861589096e-01
28750.043004	2.8430568504380138e-01
28846.519658	2.8425685675001838e-01
28942.996312	2.8402626083248855e-01
29039.472967	2.8397007309499572e-01
29135.949621	2.8382133382811364e-01
29232.426276	2.8354397941450082e-01
29328.902930	2.8349633821537729e-01
29425.379584	2.8326568977365296e-01
29521.856239	2.8285897913176627e-01
29618.332893	2.8250547354026406e-01
29714.809547	2.8244035757949304e-01
29811.286202	2.8239265016786885e-01
29907.762856	2.8224932178686829e-01
30004.239511	2.8221289219067158e-01
30100.716165	2.8199642190064855e-01
30197.192819	2.8193473647962103e-01
30293.669474	2.8171682261937536e-01
30390.146128	2.8163428807362373e-01
30486.622782	2.8162581084219135e-01
30583.099437	2.8149077702161945e-01
30679.576091	2.8097166019781450e-01
30776.052746	2.8077481516748382e-01
30872.529400	2.8074984746249859e-01
30969.006054	2.8067290854633131e-01
31065.482709	2.8064196873793923e-01
31161.959363	2.8028739788269397e-01
31258.436017	2.8015816076771927e-01
31354.912672	2.8012374088842978e-01
31451.389326	2.8002810336692791e-01
31547.865981	2.7999440036724721e-01
31644.342635	2.7985946138104756e-01
31740.819289	2.7981888003581656e-01
31837.295944	2.7926415332508325e-01
31933.772598	2.7903489870286080e-01
32030.249252	2.7852721857851787e-01
32126.725907	2.7821146818972575e-01
32223.202561	2.7770138763586444e-01
32319.679215	2.7740774688307879e-01
32416.155870	2.7726445562188895e-01
32512.632524	2.7707192384496587e-01
32609.109179	2.7679262121907749e-01
32705.585833	2.7667529911278410e-01
32802.062487	2.7632963308075648e-01
32898.539142	2.7618722272519952e-01
32995.015796	2.7613847975069822e-01
33091.492450	2.7609604463130100e-01
33187.969105	2.7579600646951130e-01
33284.445759	2.7579050170099118e-01
33380.922414	2.7566803895002262e-01
33477.399068	2.7496904978334752e-01
33573.875722	2.7453188071275669e-01
33670.352377	2.7413900375501660e-01
33766.829031	2.7394096640714405e-01
33863.305685	2.7391472265889272e-01
33959.782340	2.7296601476761329e-01
34056.258994	2.7243680096947515e-01
34152.735649	2.7201160371616295e-01
34249.212303	2.7189975337158512e-01
34345.688957	2.7132310976034746e-01
34442.165612	2.7109912244992157e-01
34538.642266	2.7068219129582277e-01
34635.118920	2.7048779371284959e-01
34731.595575	2.6912139867273865e-01
34828.072229	2.6905238612902221e-01
34924.548884	2.6903230083973223e-01
35021.025538	2.6888359499618891e-01
35117.502192	2.6862488228193981e-01
35213.978847	2.6856720532720924e-01
35310.455501	2.6788252100478060e-01
35406.932155	2.6771757948905456e-01
35503.408810	2.6719187797116867e-01
35599.885464	2.6624282311519881e-01
35696.362119	2.6609305944783435e-01
35792.838773	2.6582975283285504e-01
35889.315427	2.6566329791101179e-01
35985.792082	2.6466601533871453e-01
36082.268736	2.6408931157460569e-01
36178.745390	2.6383180553888874e-01
36275.222045	2.6358104995480175e-01
36371.698699	2.6248579434291808e-01
36468.175354	2.6228421097956778e-01
36564.652008	2.6226457543137399e-01
36661.128662	2.6222827132536891e-01
36757.605317	2.6195537155306059e-01
36854.081971	2.6181582386328456e-01
36950.558625	2.6146614657687178e-01
37047.035280	2.6116963265872012e-01
37143.511934	2.5950786639262857e-01
37239.988589	2.5909542443584938e-01
37336.465243	2.5904790210752499e-01
37432.941897	2.5897276449353529e-01
37529.418552	2.5793042933421706e-01
37625.895206	2.5772939372830739e-01
37722.371860	2.5739096295317315e-01
37818.848515	2.5727003617341704e-01
37915.325169	2.5655327636744041e-01
38011.801824	2.5637758542804212e-01
38108.278478	2.5542162164473975e-01
38204.755132	2.5502473331313680e-01
38301.231787	2.5501323540470072e-01
38397.708441	2.5470459327787781e-01
38494.185095	2.5392097257183571e-01
38590.661750	2.5369421282595495e-01
38687.138404	2.5356397017170018e-01
38783.615059	2.5315269511260308e-01
38880.091713	2.5241861039597885e-01
38976.568367	2.5133218905895699e-01
39073.045022	2.5014703746867706e-01
39169.521676	2.5008678024237474e-01
39265.998330	2.4980799758651639e-01
39362.474985	2.4878853722222358e-01
39458.951639	2.4569788100368986e-01
39555.428294	2.4365924925456350e-01
39651.904948	2.4363356182484097e-01
39748.381602	2.4132385982045976e-01
39844.858257	2.4069949467248605e-01
39941.334911	2.4054298259426385e-01
40037.811565	2.4026676323882887e-01
40134.288220	2.3921168857517289e-01
40230.764874	2.3875520737600511e-01
40327.241529	2.3681761685558403e-01
40423.718183	2.3674962806349628e-01
40520.194837	2.3662494885762592e-01
40616.671492	2.3578147602507021e-01
40713.148146	2.3563178396990470e-01
40809.624800	2.3436170399940490e-01
40906.101455	2.3385477493191417e-01
41002.578109	2.3332780045849566e-01
41099.054764	2.3330201364643061e-01
41195.531418	2.3313130689751627e-01
41292.008072	2.3249846431085114e-01
41388.484727	2.3195358016000522e-01
41484.961381	2.3179415665697520e-01
41581.438035	2.3092955929596923e-01
41677.914690	2.3020091798092213e-01
41774.391344	2.2989199619047734e-01
41870.867999	2.2930953939537635e-01
41967.344653	2.2884252809231492e-01
42063.821307	2.2776880793203833e-01
42160.297962	2.2729768898753344e-01
42256.774616	2.2513458992055069e-01
42353.251270	2.2445435909513939e-01
42449.727925	2.2433263102155820e-01
42546.204579	2.2374424466068318e-01
42642.681234	2.2362667377996587e-01
42739.157888	2.2346352164661401e-01
42835.634542	2.2271004490764221e-01
42932.111197	2.2264658438736659e-01
43028.587851	2.2173863178370315e-01
43125.064505	2.2170903320349977e-01
43221.541160	2.1964233978397393e-01
43318.017814	2.1680298048231772e-01
43414.494469	2.1638465201048535e-01
43510.971123	2.1606693346033426e-01
43607.447777	2.1416915337298931e-01
43703.924432	2.1313178335094607e-01
43800.401086	2.1102443907282784e-01
43896.877740	2.1063224348833173e-01
43993.354395	2.1054343082808730e-01
44089.831049	2.1028443401692196e-01
44186.307704	2.0889857904579634e-01
44282.784358	2.0848210110758761e-01
44379.261012	2.0648289897498037e-01
44475.737667	2.0633836325670923e-01
44572.214321	2.0542789544344234e-01
44668.690975	2.0525802974259733e-01
44765.167630	2.0310420215089597e-01
44861.644284	2.0119271846059994e-01
44958.120939	2.0061381690616437e-01
45054.597593	2.0033560053933563e-01
45151.074247	2.0028562703296021e-01
45247.550902	1.9317798008482218e-01
45344.027556	1.8951396717429370e-01
45440.504210	1.8880428989234949e-01
45536.980865	1.8843036687282144e-01
45633.457519	1.8800075335655697e-01
45729.934174	1.8739618736724328e-01
45826.410828	1.8689324697850898e-01
45922.887482	1.8656057124888392e-01
46019.364137	1.8632255476699083e-01
46115.840791	1.8625779450367208e-01
46212.317445	1.8600603105249289e-01
46308.794100	1.8238354851926142e-01
46405.270754	1.8164600202132652e-01
46501.747409	1.8129693259950083e-01
46598.224063	1.8121811447940961e-01
46694.700717	1.7827129893864521e-01
46791.177372	1.7363021953448643e-01
46887.654026	1.7349169173171369e-01
46984.130680	1.7064529405828277e-01
47080.607335	1.6970796750623043e-01
47177.083989	1.6967735781373167e-01
47273.560644	1.6886397310635221e-01
47370.037298	1.6882631102095394e-01
47466.513952	1.6873586925145520e-01
47562.990607	1.6772815671763983e-01
47659.467261	1.6682407324791351e-01
47755.943915	1.6678544340035170e-01
47852.420570	1.6605716441681864e-01
47948.897224	1.6475910025498369e-01
48045.373879	1.5845977135699130e-01
48141.850533	1.5591309309662940e-01
48238.327187	1.5466824150291936e-01
48334.803842	1.5343091491884317e-01
48431.280496	1.5319889378846688e-01
48527.757150	1.5306792278745909e-01
48624.233805	1.5250390539871425e-01
48720.710459	1.5240393027072199e-01
48817.187114	1.5225253424356525e-01
48913.663768	1.5206207983307105e-01
49010.140422	1.5170894188096937e-01
49106.617077	1.5134164974408024e-01
49203.093731	1.4702104004599195e-01
49299.570385	1.3880247535758189e-01
49396.047040	1.3459079913228802e-01
49492.523694	1.3027556444108104e-01
49589.000349	1.2622890092704320e-01
49685.477003	1.2572114194365602e-01
49781.953657	1.2560181679089105e-01
49878.430312	1.2287740496965405e-01
49974.906966	1.1791215277960133e-01
50071.383620	1.1685847226396968e-01
50167.860275	1.1510407001791202e-01
50264.336929	1.1391673099783194e-01
50360.813584	1.0967585056848299e-01
50457.290238	1.0465326497195961e-01
50553.766892	1.0324823817328148e-01
50650.243547	1.0252350807883451e-01
50746.720201	1.0113747297113569e-01
50843.196855	9.9586962652880098e-02
50939.673510	9.5721974371691027e-02
51036.150164	9.2061057185081688e-02
51132.626819	9.1284189523889600e-02
51229.103473	8.4707510271265496e-02
51325.580127	8.3797342439426048e-02
51422.056782	8.2001910974295517e-02
51518.533436	7.8418393886771728e-02
51615.010090	7.6067724210839946e-02
51711.486745	7.4423688772855934e-02
51807.963399	7.1444143291854001e-02
51904.440054	6.9306503055303531e-02
52000.916708	6.6834358223862439e-02
52097.393362	6.6730978924852316e-02
52193.870017	6.6492328619338514e-02
52290.346671	6.5283668738710790e-02
52386.823325	5.8688535295795430e-02
52483.299980	5.3155861546346203e-02
52579.776634	4.1071054409029195e-02
52676.253289	3.7004682536700841e-02
52772.729943	3.0772362058249042e-02
52869.206597	2.8991084777904973e-02
52965.683252	2.6502098258229842e-02
53062.159906	2.3355031729385498e-02
53158.636560	2.0722353359055905e-02
53255.113215	2.0486032223186505e-02
53351.589869	1.5153308729618406e-02
53448.066524	1.0520411131960672e-02
53544.543178	6.4006475245460149e-03
53641.019832	6.3716224873885674e-03
53737.496487	5.7015382962226739e-03
53833.973141	3.9421193771722214e-03
